0	5e+05	-0.00985951226431604	0.0482672293836945	0.0309590408816504
5e+05	1e+06	-0.00985951085687943	0.0482672294489749	0.0309590398857572
1e+06	1500000	-0.00985951165416399	0.0482672288945399	0.030959039500874
1500000	2e+06	-0.00985951147468282	0.0482672313884109	0.0309590384144339
2e+06	2500000	-0.00985951183523561	0.0482672312251176	0.030959041003204
2500000	3e+06	2.02172766465736	1.12355086772845	6.47411546791992
3e+06	3500000	-0.00941983433822387	0.0477085170407138	0.0281274212126179
3500000	4e+06	-0.016358827683008	0.054376705681707	0.0466535074723915
4e+06	4500000	-0.0176245554817336	0.0543715825389734	0.0402273048448575
4500000	5e+06	-0.0116182198971384	0.0505020851864314	0.0422855192685195
5e+06	5500000	-2.05414549822167	-1.016537100147	-6.40592179982958
5500000	6e+06	0.0396994392975487	0.0268304380995564	0.0619960565140429
6e+06	6500000	-0.0116182202727046	0.0505020855035381	0.0422855194577957
6500000	7e+06	-0.0116182197007222	0.0505020850352997	0.0422855185816577
7e+06	7500000	0.155994003833083	-0.033335524073833	0.05121961580115
7500000	8e+06	-0.0116181235993579	0.0505018722282954	0.0422854680115538
8e+06	8500000	-0.346840833370429	0.164885235826232	0.25360427821153
8500000	9e+06	-0.0289195018755146	0.0671231448478075	0.0513163927489319
9e+06	9500000	-9.32086372285701e-05	0.0358704019206092	0.0340574451371848
9500000	1e+07	-0.047496594403845	-0.281684925214633	-0.0882184015693027
1e+07	10500000	0.357556612740152	0.428841490365885	0.91458874111078
10500000	1.1e+07	-0.236175375512162	0.17213928211403	0.221778269849067
1.1e+07	11500000	-0.119492818656546	0.157775098048174	0.143349869230774
11500000	1.2e+07	0.103267646731072	0.225568581853195	-0.190996608667805
1.2e+07	12500000	0.0510626856259561	-0.13815242384944	0.26382578863696
12500000	1.3e+07	-0.243862327221014	0.217604757772877	-0.266845790109671
1.3e+07	13500000	0.257797468777971	0.288445450737552	0.0172859961115662
13500000	1.4e+07	-0.0111634796323973	0.0351714692360512	-0.213499699281842
1.4e+07	14500000	0.00330106781187908	0.211311407218946	0.279126653722387
14500000	1.5e+07	-0.0102867372073433	0.0501741830089637	0.0440998298480959
1.5e+07	15500000	-0.107716889416142	-0.779469910431143	-0.848229652886904
15500000	1.6e+07	-0.0131091559335587	0.0507048151240628	0.0401010647779153
1.6e+07	16500000	-0.00565447527524434	0.0496911635097916	0.0510233347880356
16500000	1.7e+07	-0.00565570113548053	0.0496922223102657	0.0510238101073725
1.7e+07	17500000	-0.00565447526018227	0.049691163543963	0.0510233338793595
17500000	1.8e+07	-0.0056544745555773	0.0496911642048044	0.05102333365822
1.8e+07	18500000	-0.00565445957890472	0.0496911508113961	0.0510233290281085
18500000	1.9e+07	-0.00565447280352263	0.0496911706169241	0.051023337271917
1.9e+07	19500000	-0.00565447776198505	0.0496911639040524	0.0510233374532929
19500000	2e+07	-0.00565449182517647	0.049691171388643	0.0510233316691535
2e+07	20500000	-0.0056544721805711	0.0496911656680035	0.0510233327406875
20500000	2.1e+07	-0.00565447426401085	0.0496911644745807	0.0510233352117783
2.1e+07	21500000	-0.00565447713201314	0.0496911638037518	0.0510233384110419
21500000	2.2e+07	-0.00565447446740175	0.0496911636578545	0.0510233355212119
2.2e+07	22500000	-0.00565447661229389	0.0496911636290557	0.0510233335525747
22500000	2.3e+07	-0.00565447445379321	0.0496911639704738	0.051023334352739
2.3e+07	23500000	-0.00565447466023555	0.0496911639543311	0.0510233343493114
23500000	2.4e+07	-0.005654475195458	0.049691164379056	0.0510233343080602
2.4e+07	24500000	-0.00565447456250276	0.049691164799	0.0510233346536922
24500000	2.5e+07	-0.00565447424258306	0.0496911651996332	0.0510233347613602
2.5e+07	25500000	-0.00565448143529219	0.0496911710030637	0.0510233598136434
25500000	2.6e+07	-0.00565447418377782	0.0496911653802955	0.051023334555165
2.6e+07	26500000	-0.00565447487206947	0.0496911656937935	0.0510233348536408
26500000	2.7e+07	-0.0056544746262056	0.0496911646575913	0.0510233332387904
2.7e+07	27500000	-0.00565447400005994	0.0496911646156032	0.0510233337929163
27500000	2.8e+07	-0.00565447321868978	0.0496911661407103	0.0510233329514909
2.8e+07	28500000	-0.00565447246485973	0.0496911631701602	0.0510233441983481
28500000	2.9e+07	-0.0056544779653608	0.0496911629212554	0.0510233360340272
2.9e+07	29500000	-0.00565446818036683	0.049691169882721	0.0510233316373202
29500000	3e+07	-0.00565447579233244	0.0496911574084329	0.0510233315346528
3e+07	30500000	-0.00565447916340664	0.0496911678371873	0.0510233403225037
30500000	3.1e+07	-0.00565447450278469	0.0496911646645087	0.0510233354821002
3.1e+07	31500000	-0.00565447449383516	0.0496911654186235	0.0510233349272002
31500000	3.2e+07	-0.00565447404687795	0.049691165008597	0.0510233350920725
3.2e+07	32500000	-0.00565447411297813	0.0496911652098282	0.0510233361093019
32500000	3.3e+07	0.168277641714903	-0.117376811607624	-0.257771162743658
3.3e+07	33500000	-0.00565447412459214	0.0496911652336585	0.0510233359000192
33500000	3.4e+07	-0.00565447452806362	0.0496911648090667	0.0510233358065741
3.4e+07	34500000	-1.167483561822	-0.23559981317068	0.11582297904245
34500000	3.5e+07	0.285238080399701	0.183817942606579	0.0501727744764478
3.5e+07	35500000	0.935434827072711	0.114341328349039	1.07179175573789
35500000	3.6e+07	-0.3590261145926	0.513918192407324	-0.75135793114462
3.6e+07	36500000	-0.0300476277361819	-0.280548095119442	0.870992955120135
36500000	3.7e+07	0.146956441379678	-0.472029162936354	0.228149353336184
3.7e+07	37500000	0.682453090025254	-1.53723350655933	1.71260156851354
37500000	3.8e+07	0.498939476028238	-0.547304839757631	-0.193664135255405
3.8e+07	38500000	-0.00565447464223411	0.049691164876273	0.0510233357561727
38500000	3.9e+07	-0.0071832260549188	0.0490141614414276	0.0507709356672463
3.9e+07	39500000	0.464413227714963	0.113383883666331	-0.0239449798582414
39500000	4e+07	-0.990009219919884	0.41019222059089	0.513589253852677
4e+07	40500000	-0.00661111766296011	0.0492841575738064	0.0508843818435968
40500000	4.1e+07	-0.0498142968861489	-0.746305012335976	-0.293580581963179
4.1e+07	41500000	0.245036072970946	0.532142813511609	-0.354277520601396
41500000	4.2e+07	-1.41993786454853	0.641625169985729	-1.93825152169947
4.2e+07	42500000	-0.0685762025093739	0.521772552519911	0.242140257181851
42500000	4.3e+07	-0.00674684660491017	0.0510584172889473	0.0531582787373188
4.3e+07	43500000	-0.00836016134672986	0.0317625688839755	0.0309461527714968
43500000	4.4e+07	1.11738681563359	0.156884038917952	0.0818786583183218
4.4e+07	44500000	0.0213140859668596	-1.03543442743172	0.161725803207316
44500000	4.5e+07	-0.00816813435537086	0.0337128859702111	0.0330517069629304
4.5e+07	45500000	-0.00805088184859674	0.0338607421234494	0.0328409541229954
45500000	4.6e+07	-0.00816807121370817	0.0337128880898753	0.0330517364920158
4.6e+07	46500000	-0.00816810843407987	0.0337128568008132	0.033051768181331
46500000	4.7e+07	-0.00826426031571561	0.0336900349127167	0.0329978249297643
4.7e+07	47500000	-0.00819259373125452	0.0336775018079986	0.0329540282881211
47500000	4.8e+07	-0.00892047564276097	0.0334847920871384	0.0321842691266191
4.8e+07	48500000	-0.00818239165921527	0.0335353058653071	0.0328966110956824
48500000	4.9e+07	-0.0081271217282681	0.0336602006545345	0.0330830854713289
4.9e+07	49500000	-0.00820956080361116	0.0337636911379012	0.0330107961922195
49500000	5e+07	-0.00217582694153147	0.0333666729352495	0.0231896616907908
5e+07	50500000	0.0578108113806625	-0.238227162537102	-0.279550952683217
50500000	5.1e+07	0.104243121860162	0.136228230470079	-0.271574202029989
5.1e+07	51500000	0.0733232949450202	0.34915391742569	0.0723336310622631
51500000	5.2e+07	-0.411439395259059	0.552949640293087	0.129209592656859
5.2e+07	52500000	-0.0033570668528409	0.0334480216491434	0.0251716939096609
52500000	5.3e+07	-0.00299883712725883	0.0338309772186723	0.0249606501496302
5.3e+07	53500000	-0.00342155382234261	0.0338891821027719	0.0249826590674154
53500000	5.4e+07	-0.00344675937456373	0.0333844931499841	0.0251219717445047
5.4e+07	54500000	-0.00459649011483469	0.0317585306312706	0.0256888077516964
54500000	5.5e+07	0.14183687398278	0.232484899139687	-0.106492218518715
5.5e+07	55500000	-0.0871904884368511	0.198723570460185	-0.260329197342283
55500000	5.6e+07	-0.398832861030674	0.712172510278036	0.856596503772452
5.6e+07	56500000	-0.179620469233361	0.468432484806911	0.151961298041085
56500000	5.7e+07	-0.0262960842972834	0.414736841330774	-0.108416229339731
5.7e+07	57500000	0.0966043616626104	0.0931920972408963	-0.333464845410414
57500000	5.8e+07	-0.00436581882136533	0.0320843200839	0.0255757715947359
5.8e+07	58500000	-0.00436582509361996	0.0320843189196645	0.0255757625746628
58500000	5.9e+07	-0.00436582453069776	0.0320843192175528	0.0255757624689257
5.9e+07	59500000	-0.00436582454217487	0.0320843191024256	0.0255757617431278
59500000	6e+07	-0.0043658248926374	0.0320843190750682	0.0255757625159557
6e+07	60500000	-0.0043658253179993	0.0320843185138968	0.0255757625021862
60500000	6.1e+07	-0.00436582624707124	0.0320843197300135	0.0255757624331744
6.1e+07	61500000	-0.00436582586081587	0.0320843197698956	0.0255757623387032
61500000	6.2e+07	-0.00436582585515162	0.0320843192123081	0.0255757623414275
6.2e+07	62500000	-0.00436582585270779	0.0320843193503758	0.0255757625827698
62500000	6.3e+07	-0.00436581589520646	0.0320843180356557	0.0255757808379724
6.3e+07	63500000	-0.00436583007191608	0.032084320946691	0.0255757434181795
63500000	6.4e+07	-0.00436582755628934	0.0320843166520304	0.0255757618539502
6.4e+07	64500000	-0.00436582338970372	0.0320843253174145	0.0255757591375447
64500000	6.5e+07	-0.00436582438686266	0.0320843131747806	0.0255757640786379
6.5e+07	65500000	-0.0043658258511976	0.0320843200836766	0.0255757623023846
65500000	6.6e+07	-0.0012180229615177	-0.00339379540253361	-0.00797840928904866
6.6e+07	66500000	-0.0650605192640084	-0.152283764222054	-0.0822199912890112
66500000	6.7e+07	-0.00436582573560682	0.0320843198557172	0.0255757622059551
6.7e+07	67500000	0.0531814183631708	0.25193023785538	0.166925196167363
67500000	6.8e+07	-0.00436239341120862	0.0320957586638315	0.0256046339794975
6.8e+07	68500000	-0.00437955537679558	0.0320385646665892	0.0254602769862113
68500000	6.9e+07	-0.00439847905582162	0.0319827798158626	0.0253183680997505
6.9e+07	69500000	-0.00437955599203952	0.0320385654228849	0.0254602760510498
69500000	7e+07	-0.004379554848779	0.0320385656470119	0.0254602759700631
7e+07	70500000	-0.00437955536464201	0.0320385658120601	0.0254602756964106
70500000	7.1e+07	-0.00437955435531136	0.0320385652594186	0.0254602747762951
7.1e+07	71500000	-0.00437955517992376	0.0320385650959293	0.0254602735000456
71500000	7.2e+07	-0.00437955681054767	0.0320385651365058	0.0254602751388613
7.2e+07	72500000	-0.00437955409381157	0.0320385654077603	0.0254602752304477
72500000	7.3e+07	-0.00437955310612902	0.0320385727417333	0.0254602769239019
7.3e+07	73500000	0.311697825645373	-0.559338926602894	-1.26742639716318
73500000	7.4e+07	-0.00437955354264306	0.0320385715185981	0.0254602757451963
7.4e+07	74500000	-0.00437955292082463	0.0320385723855941	0.0254602797558117
74500000	7.5e+07	0.168949311427287	-0.0488192139941573	-0.426226939817997
7.5e+07	75500000	-0.0825836308425487	-0.143986894380679	-0.957564644623317
75500000	7.6e+07	-0.0043793124649185	0.0320389529647008	0.0254502225837078
7.6e+07	76500000	-0.00389797657925029	0.0243696458778239	0.0189466244545677
76500000	7.7e+07	-0.226800741858741	0.0868286432104593	-0.413447677227704
7.7e+07	77500000	0.0987693942165808	0.135571766283253	0.358575032622555
77500000	7.8e+07	-0.00397659673400433	0.0259151127115229	0.0202521355308693
7.8e+07	78500000	-0.00415091710973363	0.0257961794959356	0.0203043038622493
78500000	7.9e+07	0.0999622900728044	-0.251760854593099	0.231323739244158
7.9e+07	79500000	-0.00439821588457769	0.0277885324962776	0.0220415477995312
79500000	8e+07	-2.04177510536672	1.15763375878259	2.46566021507632
8e+07	80500000	0.00709012691107547	0.0507597418936264	0.0180860439742906
80500000	8.1e+07	0.0555613879316759	-1.14413679563948	-0.262423207826928
8.1e+07	81500000	-0.351735641334359	-0.113065230288914	0.0571526238141628
81500000	8.2e+07	-0.099481233464495	-0.0375030852672608	0.728028540431795
8.2e+07	82500000	0.154835324379193	0.0769076034944321	0.0592030422171633
82500000	8.3e+07	-0.40690348900977	-0.293428171836844	-8.57535995139377e-05
8.3e+07	83500000	2.22696068823561	1.14052373872266	-0.845952116819553
83500000	8.4e+07	-0.0041339197407329	0.0258079431053677	0.0202990744852605
8.4e+07	84500000	0.43571207452248	0.484685506144557	0.128752165871232
84500000	8.5e+07	-0.41681247315651	-0.109627194101038	0.465987490443457
8.5e+07	85500000	-0.00413394933871155	0.025807977041644	0.0202991271395619
85500000	8.6e+07	-0.0041339045261857	0.0258080460674203	0.0202991766838276
8.6e+07	86500000	-0.00413391734049876	0.025807972344383	0.0202991569728339
86500000	8.7e+07	-0.00413389093695942	0.0258080068898845	0.0202991862490779
8.7e+07	87500000	-0.00413388395750579	0.0258079662366689	0.0202992060115798
87500000	8.8e+07	-0.00353217072835674	0.0263840388546122	0.0209147454115348
8.8e+07	88500000	-0.00413804471498915	0.0258206895698001	0.0202963712526886
