0	5e+05	-0.850455563050894	0.256367419107712	0.491533921794361
5e+05	1e+06	-0.828393850807586	0.242659109538251	0.477941092954359
1e+06	1500000	-0.813946456049	0.223264166705583	0.434540507613897
1500000	2e+06	-0.809741930689546	0.219747775077472	0.436935079634762
2e+06	2500000	-0.849805264767297	0.229514946687216	0.424068287740505
2500000	3e+06	-0.844878158982756	0.229835137556849	0.417028244852292
3e+06	3500000	-0.854601786067355	0.232452345988813	0.409608617411399
3500000	4e+06	-0.806525428946384	0.222628715700362	0.41933708647629
4e+06	4500000	-0.820999894933905	0.223379967116254	0.417817902274863
4500000	5e+06	-0.804909492618325	0.224080396256522	0.434925544612848
5e+06	5500000	-0.837233873894111	0.22435444547365	0.418229494635391
5500000	6e+06	-0.835782672144625	0.220424667245258	0.415281608116864
6e+06	6500000	-0.859489470252575	0.204754703224835	0.38849285622235
6500000	7e+06	-0.852539164184286	0.208978865925551	0.397678396330851
7e+06	7500000	-0.830586745507242	0.200370586195347	0.397928916862265
7500000	8e+06	-0.81160067911773	0.219469390575831	0.416362583597808
8e+06	8500000	-0.806923310071276	0.206625507996347	0.410444915004668
8500000	9e+06	-0.826573300925436	0.197995535223651	0.401581838040087
9e+06	9500000	-0.821313698142771	0.197256791293378	0.381314720198239
9500000	1e+07	-0.826896990215674	0.198358069504495	0.375569217485395
1e+07	10500000	-0.817078304103482	0.216853037765122	0.382055484938252
10500000	1.1e+07	-0.824460324665951	0.20632396352327	0.405037531196051
1.1e+07	11500000	-0.821320604116315	0.208643155226202	0.40091178679305
11500000	1.2e+07	-0.829900459169393	0.194416519126624	0.395404546217718
1.2e+07	12500000	-0.830314752254471	0.219288810371004	0.360655575403769
12500000	1.3e+07	-0.830034245983241	0.223698240370972	0.363549217971443
1.3e+07	13500000	-0.820223135572527	0.242251372351163	0.36025457117289
13500000	1.4e+07	-0.834525258462264	0.214841610251253	0.377370139948098
1.4e+07	14500000	-0.819812150571034	0.230564581840558	0.367938300527589
14500000	1.5e+07	-0.825102179126986	0.224692384786764	0.37298769332622
1.5e+07	15500000	-0.82301783403866	0.228858149190184	0.370679786177872
15500000	1.6e+07	-0.824106486242811	0.215991465242275	0.364764516928636
1.6e+07	16500000	-0.83186711330489	0.216397943915892	0.359157955219307
16500000	1.7e+07	-0.829835509145931	0.221589044778817	0.360553967121741
1.7e+07	17500000	-0.847464231792979	0.218720166464151	0.367796905017547
17500000	1.8e+07	-0.827228130691077	0.222319405764801	0.35691678256835
1.8e+07	18500000	-0.814410714039528	0.223800457554676	0.344382743988861
18500000	1.9e+07	-0.791296688135815	0.236430613082961	0.335467616960545
1.9e+07	19500000	-0.805467786154525	0.230245014224014	0.330667871791844
19500000	2e+07	-0.806999419618753	0.225066025563395	0.312879788695886
2e+07	20500000	-0.818016302657486	0.210807126847351	0.321978603453079
20500000	2.1e+07	-0.826712924416834	0.208753290334911	0.318060111131236
2.1e+07	21500000	-0.812548880574201	0.219588836353551	0.318663045970473
21500000	2.2e+07	-0.82553826130358	0.220600265065981	0.296165335889426
2.2e+07	22500000	-0.821248312247491	0.226293042408813	0.297904174664478
22500000	2.3e+07	-0.839779411557755	0.221878634965658	0.304465654851889
2.3e+07	23500000	-0.820635379180322	0.239501284739069	0.308900863957552
23500000	2.4e+07	-0.809345309953595	0.23774020613302	0.304602802776389
2.4e+07	24500000	-0.802564403942963	0.22707306487212	0.290563941238511
24500000	2.5e+07	-0.817244889544434	0.228135920086348	0.283871144398226
2.5e+07	25500000	-0.818594197638807	0.214973871320025	0.281041475465028
25500000	2.6e+07	-0.822406770054678	0.234461691086496	0.277751516506046
2.6e+07	26500000	-0.818885619826931	0.205276821651647	0.276969471509709
26500000	2.7e+07	-0.820520538588703	0.224207090539015	0.273549021967459
2.7e+07	27500000	-0.815270114414005	0.229313478759966	0.274071914266432
27500000	2.8e+07	-0.816710996895279	0.244468671010665	0.26838581165568
2.8e+07	28500000	-0.81040225422809	0.225244040816589	0.265377563181184
28500000	2.9e+07	-0.794608881030306	0.215137486760401	0.271734035984238
2.9e+07	29500000	-0.800932168374947	0.201781352062854	0.268931494218378
29500000	3e+07	-0.778875718507677	0.227834391938138	0.275365886330112
3e+07	30500000	-0.786505844283227	0.227161880796173	0.26682578101787
30500000	3.1e+07	-0.779604683682218	0.239260726594653	0.262365537112813
3.1e+07	31500000	-0.785275329487095	0.239746770998313	0.258853038313381
31500000	3.2e+07	-0.783003097067357	0.219967191018184	0.249759669005283
3.2e+07	32500000	-0.771070656854486	0.217804537078324	0.252624803445204
32500000	3.3e+07	-0.774634873116168	0.222317674780446	0.253888193825269
3.3e+07	33500000	-0.771728342150419	0.230404692304054	0.266066981777641
33500000	3.4e+07	-0.756305725701124	0.225178138416898	0.268893857850572
3.4e+07	34500000	-0.766903008810359	0.196196381041422	0.246933184282825
34500000	3.5e+07	-0.764311482192893	0.20411074586862	0.245434909695795
3.5e+07	35500000	-0.774470588806896	0.205802201598368	0.232471464733428
35500000	3.6e+07	-0.767130705823067	0.230471060801831	0.238560185668867
3.6e+07	36500000	-0.762747423230135	0.223403333110288	0.232621057368766
36500000	3.7e+07	-0.746786078258345	0.21855519868926	0.246419626538533
3.7e+07	37500000	-0.743537414659388	0.207000076645724	0.241377012576845
37500000	3.8e+07	-0.746170905409422	0.204923574348108	0.228420532811591
3.8e+07	38500000	-0.752815273778321	0.213130547218294	0.216926857770276
38500000	3.9e+07	-0.730288560187776	0.2050374419255	0.225759167514355
3.9e+07	39500000	-0.733367471692648	0.207336276635838	0.224605715079671
39500000	4e+07	-0.722857192983511	0.204459744802434	0.224986412119643
4e+07	40500000	-0.717340518148442	0.20056589291921	0.216015430883821
40500000	4.1e+07	-0.696054554126894	0.189739933122674	0.224613990619233
4.1e+07	41500000	-0.694121669072233	0.178605623160785	0.22213891658008
41500000	4.2e+07	-0.706539011893929	0.189596279903361	0.216555041381617
4.2e+07	42500000	-0.71058693884581	0.186437671293585	0.212683435295433
42500000	4.3e+07	-0.709148589018793	0.191687222982356	0.20248674743685
4.3e+07	43500000	-0.698953063432737	0.181554151649961	0.209442042353308
43500000	4.4e+07	-0.693871906747801	0.185775809223775	0.226118088114895
4.4e+07	44500000	-0.687967793085984	0.187089306295684	0.235043532260065
44500000	4.5e+07	-0.696533247996544	0.166992772149509	0.228640635141738
4.5e+07	45500000	-0.698308450431968	0.160021478763853	0.205638546168853
45500000	4.6e+07	-0.698985399047118	0.154253240295245	0.19516918463421
4.6e+07	46500000	-0.689397452382986	0.165958574405134	0.204263376326778
46500000	4.7e+07	-0.590157724059648	0.0956351460469796	0.212346697038629
4.7e+07	47500000	-0.467957270287586	0.0201864087649271	0.209801640885477
47500000	4.8e+07	-0.399152099819628	-0.0449001934615086	0.19518168331047
4.8e+07	48500000	-0.397485343514317	-0.0488168116114506	0.19168251179948
48500000	4.9e+07	-0.404630216121743	-0.0536486173486406	0.206216432781994
4.9e+07	49500000	-0.375561810459905	-0.0618786522217204	0.216767503612213
49500000	5e+07	-0.384825153401354	-0.0555163092221696	0.222003327222625
5e+07	50500000	-0.403938184675147	-0.0551033188685439	0.217480894177978
50500000	5.1e+07	-0.403972743669179	-0.0695687119820505	0.204137834675571
5.1e+07	51500000	-0.389390043896212	-0.0681888011109242	0.19627378688682
51500000	5.2e+07	-0.387938109663111	-0.0590584208092468	0.197134011173881
5.2e+07	52500000	-0.393849663356236	-0.0565132746541796	0.217073634687747
52500000	5.3e+07	-0.393049650451929	-0.0424050956578856	0.221932783531088
5.3e+07	53500000	-0.389458294046913	-0.06418945499982	0.22752243382622
53500000	5.4e+07	-0.380254145457296	-0.0435605851026836	0.222489968178777
5.4e+07	54500000	-0.383270114870823	-0.0768578713901442	0.215036226358888
54500000	5.5e+07	-0.383994491823483	-0.0683021972672181	0.209758986594055
5.5e+07	55500000	-0.378290517525045	-0.0791080350952266	0.205399307552581
55500000	5.6e+07	-0.35605092236969	-0.0661361610779331	0.212834741511531
5.6e+07	56500000	-0.352027150864228	-0.0829785406271895	0.208151208088432
56500000	5.7e+07	-0.351476909571878	-0.0845246062109112	0.210226035889166
5.7e+07	57500000	-0.370514927194832	-0.10499609056293	0.201331485102857
57500000	5.8e+07	-0.369826866034132	-0.0830575659876578	0.207612546810848
5.8e+07	58500000	-0.370669733600871	-0.075320958329549	0.206077638920289
58500000	5.9e+07	-0.366317746339283	-0.0497272579272208	0.216849086420691
5.9e+07	59500000	-0.354748522027866	-0.0703218862530938	0.199773796921073
59500000	6e+07	-0.352806912882034	-0.0850318594255459	0.195833060013558
6e+07	60500000	-0.340947761765223	-0.120037691386474	0.176402641186209
60500000	6.1e+07	-0.336546109751514	-0.0949224333743387	0.187895102048696
6.1e+07	61500000	-0.33056273635982	-0.104014915834412	0.183680523988665
61500000	6.2e+07	-0.334319713903336	-0.071246182607256	0.199957122858094
6.2e+07	62500000	-0.35257563533939	-0.0906981701457613	0.190245834504567
62500000	6.3e+07	-0.340048441772101	-0.0838225297195964	0.197762337486032
6.3e+07	63500000	-0.325810597682954	-0.100212372586958	0.184349927587273
63500000	6.4e+07	-0.317719801213311	-0.0901940994212826	0.184504303716146
6.4e+07	64500000	-0.312638719195264	-0.102368661779995	0.170518165404652
64500000	6.5e+07	-0.31001233374924	-0.115063506802544	0.176635002138244
6.5e+07	65500000	-0.307439552890292	-0.12262856474903	0.174490013425548
65500000	6.6e+07	-0.305779948949317	-0.120821556973908	0.18712692232857
6.6e+07	66500000	-0.306518992059451	-0.118941816664054	0.178792218973545
66500000	6.7e+07	-0.286085123199919	-0.133116008871782	0.180356706729011
6.7e+07	67500000	-0.273093935327075	-0.120008789578253	0.169448400860655
67500000	6.8e+07	-0.269890983080416	-0.114086180657807	0.168060176768145
6.8e+07	68500000	-0.262658759529695	-0.107985642422158	0.172674073551596
68500000	6.9e+07	-0.268397545515757	-0.134166645227842	0.180342409542491
6.9e+07	69500000	-0.26032275106005	-0.134314301047391	0.185648117948856
69500000	7e+07	-0.268130764076294	-0.130114824363154	0.162486103107406
7e+07	70500000	-0.270886725584573	-0.119385033393398	0.152761071699252
70500000	7.1e+07	-0.266169079848822	-0.130652960010125	0.163990042907909
7.1e+07	71500000	-0.253277648331748	-0.131531820844756	0.181256071557727
71500000	7.2e+07	-0.252258122010726	-0.12472750865414	0.167846177402851
7.2e+07	72500000	-0.244883958685857	-0.126048682772308	0.162665831809122
72500000	7.3e+07	-0.255543707417959	-0.129329636701263	0.150245665379769
7.3e+07	73500000	-0.247076861014006	-0.13208919010724	0.165548748046818
73500000	7.4e+07	-0.246360685616095	-0.13023071370517	0.160814509318093
7.4e+07	74500000	-0.241567092701537	-0.128962776067167	0.156170188189172
74500000	7.5e+07	-0.239251925385322	-0.129865490404122	0.150101926958382
7.5e+07	75500000	-0.236995078653391	-0.135834251408589	0.15461808137848
75500000	7.6e+07	-0.229718788667904	-0.135989664498866	0.1558221824491
7.6e+07	76500000	-0.225427942519924	-0.141238382071358	0.158851287132616
76500000	7.7e+07	-0.350598482852743	0.0705238165944472	-0.152444954682878
7.7e+07	77500000	-0.204291225032578	-0.132124082756895	0.163115122160714
77500000	7.8e+07	-0.205236651394691	-0.13221603076839	0.160724441588468
7.8e+07	78500000	-0.0678678246945885	-0.337531818593992	0.465441429926307
78500000	7.9e+07	-0.198539881003142	-0.132949411889572	0.167613013979908
7.9e+07	79500000	-0.181347480120074	-0.142289516943128	0.18482952579244
79500000	8e+07	-0.192563836595403	-0.141064524507563	0.171497674917694
8e+07	80500000	-0.204416318028821	-0.138346154103636	0.158765582139029
80500000	8.1e+07	-0.210088740777606	-0.136406535814457	0.15820180136233
8.1e+07	81500000	-0.204497740306824	-0.124204161138771	0.164356520458589
81500000	8.2e+07	-0.189444130316658	-0.13737428430415	0.179706311027034
8.2e+07	82500000	-0.186706107570585	-0.134519842339005	0.169698021207536
82500000	8.3e+07	-0.18769861070867	-0.130540348647397	0.160678964181093
8.3e+07	83500000	-0.179886147242115	-0.133685941577216	0.151923560149349
83500000	8.4e+07	-0.182349222321972	-0.139292225665818	0.152471101527625
8.4e+07	84500000	-0.178486277030644	-0.136408097354728	0.15670411612706
84500000	8.5e+07	-0.184056280765704	-0.149889953189513	0.16030802391701
8.5e+07	85500000	-0.183006917420082	-0.124470339572593	0.153686355573104
85500000	8.6e+07	-0.177345693724493	-0.136078931233001	0.153639543855624
8.6e+07	86500000	-0.172116769215327	-0.122318635016521	0.145925146196102
86500000	8.7e+07	-0.157623047791734	-0.142702643887603	0.142207975290013
8.7e+07	87500000	-0.163563058093502	-0.130195929495886	0.140772832632266
87500000	8.8e+07	-0.155526209294787	-0.133077735484471	0.144550915783943
8.8e+07	88500000	-0.16685498834909	-0.117201972976839	0.139319129269567
88500000	8.9e+07	-0.161661232931714	-0.133594251272311	0.133557212443048
8.9e+07	89500000	-0.165308174854984	-0.137319589295883	0.120136564984812
89500000	9e+07	-0.149326565500694	-0.134161871831912	0.12421866023611
9e+07	90500000	-0.145069999935427	-0.13964345038073	0.128756059320315
90500000	9.1e+07	-0.158734046140807	-0.0912926765793683	0.066966724306072
9.1e+07	91500000	-0.168192133002605	-0.10421830650838	0.0626659475536064
91500000	9.2e+07	-0.148383692328294	-0.136347393552485	0.13376730627593
9.2e+07	92500000	-0.134606844222455	-0.173893539579787	0.204636884278232
92500000	9.3e+07	-0.141405050875924	-0.185827316412092	0.181458216629318
9.3e+07	93500000	-0.157238081999541	-0.154209327591611	0.101714264942693
93500000	9.4e+07	-0.164156605016687	-0.149228779815101	0.0909394224949813
9.4e+07	94500000	-0.166467751932694	-0.122362799474712	0.0945024030094858
94500000	9.5e+07	-0.174151316405536	-0.127015268203114	0.0850017201959616
9.5e+07	95500000	-0.174230985908867	-0.129876707105737	0.0707914143721597
95500000	9.6e+07	-0.160023772328477	-0.147823696820864	0.0845449011314986
9.6e+07	96500000	-0.157828167738666	-0.150668097376908	0.0745811529302975
96500000	9.7e+07	-0.135558048697197	-0.145327619188275	0.0855099683681479
9.7e+07	97500000	-0.140463142789245	-0.130294805080253	0.0706575748992661
97500000	9.8e+07	-0.14236665360174	-0.113273758593837	0.0801918570265433
9.8e+07	98500000	-0.165467942143366	-0.126448739434416	0.06776241952765
98500000	9.9e+07	-0.162553340733017	-0.133862147991866	0.0612404025245235
9.9e+07	99500000	-0.156776928946642	-0.153831521580781	0.0650501895692196
99500000	1e+08	-0.150554117387652	-0.148187064738817	0.0580916983232315
1e+08	100500000	-0.142204587729997	-0.14510240714004	0.068597387310477
100500000	1.01e+08	-0.151676023824896	-0.13524961484666	0.0477979032500759
1.01e+08	101500000	-0.147179371473106	-0.129780899326168	0.0665551904733953
101500000	1.02e+08	-0.154529867473239	-0.129505563428463	0.0654050487021608
1.02e+08	102500000	-0.141996903147021	-0.121153260400746	0.0616062704538296
102500000	1.03e+08	-0.135950467386911	-0.121911626100172	0.0337589111632065
1.03e+08	103500000	-0.13704406042782	-0.126371546090381	0.0210203649530648
103500000	1.04e+08	-0.127798563827737	-0.134443624640768	0.0400313990100301
1.04e+08	104500000	-0.141887614128457	-0.12705634578781	0.0404914645364583
104500000	1.05e+08	-0.131285718944795	-0.137592762023495	0.0499980134216113
1.05e+08	105500000	-0.151548969678309	-0.119616924799135	0.0370541692586289
105500000	1.06e+08	-0.133245372443565	-0.131010832387782	0.0514140893625135
1.06e+08	106500000	-0.152845919337419	-0.116731379065426	0.0339953519095907
106500000	1.07e+08	-0.130945942307999	-0.126175505629736	0.0370941584228724
1.07e+08	107500000	-0.147308927100502	-0.115888958785913	0.020796610874292
107500000	1.08e+08	-0.120728818032204	-0.118424920624695	0.0307697753417974
1.08e+08	108500000	-0.142639627033691	-0.114180947826398	0.0222104943265631
108500000	1.09e+08	-0.125819264955415	-0.110982014390573	0.00806600748658355
1.09e+08	109500000	-0.136425332032718	-0.0874647762560945	-0.013586721030185
109500000	1.1e+08	-0.112163432109349	-0.0881155683573172	-0.0284282142802934
1.1e+08	110500000	-0.111609365462918	-0.079427446585259	-0.0269347055645982
110500000	1.11e+08	-0.114862052786053	-0.0660254084656929	-0.0318889387272188
1.11e+08	111500000	-0.108419736103052	-0.0579233134953512	-0.0397978388424124
111500000	1.12e+08	-0.117260426519116	-0.0539068143297884	-0.0400664495538514
1.12e+08	112500000	-0.105260587296043	-0.0764239069285313	-0.0425072014461276
112500000	1.13e+08	-0.118741606533196	-0.0621850198295898	-0.0364368790648587
1.13e+08	113500000	-0.0954189723943217	-0.072387580597694	-0.0493787391304948
113500000	1.14e+08	-0.104398749047129	-0.0555889910607661	-0.0487079306872766
1.14e+08	114500000	-0.0922217710022144	-0.0764160882555048	-0.0585021307947876
114500000	1.15e+08	-0.10442292106397	-0.0613545815528993	-0.0453528327591688
1.15e+08	115500000	-0.0889679317643032	-0.081318736885729	-0.054619551866265
115500000	1.16e+08	-0.0979428323847673	-0.0535156137672701	-0.0512425830304572
1.16e+08	116500000	-0.0902485423027917	-0.0688450173554922	-0.0622457193310498
116500000	1.17e+08	-0.100711832619949	-0.0449672320648391	-0.0575597276501608
1.17e+08	117500000	-0.0874590985606086	-0.0589124419514857	-0.0482006307264779
117500000	1.18e+08	-0.0839941571846755	-0.0585589189632921	-0.0426021536712516
1.18e+08	118500000	-0.0732768678066885	-0.0760565071691719	-0.0410711433635235
118500000	1.19e+08	-0.0842585744838962	-0.0649168689641918	-0.0570072615711923
1.19e+08	119500000	-0.0779571478351489	-0.0688389164636914	-0.0577158492190813
119500000	1.2e+08	-0.081682181197438	-0.0654038778325461	-0.0546046190121864
1.2e+08	120500000	-0.0712906052382834	-0.0746098561552924	-0.0474528832964576
120500000	1.21e+08	-0.0743729606531178	-0.0625314538520996	-0.0463508780925194
1.21e+08	121500000	-0.0387960061522928	-0.000176960132210605	-0.0226039208277542
121500000	1.22e+08	-0.0197505145181524	0.0151720483164982	-0.0136278863960302
1.22e+08	122500000	0.0175040312074896	-0.0180896758328219	-0.142487526522283
122500000	1.23e+08	0.0270558548174403	-0.12000914435254	-0.294860730946401
1.23e+08	123500000	0.0651168597496637	-0.168428357570061	-0.434077572127724
123500000	1.24e+08	0.0699374042470832	-0.183084343469734	-0.432658412601741
1.24e+08	124500000	0.065299981042816	-0.182218673310103	-0.429836948790976
124500000	1.25e+08	0.0659609342749345	-0.183716088186993	-0.428911909173223
1.25e+08	125500000	0.0406496597644271	-0.169354175846506	-0.43499886647944
125500000	1.26e+08	0.0580181232309364	-0.164928364559726	-0.440723237447733
1.26e+08	126500000	0.0514893886669141	-0.169327166811347	-0.442716064590772
126500000	1.27e+08	0.0719560612627357	-0.165092343996828	-0.436194639281916
1.27e+08	127500000	0.0756066035802563	-0.168006262094577	-0.434069841978053
127500000	1.28e+08	0.0652622126273872	-0.166316340230949	-0.427763594303314
1.28e+08	128500000	0.0885126619580136	-0.158649419357656	-0.44197567699974
128500000	1.29e+08	0.0988078241741959	-0.136168400583468	-0.437642229707709
1.29e+08	129500000	0.145378223963769	-0.139243734344023	-0.481316132780329
129500000	1.3e+08	0.148659193762041	-0.138291147215453	-0.483019229326578
1.3e+08	130500000	0.15853346430186	-0.157032389870881	-0.521154571973861
130500000	1.31e+08	0.152940545398679	-0.132499114062244	-0.489154460649494
1.31e+08	131500000	0.158065736054326	-0.136465090955821	-0.487625049110243
131500000	1.32e+08	0.161109269585305	-0.128137851801089	-0.477193047955387
1.32e+08	132500000	0.151449587943956	-0.1491678388696	-0.494766445664029
132500000	1.33e+08	0.154920338468777	-0.133089539872989	-0.48666903432553
1.33e+08	133500000	0.156935889502203	-0.127233608321167	-0.490561878930544
133500000	1.34e+08	0.169747559376081	-0.109937941307709	-0.485475763093538
1.34e+08	134500000	0.176650395293393	-0.136992507551391	-0.492100249316949
134500000	1.35e+08	0.176362319564905	-0.12756853401042	-0.476265309696048
1.35e+08	135500000	0.174964793275937	-0.126458352967228	-0.474038423447248
135500000	1.36e+08	0.180981602015185	-0.10513157456246	-0.482768375932247
1.36e+08	136500000	0.20086810774508	-0.125766699517135	-0.472663639986009
136500000	1.37e+08	0.21457210028513	-0.130954464724083	-0.457226634225198
1.37e+08	137500000	0.213738942926672	-0.118487591139205	-0.446169198824211
137500000	1.38e+08	0.205992882658415	-0.108805932678072	-0.457219214671756
1.38e+08	138500000	0.203640430896049	-0.105321868963612	-0.463019890208954
138500000	1.39e+08	0.219730627155948	-0.115638637496057	-0.477411419142242
1.39e+08	139500000	0.226815766039867	-0.110819305614916	-0.473398690674449
139500000	1.4e+08	0.23445391957021	-0.115778000150992	-0.46589409311406
1.4e+08	140500000	0.257484071444642	-0.111965441898487	-0.448243010314639
140500000	1.41e+08	0.268266412052307	-0.102513066114469	-0.442233097828436
1.41e+08	141500000	0.294818493505417	-0.0803707824424814	-0.440064817852408
141500000	1.42e+08	0.299635076105235	-0.095763497598199	-0.427274863188601
1.42e+08	142500000	0.319715986171095	-0.078698765151042	-0.430141455869937
142500000	1.43e+08	0.317881234661309	-0.0815394275381967	-0.428761057832521
1.43e+08	143500000	0.307037623848111	-0.0646506129010087	-0.43353327979887
143500000	1.44e+08	0.307504182097013	-0.0914076294876157	-0.417887629792891
1.44e+08	144500000	0.312818997009286	-0.0939557351371186	-0.413325399627415
144500000	1.45e+08	0.314900228345901	-0.0825459425265619	-0.424266244877986
1.45e+08	145500000	0.317071765371942	-0.086537961308289	-0.421621635118446
145500000	1.46e+08	0.314608112614444	-0.0733170349983132	-0.434631750057064
1.46e+08	146500000	0.321294707751338	-0.0802047191461072	-0.418073879914336
146500000	1.47e+08	0.326389380769137	-0.0706786547906935	-0.416344608188918
1.47e+08	147500000	0.343440914339244	-0.0714976644099736	-0.415921140981509
147500000	1.48e+08	0.348586032328624	-0.0836834122577636	-0.402417491168809
1.48e+08	148500000	0.354814899984817	-0.0753419724888065	-0.416528023822554
148500000	1.49e+08	0.340630293705426	-0.0831422206097659	-0.406081383259092
1.49e+08	149500000	0.337990416492355	-0.0684099457823092	-0.424391623532892
149500000	1.5e+08	0.335357528236545	-0.0682578285620519	-0.414911688717311
1.5e+08	150500000	0.35110686946902	-0.0739446622503531	-0.391501552282879
150500000	1.51e+08	0.373553155500572	-0.0755966533013538	-0.389737163643656
1.51e+08	151500000	0.388433855189761	-0.0751349465657169	-0.394475244099423
151500000	1.52e+08	0.376215528253728	-0.0631402882324906	-0.412691811330096
1.52e+08	152500000	0.380112641787603	-0.0639939451557905	-0.407263978515874
152500000	1.53e+08	0.358831347336908	-0.0570528882703777	-0.399734889458455
1.53e+08	153500000	0.381854721646389	-0.0650544742822655	-0.400266460204315
153500000	1.54e+08	0.376132876505114	-0.0694450809203171	-0.386628338785819
1.54e+08	154500000	0.389839993532646	-0.0775496681187491	-0.395855116111955
154500000	1.55e+08	0.394847798478716	-0.0621459347790743	-0.379634590658987
1.55e+08	155500000	0.393131372859046	-0.0585912743933669	-0.387308896598408
155500000	1.56e+08	0.396093144132656	-0.0629148730663741	-0.372039486481246
1.56e+08	156500000	0.394435871896879	-0.0556310138335413	-0.379764516533991
156500000	1.57e+08	0.395233376771362	-0.0573090648997426	-0.38567392309422
1.57e+08	157500000	0.407239382051513	-0.0430226900328284	-0.370943641281718
157500000	1.58e+08	0.412083979122135	-0.0622294700813078	-0.366028010302346
1.58e+08	158500000	0.422795029442747	-0.0541780987493983	-0.358478022133976
158500000	1.59e+08	0.434119672219571	-0.0648221558452141	-0.369106308336057
1.59e+08	159500000	0.432808546138771	-0.046816239458331	-0.366629368388332
159500000	1.6e+08	0.433975047068606	-0.0385425602016768	-0.358883717642899
1.6e+08	160500000	0.434766387985459	-0.056861031664705	-0.367765487275087
160500000	1.61e+08	0.441721599205193	-0.07046864524354	-0.366493282135357
1.61e+08	161500000	0.445797913871913	-0.0694476683879404	-0.348976245268572
161500000	1.62e+08	0.442304764785824	-0.0500038906779889	-0.339286937142126
1.62e+08	162500000	0.441959443610264	-0.0464530847685208	-0.331649310223598
162500000	1.63e+08	0.451991139622078	-0.0692634606338064	-0.348162994865545
1.63e+08	163500000	0.450488167639658	-0.0542490438858381	-0.338783222460439
163500000	1.64e+08	0.455583509736	-0.0487039439268221	-0.329360028914214
1.64e+08	164500000	0.462382837898883	-0.0418282651219707	-0.320763358873052
164500000	1.65e+08	0.469511510260026	-0.0353236440895219	-0.315839232669522
1.65e+08	165500000	0.47814517210888	-0.0499461215525753	-0.319855275674362
165500000	1.66e+08	0.486235155655126	-0.0263622166385626	-0.304666364756214
1.66e+08	166500000	0.495858498490496	-0.0624177926730733	-0.301922340183865
166500000	1.67e+08	0.506729653255125	-0.0463088400844414	-0.294864715850248
1.67e+08	167500000	0.500818798691342	-0.0673722098726906	-0.304751408223957
167500000	1.68e+08	0.502366322940759	-0.0377699376686153	-0.303950560912122
1.68e+08	168500000	0.499709588968155	-0.0437417827552396	-0.298597664616792
168500000	1.69e+08	0.491739279777491	-0.0423949594425857	-0.295169949885698
1.69e+08	169500000	0.49892608693287	-0.0374115363513163	-0.286028178733378
169500000	1.7e+08	0.494372833851414	-0.0511584308116773	-0.28964587526069
1.7e+08	170500000	0.513329889687051	-0.0335921043237372	-0.279942934422492
170500000	1.71e+08	0.502487939238281	-0.0477759084679203	-0.285325475237448
1.71e+08	171500000	0.51681116084028	-0.0249569579749755	-0.277908695545854
171500000	1.72e+08	0.504379870888302	-0.0401210890031587	-0.28095218934155
1.72e+08	172500000	0.526091136586512	-0.0240549269289867	-0.281010596707606
172500000	1.73e+08	0.51809218006596	-0.0397160432297172	-0.286676239010244
1.73e+08	173500000	0.542016474181766	-0.0210122525230663	-0.281984793681656
173500000	1.74e+08	0.532634670004119	-0.0409651391547335	-0.282291596504621
1.74e+08	174500000	0.535214134918263	-0.0365643882118946	-0.282708221716544
174500000	1.75e+08	0.509620192114025	-0.0451075277007769	-0.280887247036475
1.75e+08	175500000	0.512357749759617	-0.0545189376383203	-0.274785023715271
175500000	1.76e+08	0.52143629027533	-0.0543460004046008	-0.266104596783667
1.76e+08	176500000	0.549444170204284	-0.0569603002338177	-0.2635997297009
176500000	1.77e+08	0.543746193395371	-0.0476932714153483	-0.265930659182423
1.77e+08	177500000	0.553343561984857	-0.0456930930314752	-0.255615147471416
177500000	1.78e+08	0.529703720566537	-0.057814229998378	-0.246161943964727
1.78e+08	178500000	0.536179635269978	-0.0554748446160386	-0.225921737462413
178500000	1.79e+08	0.531460220448112	-0.064525967814588	-0.23671638481638
1.79e+08	179500000	0.557265652262569	-0.064639304834094	-0.238322410938438
179500000	1.8e+08	0.562789583810271	-0.0749388168738092	-0.220774218687517
1.8e+08	180500000	0.572968731736383	-0.0773654009883658	-0.197987521628625
180500000	1.81e+08	0.574565482704499	-0.0858227532357377	-0.184835033744692
1.81e+08	181500000	0.587940968500394	-0.0910267627458496	-0.211305101065205
181500000	1.82e+08	0.587591634052963	-0.0954731502529354	-0.215810684961697
1.82e+08	182500000	0.586084874489686	-0.094293897198658	-0.206766228286742
182500000	1.83e+08	0.587728363958075	-0.0889972993412022	-0.188359110276862
1.83e+08	183500000	0.57447349780201	-0.0946868893114494	-0.167034074400391
183500000	1.84e+08	0.589564922211334	-0.0869279554790426	-0.185116727284821
1.84e+08	184500000	0.585481805420605	-0.0878523470955004	-0.179275772247104
184500000	1.85e+08	0.592215761870747	-0.0876061197984526	-0.192857981301218
1.85e+08	185500000	0.572924893913574	-0.104436921751154	-0.172217146724322
185500000	1.86e+08	0.575314090771066	-0.0941065806878597	-0.177586957894594
1.86e+08	186500000	0.57020667785311	-0.102766792183363	-0.170488163861617
186500000	1.87e+08	0.582343935772965	-0.0972506247457016	-0.158129146424428
1.87e+08	187500000	0.589189795806799	-0.0996392320711027	-0.132407358364194
187500000	1.88e+08	0.60426597222091	-0.0929446221568256	-0.133493115489444
1.88e+08	188500000	0.60443810217725	-0.0817488644926251	-0.140392046180264
188500000	1.89e+08	0.599710151231842	-0.0833688492940152	-0.140748429666852
1.89e+08	189500000	0.577503621850799	-0.0702937675450781	-0.121457003991412
189500000	1.9e+08	0.562600516067797	-0.0776505317205303	-0.113288067618487
1.9e+08	190500000	0.560718357529834	-0.0926620898158454	-0.106019191936465
190500000	1.91e+08	0.580541100791081	-0.0829755651390447	-0.107281963132488
1.91e+08	191500000	0.60725303152393	-0.0777953406635574	-0.10347739049713
191500000	1.92e+08	0.594849652850318	-0.0573095644666029	-0.108811274796619
1.92e+08	192500000	0.584665763987649	-0.0633731119054934	-0.102334585483752
192500000	1.93e+08	0.57141483405713	-0.06065177602783	-0.0977587934582531
1.93e+08	193500000	0.599956751906183	-0.0725458831375376	-0.086043514925209
193500000	1.94e+08	0.613660661648055	-0.0761514859470726	-0.0872811635000073
1.94e+08	194500000	0.596790851168555	-0.0781680842385271	-0.0902049494267856
194500000	1.95e+08	0.588156652821959	-0.0723932391874268	-0.0945991326058902
1.95e+08	195500000	0.69254373062093	0.0546889042991144	0.00542607189590785
195500000	1.96e+08	0.77434605841992	0.129077416000901	0.0686814714566318
1.96e+08	196500000	0.856079147815275	0.231807595323591	0.149137657405216
196500000	1.97e+08	0.82585359348046	0.21126298954961	0.129235116306021
1.97e+08	197500000	0.838236071342858	0.239061202049304	0.150497035599327
197500000	1.98e+08	0.835349011134374	0.221324713117686	0.138046969489628
1.98e+08	198500000	0.82438630180157	0.214044685309904	0.139636704550466
198500000	1.99e+08	0.839222602814786	0.216362948731829	0.143208639501342
1.99e+08	199500000	0.856540695780135	0.238089213849418	0.159157638498568
199500000	2e+08	0.859006153329798	0.230957981440997	0.160146950251795
2e+08	200500000	0.860798709662622	0.23493076147225	0.154494565453195
200500000	2.01e+08	0.830976607642016	0.221205182015691	0.157999262654081
2.01e+08	201500000	0.857280203393975	0.230705884675079	0.161720437833406
201500000	2.02e+08	0.843812523856084	0.218314772055234	0.162607814611816
2.02e+08	202500000	0.854167901937389	0.219594416031942	0.164734163118442
202500000	2.03e+08	0.856843652275517	0.208597646557659	0.164247320283812
2.03e+08	203500000	0.845055055591554	0.216303364167782	0.173939484624999
203500000	2.04e+08	0.860408013312122	0.218150478413596	0.17625540257016
2.04e+08	204500000	0.834639015646865	0.228911229520865	0.185155977553305
204500000	2.05e+08	0.860249852575851	0.224493308561386	0.185825204303795
2.05e+08	205500000	0.853367203065848	0.224088196460061	0.189572533827539
205500000	2.06e+08	0.852953987889863	0.217676289451902	0.187036373268709
2.06e+08	206500000	0.855071488428535	0.211566506092614	0.192889077850373
206500000	2.07e+08	0.837802968666723	0.213479329553884	0.192465073783286
2.07e+08	207500000	0.869054131126977	0.208909485350291	0.197093872899357
207500000	2.08e+08	0.847515851570753	0.219032994766083	0.20494519376388
2.08e+08	208500000	0.87062983911309	0.213231631945154	0.203446774893304
208500000	2.09e+08	0.840246210265571	0.222368228427387	0.212244940052902
2.09e+08	209500000	0.861757452836983	0.218742963416494	0.211823679409877
209500000	2.1e+08	0.835897672100741	0.230515266072161	0.220330192564815
2.1e+08	210500000	0.856099843660611	0.230886995484647	0.215381268388416
210500000	2.11e+08	0.846531323759766	0.230341286115106	0.212139669018936
2.11e+08	211500000	0.848205231497804	0.230050147585347	0.204810586632836
211500000	2.12e+08	0.850686982578867	0.220176892747686	0.209976278783986
2.12e+08	212500000	0.84087657824732	0.226489717589145	0.212291281204151
212500000	2.13e+08	0.864178577682877	0.211526796223257	0.227984494862002
2.13e+08	213500000	0.859098217524075	0.211032336161596	0.240003026001288
213500000	2.14e+08	0.857254122063024	0.205264992456634	0.249101531003392
2.14e+08	214500000	0.849250110790447	0.214059101636416	0.245227523261283
214500000	2.15e+08	0.85827579419812	0.225231343966537	0.227772155423061
2.15e+08	215500000	0.870411560539888	0.227328096831951	0.227843757501834
215500000	2.16e+08	0.857707823191592	0.231179739599868	0.239597541643399
2.16e+08	216500000	0.83893659220907	0.231666937850741	0.264010802931814
216500000	2.17e+08	0.841259441713539	0.2365673644667	0.264147776515262
2.17e+08	217500000	0.841544231641952	0.233935543084463	0.274955477831079
217500000	2.18e+08	0.857863326329935	0.24344173365568	0.25996051209021
2.18e+08	218500000	0.861893948284407	0.246906988052322	0.266357982632607
218500000	2.19e+08	0.863767026087439	0.240026384681915	0.262541292860657
2.19e+08	219500000	0.858174031723283	0.238981325577221	0.268013005601671
219500000	2.2e+08	0.864698654408708	0.235014825032376	0.252429905501661
2.2e+08	220500000	0.878977427308097	0.253433685509975	0.246655611999777
220500000	2.21e+08	0.862403116176945	0.23977778438578	0.264304285118894
2.21e+08	221500000	0.851087570011653	0.241807330296831	0.278683818821891
221500000	2.22e+08	0.845215624419687	0.240008913389639	0.28907302458686
2.22e+08	222500000	0.847459789562749	0.262374394415779	0.281727670645953
222500000	2.23e+08	0.856949577373513	0.252109697505502	0.288295618810262
2.23e+08	223500000	0.868791668030388	0.243617938085739	0.281975082410639
223500000	2.24e+08	0.869438342570668	0.237740252135173	0.278090944293952
2.24e+08	224500000	0.874237137286472	0.235379711112615	0.279689859630357
224500000	2.25e+08	0.856794304638923	0.256666806877652	0.272111531770489
2.25e+08	225500000	0.863568868313551	0.240795714243553	0.277720166097583
225500000	2.26e+08	0.847376359326519	0.247668544000232	0.279768500465394
2.26e+08	226500000	0.835896339099982	0.2367865166308	0.292164469775017
226500000	2.27e+08	0.841336300973675	0.247865280251604	0.295538520354142
2.27e+08	227500000	0.826573254281211	0.259848621477166	0.294284558542157
227500000	2.28e+08	0.856402660790324	0.251851696831603	0.290706908917138
2.28e+08	228500000	0.851252388512199	0.25157068370304	0.287801882384669
