0	5e+05	-4.38614022304154	-2.3300007434059	0.576949286805228
5e+05	1e+06	-4.34974841924934	-2.32978794036436	0.595123571316065
1e+06	1500000	-4.28173123289019	-2.32933733755687	0.629150153308564
1500000	2e+06	-4.21274680946348	-2.32880485483417	0.663753500735536
2e+06	2500000	-4.14807558247948	-2.3282462646117	0.696312256363326
2500000	3e+06	-4.08346175226379	-2.32751858281134	0.728386582175033
3e+06	3500000	-3.98561662517718	-2.32630028349511	0.776583297999936
3500000	4e+06	-3.89166668794843	-2.32501503350181	0.822635025290626
4e+06	4500000	-3.78648212572147	-2.32352395301784	0.874395367084081
4500000	5e+06	-3.70825177045637	-2.32244436712454	0.91287615463229
5e+06	5500000	-3.6245354128682	-2.32129916957729	0.954055270941546
5500000	6e+06	-3.54362388530425	-2.33714934702342	0.985294934963338
6e+06	6500000	-3.46578559910731	-2.36281332272497	1.00999066992743
6500000	7e+06	-3.37900878240694	-2.4062144904112	1.03006218260449
7e+06	7500000	-3.30491368047915	-2.42956383497127	1.05609788241679
7500000	8e+06	-3.21467656316273	-2.44744651543964	1.0948614187733
8e+06	8500000	-3.13592543615126	-2.44964790149785	1.13709846824189
8500000	9e+06	-3.04520242448453	-2.45776400207068	1.18194046162627
9e+06	9500000	-2.97113119900025	-2.46354248217224	1.21915076360853
9500000	1e+07	-2.89272128438704	-2.46946695903868	1.25867624575605
1e+07	10500000	-2.82146694946287	-2.47475274556036	1.29463098595166
10500000	1.1e+07	-2.73808491377085	-2.48098182186145	1.33671074158874
1.1e+07	11500000	-2.67156380589898	-2.50113820389417	1.37754880884825
11500000	1.2e+07	-2.59852169287047	-2.52180124401081	1.4220246186136
1.2e+07	12500000	-2.53439634842316	-2.54441311234216	1.4634864075446
12500000	1.3e+07	-2.45302717181096	-2.55991810397064	1.50888376620709
1.3e+07	13500000	-2.36869328090774	-2.58181547399517	1.55820450479341
13500000	1.4e+07	-2.28803989677485	-2.60522739720875	1.60602256115197
1.4e+07	14500000	-2.20598584956746	-2.62752896913729	1.65443460309553
14500000	1.5e+07	-2.12990283377329	-2.6484679433048	1.6992476559628
1.5e+07	15500000	-2.04677393576473	-2.67141356254731	1.74836715744542
15500000	1.6e+07	-1.96834885392924	-2.6930979832262	1.79468167344278
1.6e+07	16500000	-1.88770024555964	-2.68095274095311	1.82992722846549
16500000	1.7e+07	-1.81221389841888	-2.64616056116128	1.85437649054148
1.7e+07	17500000	-1.73400100099388	-2.58944501934742	1.8722517454584
17500000	1.8e+07	-1.65284198023097	-2.54031364593215	1.89453585552178
1.8e+07	18500000	-1.57760245856752	-2.49393707657622	1.91495266982379
18500000	1.9e+07	-1.48835716099627	-2.43821220218677	1.93888789322785
1.9e+07	19500000	-1.41194341319177	-2.3900503794692	1.95898953274714
19500000	2e+07	-1.32922345669205	-2.33799096323514	1.98070387425323
2e+07	20500000	-1.25364547035293	-2.2905223157201	2.00053755665439
20500000	2.1e+07	-1.16884620458301	-2.23727077776214	2.02294121455239
2.1e+07	21500000	-1.08714829992995	-2.18184326764037	2.03963294483411
21500000	2.2e+07	-1.03389281530932	-2.12441836921017	2.02068508543692
2.2e+07	22500000	-0.997947831273892	-2.0637771793402	1.97746953058953
22500000	2.3e+07	-0.968451589648872	-1.99236181246592	1.91104573066155
2.3e+07	23500000	-0.931840941009197	-1.92061405125315	1.85263409131855
23500000	2.4e+07	-0.905170357623102	-1.87205598599148	1.78228670786888
2.4e+07	24500000	-0.92106778549974	-1.84143518321919	1.71628355137738
24500000	2.5e+07	-0.949143563617578	-1.80204701007615	1.66089497702829
2.5e+07	25500000	-0.993699679076866	-1.74570370549561	1.6571939440686
25500000	2.6e+07	-1.03447827043779	-1.68815258051218	1.69126291985164
2.6e+07	26500000	-1.09464239622684	-1.64717888446747	1.75007871004526
26500000	2.7e+07	-1.13653161827453	-1.60093781095167	1.80823699264404
2.7e+07	27500000	-1.16844822659776	-1.537835638683	1.88079675022716
27500000	2.8e+07	-1.18754716733858	-1.47292612461177	1.95674590810656
2.8e+07	28500000	-1.1763276053299	-1.42390636248507	2.00645070463647
28500000	2.9e+07	-1.13617475688115	-1.38174991571098	2.01094213037785
2.9e+07	29500000	-1.05847431149802	-1.32723839408376	1.99293931693144
29500000	3e+07	-1.00173932671364	-1.26505382522093	1.95098661773878
3e+07	30500000	-0.955836526906813	-1.20024939817673	1.9138853431556
30500000	3.1e+07	-0.922669041328527	-1.13093682769463	1.85579610419193
3.1e+07	31500000	-0.891396369102863	-1.05354646306817	1.81235243985648
31500000	3.2e+07	-0.887231218561518	-0.98264454682551	1.77173596427192
3.2e+07	32500000	-0.914140530282647	-0.915021585097344	1.74262994658629
32500000	3.3e+07	-0.961666970566639	-0.842181292838881	1.71673260111072
3.3e+07	33500000	-0.997054348360803	-0.765925469658182	1.6856472213675
33500000	3.4e+07	-1.03006845115816	-0.696232637186347	1.65741869782351
3.4e+07	34500000	-1.06713319347893	-0.620591831405681	1.62697624149474
34500000	3.5e+07	-1.10332617429774	-0.546757889308183	1.59719797650387
3.5e+07	35500000	-1.14576281653785	-0.49360212410923	1.53509957094279
35500000	3.6e+07	-1.18329426192571	-0.462507781837312	1.46668673893875
3.6e+07	36500000	-1.22826306421807	-0.438115620409286	1.37453144724997
36500000	3.7e+07	-1.27985789516213	-0.399080025085275	1.27686813702734
3.7e+07	37500000	-1.33374770125958	-0.359548804928909	1.17327593887177
37500000	3.8e+07	-1.39242260313363	-0.307830805083625	1.09855915043549
3.8e+07	38500000	-1.40810679965788	-0.249778221613322	1.07670191386557
38500000	3.9e+07	-1.39954501261232	-0.171453650202265	1.06133479977425
3.9e+07	39500000	-1.38034412050342	-0.104628362309642	1.02280758345567
39500000	4e+07	-1.40368162673445	-0.0418814144085913	0.985832721058506
4e+07	40500000	-1.43441420704742	0.0273152828333861	0.982256009824455
40500000	4.1e+07	-1.48006285532256	0.100038493929861	0.995435887083329
4.1e+07	41500000	-1.49297981393877	0.181540488990818	0.975007767064234
41500000	4.2e+07	-1.50945482986169	0.222747173052369	0.912328252834026
4.2e+07	42500000	-1.53745541807125	0.238549958137627	0.856329320349874
42500000	4.3e+07	-1.60082837069125	0.223780946752056	0.815562916620028
4.3e+07	43500000	-1.70478890997045	0.209009457113212	0.783396907094815
43500000	4.4e+07	-1.8088569032232	0.19760628946408	0.737149387145573
4.4e+07	44500000	-1.91223543949576	0.184846685327071	0.690908989538135
44500000	4.5e+07	-2.00070074094467	0.173611649029236	0.652049239550985
4.5e+07	45500000	-2.07708604652556	0.164221942856428	0.618466476675241
45500000	4.6e+07	-2.16260508945896	0.153765621375412	0.580428758058869
4.6e+07	46500000	-2.2472160970969	0.143589333669505	0.542871812151329
46500000	4.7e+07	-2.32772297487094	0.133946561386139	0.507256715026021
4.7e+07	47500000	-2.39768108447186	0.125716351525512	0.476537492610702
47500000	4.8e+07	-2.47422272469498	0.116875639805245	0.443007916202492
4.8e+07	48500000	-2.58218375603603	0.104638506999399	0.395898101107666
48500000	4.9e+07	-2.6788896547249	0.12676069304204	0.359792453355143
4.9e+07	49500000	-2.74984493886291	0.148764372764427	0.30513579450616
49500000	5e+07	-2.77397536479938	0.156541062417226	0.250229758662156
5e+07	50500000	-2.79325847469166	0.120914655086591	0.171392305266957
50500000	5.1e+07	-2.77922256089181	0.0287091450309037	0.0603741670247423
5.1e+07	51500000	-2.77171568809456	-0.0393053594625262	-0.045917140506549
51500000	5.2e+07	-2.75030930219797	-0.12473582843611	-0.0929346315640664
5.2e+07	52500000	-2.73022503103537	-0.153320783444192	-0.0824712527360451
52500000	5.3e+07	-2.66738191460766	-0.206169016945682	-0.0615171140668173
5.3e+07	53500000	-2.58634991109384	-0.244952479196105	-0.0769662091449552
53500000	5.4e+07	-2.50023006247439	-0.274951015257705	-0.0970495794993155
5.4e+07	54500000	-2.39849867680488	-0.290250137000548	-0.121302072370992
54500000	5.5e+07	-2.28971843384429	-0.293955237524182	-0.152946635177234
5.5e+07	55500000	-2.18974426319848	-0.29454584489706	-0.171629921694364
55500000	5.6e+07	-2.10716294015545	-0.284541506784405	-0.180505663414468
5.6e+07	56500000	-2.02958313963652	-0.266077980357234	-0.182977514924522
56500000	5.7e+07	-1.93950671937522	-0.249511194943381	-0.189527541214372
5.7e+07	57500000	-1.85148284474799	-0.232635995183286	-0.195453093370287
57500000	5.8e+07	-1.75556066734267	-0.213909678011929	-0.201797996295231
5.8e+07	58500000	-1.66076602843826	-0.1949943722501	-0.20810313360261
58500000	5.9e+07	-1.5596263161123	-0.174996761169426	-0.214860926932749
5.9e+07	59500000	-1.46073041557773	-0.155304942721465	-0.221391879591577
59500000	6e+07	-1.37283501536902	-0.137751214421268	-0.227162126814122
6e+07	60500000	-1.28717886732771	-0.120495267020618	-0.232721826262414
60500000	6.1e+07	-1.20854809973626	-0.0982523897268925	-0.232754234932739
6.1e+07	61500000	-1.12873292623834	-0.0690953810586794	-0.227771167178355
61500000	6.2e+07	-1.04698718630682	-0.031816748296199	-0.216866035462877
6.2e+07	62500000	-0.967303309957402	0.00405987362407119	-0.206725656760089
62500000	6.3e+07	-0.891004143028596	0.0378663917251121	-0.197370035882625
6.3e+07	63500000	-0.819351784754654	0.0697627866279502	-0.188479509845993
63500000	6.4e+07	-0.749762780669158	0.100842818040748	-0.179831334178065
6.4e+07	64500000	-0.676881953514412	0.133396168171644	-0.170734034316147
64500000	6.5e+07	-0.596600486815623	0.169326978383847	-0.160694688251659
6.5e+07	65500000	-0.515100771559054	0.20570244165755	-0.150452535578726
65500000	6.6e+07	-0.427928640264636	0.244511436495635	-0.139518995105834
6.6e+07	66500000	-0.357779664482171	0.275611262307139	-0.130760769535896
66500000	6.7e+07	-0.278658541859584	0.310885527176382	-0.120673024271573
6.7e+07	67500000	-0.206434659454722	0.34331971884222	-0.111361301727255
67500000	6.8e+07	-0.137193968432412	0.366070432612408	-0.125587029894699
6.8e+07	68500000	-0.0753343137016027	0.373036595977118	-0.147246528422774
68500000	6.9e+07	0.0291162774522191	0.368884640239809	-0.190291572152436
6.9e+07	69500000	0.140740753754066	0.366620056292997	-0.218537073156532
69500000	7e+07	0.258011289357409	0.366455538510469	-0.251822835929091
7e+07	70500000	0.334999981306429	0.366689943420421	-0.273879195773531
70500000	7.1e+07	0.419173563146037	0.366741867966303	-0.297696347424903
7.1e+07	71500000	0.505080848875993	0.366788055122586	-0.321518712522957
71500000	7.2e+07	0.593182849293048	0.366871278793561	-0.346063411093346
7.2e+07	72500000	0.68112557372799	0.366936841630995	-0.370423194168847
72500000	7.3e+07	0.766971533145817	0.367021370499463	-0.394113807206968
7.3e+07	73500000	0.848658764138485	0.367003730486773	-0.416675457779159
73500000	7.4e+07	0.93238634053066	0.366886047077547	-0.439951811950802
7.4e+07	74500000	1.0119510989965	0.366629651530953	-0.462385617177875
74500000	7.5e+07	1.09818557281191	0.366387061613102	-0.486863043744639
7.5e+07	75500000	1.17778256702631	0.36613228519746	-0.509661277579606
75500000	7.6e+07	1.27514693018431	0.365902836902208	-0.537531244370017
7.6e+07	76500000	1.37606869920653	0.365686601593006	-0.5664793732939
76500000	7.7e+07	1.48542424528147	0.365517068606522	-0.597837784388444
7.7e+07	77500000	1.58419683723504	0.364872159404276	-0.628336677915777
77500000	7.8e+07	1.64782118549077	0.349502733851237	-0.670387531468921
7.8e+07	78500000	1.67350974824338	0.337423404544767	-0.744858528917963
78500000	7.9e+07	1.66916767317849	0.32451013931198	-0.83778247447359
7.9e+07	79500000	1.65566780381323	0.32534986345416	-0.946259368828203
79500000	8e+07	1.63858148607128	0.321307558094123	-1.0584720974785
8e+07	80500000	1.59939766854296	0.340484266779443	-1.13094796967861
80500000	8.1e+07	1.53799478413525	0.355583687184	-1.15487345331197
8.1e+07	81500000	1.45599483256727	0.377748305935993	-1.12466896230966
81500000	8.2e+07	1.35985659500337	0.383998948371111	-1.09411250923789
8.2e+07	82500000	1.28763337176182	0.401162655820881	-1.04942651590119
82500000	8.3e+07	1.21857699298873	0.421698794133644	-0.980640740318608
8.3e+07	83500000	1.19278900142541	0.462137365551995	-0.919885955183685
83500000	8.4e+07	1.17734155167602	0.528333378331533	-0.871122169357856
8.4e+07	84500000	1.19406126043259	0.617455005512034	-0.84694947946594
84500000	8.5e+07	1.20822263142897	0.71917173310506	-0.813137762818995
8.5e+07	85500000	1.22276114247181	0.800782435145625	-0.77635327072035
85500000	8.6e+07	1.26291479237896	0.860475124618226	-0.732068371018646
8.6e+07	86500000	1.32629170989647	0.896083434333131	-0.681219646900575
86500000	8.7e+07	1.43237834809497	0.945154059991059	-0.615168815796299
8.7e+07	87500000	1.53347882362315	0.995668987258298	-0.552128833222392
87500000	8.8e+07	1.63276738333942	1.03711128218653	-0.503726750934933
8.8e+07	88500000	1.71925732868409	1.04724842970245	-0.502001073682211
88500000	8.9e+07	1.80852184437421	1.03389439057636	-0.518163841576631
8.9e+07	89500000	1.88120839190024	0.993092563947961	-0.516823768346414
89500000	9e+07	1.91751129850437	0.923643591565891	-0.501444921703529
9e+07	90500000	1.92863490747756	0.836837176303074	-0.476953391334969
90500000	9.1e+07	1.9353563327774	0.736082010661552	-0.465935490501374
9.1e+07	91500000	1.94997068302539	0.644089102662242	-0.448980270326168
91500000	9.2e+07	1.96480627309128	0.547566332609573	-0.429175173960686
9.2e+07	92500000	1.97689135552998	0.46291013682793	-0.412683840003702
92500000	9.3e+07	1.98579020723172	0.377319536860088	-0.366964719191039
9.3e+07	93500000	2.00096528103072	0.308809968165173	-0.325790989603203
93500000	9.4e+07	2.03443564621782	0.226662409994505	-0.279945479505469
9.4e+07	94500000	2.08177348098298	0.142671793182949	-0.258032360932255
94500000	9.5e+07	2.13484128636164	0.0456364137311657	-0.228692595598266
9.5e+07	95500000	2.19569809498451	-0.0229529529735183	-0.221942815021262
95500000	9.6e+07	2.2504598249713	-0.0391046643910225	-0.24445831618827
9.6e+07	96500000	2.31716039800582	-0.000980221892411119	-0.282990326475459
96500000	9.7e+07	2.3693298466777	0.0653639521388025	-0.287933934119154
9.7e+07	97500000	2.43767060338603	0.134669119620678	-0.261176134850376
97500000	9.8e+07	2.49394308895767	0.198446925393931	-0.219440881755765
9.8e+07	98500000	2.54395443024681	0.258916667225698	-0.159926974947115
98500000	9.9e+07	2.57744983677669	0.305886328188317	-0.088904726463857
9.9e+07	99500000	2.61178816973361	0.359859594167588	0.0153979850721837
99500000	1e+08	2.66079394590301	0.408356307002258	0.0655437777275198
1e+08	100500000	2.73826003629899	0.46164768967177	0.0739184662376832
100500000	1.01e+08	2.83129078241832	0.508394445193258	0.0349819261275046
1.01e+08	101500000	2.90877335855508	0.543819251790488	-0.0127643871940987
101500000	1.02e+08	2.9727142676255	0.569795292514556	-0.0669213591014983
1.02e+08	102500000	2.99504524963864	0.565008276463449	-0.141707436128779
102500000	1.03e+08	2.99446749516516	0.579740261794664	-0.215718169242551
1.03e+08	103500000	2.9607267659373	0.596405700449375	-0.297004324330699
103500000	1.04e+08	2.92040328103328	0.616549764233846	-0.375429858972734
1.04e+08	104500000	2.87622870818331	0.617789228856938	-0.459107339767786
104500000	1.05e+08	2.82533382141724	0.607990453685773	-0.539346665472356
1.05e+08	105500000	2.77377986385472	0.605210370045833	-0.621590827577644
105500000	1.06e+08	2.7269146830296	0.601775850787953	-0.697161868587539
1.06e+08	106500000	2.67775829851397	0.59732354783379	-0.775952809062225
106500000	1.07e+08	2.66257852080129	0.60387634332675	-0.859200510520914
1.07e+08	107500000	2.67058702274032	0.618166773208446	-0.944638135152545
107500000	1.08e+08	2.69542241212309	0.638280187663215	-1.0328689846055
1.08e+08	108500000	2.73045816693928	0.65771727926016	-1.09161819667735
108500000	1.09e+08	2.78224675242952	0.681083282667222	-1.13985610718802
1.09e+08	109500000	2.87070227685254	0.714757895487209	-1.17800742377308
109500000	1.1e+08	2.95168964127765	0.747894690742528	-1.23000717052853
1.1e+08	110500000	3.00063691663411	0.798017890624745	-1.27440271901747
110500000	1.11e+08	3.02255488305516	0.864523560476211	-1.31009174656019
1.11e+08	111500000	3.03166474166412	0.949974312224659	-1.34594897576716
111500000	1.12e+08	3.06238452410902	1.05363469217345	-1.39976878049155
1.12e+08	112500000	3.0947642304213	1.15387487644009	-1.45336525004056
112500000	1.13e+08	3.12606677712281	1.2485282764886	-1.50419785233691
1.13e+08	113500000	3.11324179245735	1.29625492429545	-1.52586457610608
113500000	1.14e+08	3.05730781893596	1.35649718655207	-1.54781525510683
1.14e+08	114500000	2.97408930646568	1.4155408317644	-1.56554005595249
114500000	1.15e+08	2.90187936380208	1.49376510893345	-1.59412959201994
1.15e+08	115500000	2.84301559680593	1.55263901671444	-1.61510706714878
115500000	1.16e+08	2.78428421797318	1.61068144917977	-1.63591348661134
1.16e+08	116500000	2.72447772318467	1.66977082933927	-1.65720374126701
116500000	1.17e+08	2.66481891536985	1.72911561554428	-1.67878713743947
1.17e+08	117500000	2.60236400971864	1.7914730206295	-1.70156020508344
117500000	1.18e+08	2.54422539622064	1.84962174843917	-1.72287592137594
1.18e+08	118500000	2.48430294536042	1.90976086023001	-1.74501020097884
118500000	1.19e+08	2.41657040740347	1.97730815813771	-1.76992004644387
1.19e+08	119500000	2.34683183335048	2.04688976431994	-1.7956001850129
119500000	1.2e+08	2.27721019423901	2.11774012983724	-1.82093401790975
1.2e+08	120500000	2.21731357387607	2.18040509971597	-1.84262102934767
120500000	1.21e+08	2.14901131424166	2.25144178010143	-1.86712456489037
1.21e+08	121500000	2.08227514611959	2.31936289725759	-1.89120593254447
121500000	1.22e+08	2.01070796473824	2.39123264495438	-1.91704862622241
1.22e+08	122500000	1.94593076731176	2.45644803715755	-1.94061465638272
122500000	1.23e+08	1.8804312799904	2.52258784500003	-1.9643660896032
1.23e+08	123500000	1.82187780929681	2.5814527286431	-1.9855484362998
123500000	1.24e+08	1.76062911466188	2.64299994188998	-2.00756514258358
1.24e+08	124500000	1.69817001159358	2.7058973738251	-2.03017257469981
124500000	1.25e+08	1.63016789125246	2.77448903510609	-2.05483868472096
1.25e+08	125500000	1.54855021356759	2.85668634536553	-2.0846621026504
125500000	1.26e+08	1.50690350914605	2.92503397797657	-2.10481258750003
1.26e+08	126500000	1.529434610411	2.98845017506599	-2.11257732056591
126500000	1.27e+08	1.60369425316378	3.04460489091534	-2.10980630175319
1.27e+08	127500000	1.67938870478935	3.11582806479641	-2.1095967066671
127500000	1.28e+08	1.73054210942282	3.18555990538334	-2.11368512197574
1.28e+08	128500000	1.7854259967086	3.25244830150237	-2.11633284004278
128500000	1.29e+08	1.84419338568312	3.32199500045001	-2.11882027959323
1.29e+08	129500000	1.90590058430317	3.3950756858803	-2.12136816982762
129500000	1.3e+08	1.97313302089063	3.44113157535019	-2.11052529015657
1.3e+08	130500000	2.05278453056721	3.46513798469062	-2.08540760489128
130500000	1.31e+08	2.10615898958256	3.45378157608345	-2.03744554071977
1.31e+08	131500000	2.13971337552505	3.43081239867957	-1.96960337602486
131500000	1.32e+08	2.13490183768863	3.39063422802394	-1.89229894245381
1.32e+08	132500000	2.13985924803572	3.37030543208723	-1.84836565484521
