0	5e+05	1.86521725268627	-0.354556522827452	0.0431865749147024
5e+05	1e+06	1.8396862823771	-0.339973078513536	0.0653524868606906
1e+06	1500000	1.78660710252904	-0.309533061994407	0.111298365873305
1500000	2e+06	1.74163038844095	-0.284081297474582	0.171154839050431
2e+06	2500000	1.69558593139674	-0.285131243295878	0.227031330969991
2500000	3e+06	1.64666628346983	-0.323522115067033	0.278112690230057
3e+06	3500000	1.58440884356674	-0.385838011962926	0.315887665056884
3500000	4e+06	1.55168340354796	-0.448214325027353	0.338719547075198
4e+06	4500000	1.54893657399887	-0.48541297259618	0.320807793460825
4500000	5e+06	1.5738274682585	-0.520240201481929	0.259796383632893
5e+06	5500000	1.59460113132779	-0.553675622096137	0.173467472450089
5500000	6e+06	1.61417981075215	-0.599725605928702	0.0895190085384297
6e+06	6500000	1.6336414214954	-0.642497695456349	0.00600015340910615
6500000	7e+06	1.65224894973855	-0.682724785878143	-0.0729820182862966
7e+06	7500000	1.67005636020703	-0.721309651476644	-0.149392126138806
7500000	8e+06	1.6879775413857	-0.760518392989794	-0.22723573385939
8e+06	8500000	1.70550224396447	-0.798610704515827	-0.303572638506319
8500000	9e+06	1.74515948514139	-0.818809727700549	-0.346829222550375
9e+06	9500000	1.81231256311854	-0.829430993545738	-0.373882287739405
9500000	1e+07	1.88503664476234	-0.820147164010203	-0.401088433033254
1e+07	10500000	1.93214990789714	-0.790445807538193	-0.431191068428333
10500000	1.1e+07	1.96115111698708	-0.727627520398496	-0.449471284474577
1.1e+07	11500000	1.99643569699809	-0.641291786335284	-0.448793796118316
11500000	1.2e+07	2.04689360740048	-0.547731771876899	-0.458289736183525
1.2e+07	12500000	2.08948747126199	-0.465032181287811	-0.467224338680274
12500000	1.3e+07	2.1300669041884	-0.387441580610994	-0.475778960455737
1.3e+07	13500000	2.16962598295626	-0.31455192728786	-0.48438279532041
13500000	1.4e+07	2.21160774116081	-0.238666310666448	-0.494086768146105
1.4e+07	14500000	2.25372427203858	-0.162236488948141	-0.503735244824413
14500000	1.5e+07	2.30629017273892	-0.102139961019864	-0.49895386217561
1.5e+07	15500000	2.38170980381132	-0.0378798817775404	-0.481454018419081
15500000	1.6e+07	2.47302120337311	0.0218484859218552	-0.451363693701712
1.6e+07	16500000	2.55316829598523	0.0546593614183302	-0.44418471883434
16500000	1.7e+07	2.62747538030695	0.0582104509504384	-0.453853697768082
1.7e+07	17500000	2.70055197677999	0.0312388308682877	-0.481862099926286
17500000	1.8e+07	2.79685046616934	0.0244832839323995	-0.48670807784576
1.8e+07	18500000	2.87394070778533	0.00421739663010504	-0.510231241761412
18500000	1.9e+07	2.96277658686525	-0.0189449398007029	-0.536075552993584
1.9e+07	19500000	3.03860122654099	-0.0554308216746212	-0.581252479393563
19500000	2e+07	3.10686734158949	-0.0944703569030443	-0.630378628147588
2e+07	20500000	3.14189004345706	-0.0995696587061907	-0.674925159942796
20500000	2.1e+07	3.12943437287352	-0.075938613123329	-0.733533090232601
2.1e+07	21500000	3.10581363383006	-0.0115931474060549	-0.793463277131855
21500000	2.2e+07	3.06522243302169	0.0423379696601699	-0.864683130111342
2.2e+07	22500000	3.03634099445012	0.09301542902989	-0.930565209507149
22500000	2.3e+07	3.00161395324082	0.131799790781344	-0.953402921985977
2.3e+07	23500000	2.93830424565766	0.180694089172665	-0.937504654474179
23500000	2.4e+07	2.85858594210673	0.22967043040723	-0.894515345395058
2.4e+07	24500000	2.78811385120465	0.297589001596801	-0.868467037593231
24500000	2.5e+07	2.744639079175	0.367176091703777	-0.864634487973208
2.5e+07	25500000	2.69272332666581	0.419465589323688	-0.845041923301762
25500000	2.6e+07	2.61590734099449	0.456161735715715	-0.801425115479566
2.6e+07	26500000	2.5192626669283	0.481725879002486	-0.738863517074813
26500000	2.7e+07	2.43622615078126	0.515474348771376	-0.689657661363771
2.7e+07	27500000	2.37042640367676	0.562981751918749	-0.650867417349867
27500000	2.8e+07	2.32565314315288	0.627537884428192	-0.622943304739571
2.8e+07	28500000	2.2742953332592	0.67389972422272	-0.592560687876372
28500000	2.9e+07	2.20766192840221	0.712734520762987	-0.554173397880421
2.9e+07	29500000	2.12419859932834	0.705037816376015	-0.514465426216536
29500000	3e+07	2.03564824181903	0.700034967334735	-0.476587707148608
3e+07	30500000	1.94417110153679	0.670455081303476	-0.443136239944611
30500000	3.1e+07	1.84065765356333	0.647879855783195	-0.402670434376686
3.1e+07	31500000	1.75382154664189	0.627206776354397	-0.369108989513636
31500000	3.2e+07	1.69760842410353	0.603390969681203	-0.372375801783787
3.2e+07	32500000	1.66377951590338	0.571566427837479	-0.41595163898082
32500000	3.3e+07	1.6307814121943	0.52799968966911	-0.489484777540413
3.3e+07	33500000	1.57891048206278	0.472505459427773	-0.573140786999018
33500000	3.4e+07	1.5330293267824	0.423197527034247	-0.647477814356619
3.4e+07	34500000	1.52286439454047	0.389710759991489	-0.719214300553982
34500000	3.5e+07	1.55057074706883	0.373870312123923	-0.785890143600794
3.5e+07	35500000	1.60181119674418	0.364076709538901	-0.861302836175438
35500000	3.6e+07	1.65247245856889	0.348742860239692	-0.949139265929589
3.6e+07	36500000	1.69365412933583	0.331568722471864	-1.03228377827079
36500000	3.7e+07	1.72821062235004	0.292295302193061	-1.0854934172266
3.7e+07	37500000	1.76188241647992	0.242464286584512	-1.12277275968555
37500000	3.8e+07	1.80261667258803	0.17354254456736	-1.12807144179077
3.8e+07	38500000	1.81690575857318	0.118725514955194	-1.14528828395287
38500000	3.9e+07	1.79478544418556	0.0521310936214856	-1.15749424810564
3.9e+07	39500000	1.68357568098914	-0.0995117762016956	-1.22658202188978
39500000	4e+07	1.57003788124591	-0.220830884042669	-1.25745852915825
4e+07	40500000	1.45589354204339	-0.307035351469604	-1.25642405934842
40500000	4.1e+07	1.39354638622986	-0.280747839030272	-1.1887940701103
4.1e+07	41500000	1.31736093530855	-0.271915782549631	-1.1274881165642
41500000	4.2e+07	1.24200855476642	-0.268409515168551	-1.07187359535597
4.2e+07	42500000	1.18016070732836	-0.241241975122624	-1.01462517424287
42500000	4.3e+07	1.12798277658344	-0.188445092351599	-0.950594709913014
4.3e+07	43500000	1.08209976611018	-0.124771896003844	-0.885940925144866
43500000	4.4e+07	1.07813260998549	0.0283516787749757	-0.823395107978243
4.4e+07	44500000	1.10949844943765	0.137665082772562	-0.808213124590337
44500000	4.5e+07	1.13329367730599	0.208368523561668	-0.8006058287704
4.5e+07	45500000	1.18318920122364	0.231219291064992	-0.845797938147167
45500000	4.6e+07	1.23488478417467	0.289231727091861	-0.87290352954874
4.6e+07	46500000	1.34910536031535	0.348547143908989	-0.827986242763688
46500000	4.7e+07	1.39236849694201	0.357897654282598	-0.732228937639295
4.7e+07	47500000	1.41441628087273	0.369861390941571	-0.619315396212124
47500000	4.8e+07	1.38277930861208	0.424810690897426	-0.567158606898581
4.8e+07	48500000	1.35080085639499	0.486615037061284	-0.504572775836965
48500000	4.9e+07	1.31141567280145	0.560194630595609	-0.429267155478103
4.9e+07	49500000	1.31181728792606	0.527225579284579	-0.356444875755793
49500000	5e+07	1.3358457373196	0.424009057939134	-0.275023413367241
5e+07	50500000	1.38338178270366	0.261976848734683	-0.207241030591954
50500000	5.1e+07	1.40820385300047	0.171267044306407	-0.168600470543823
5.1e+07	51500000	1.45298522780246	0.103886700302123	-0.168374728416281
51500000	5.2e+07	1.52700813152889	0.0282628428319211	-0.193804184399458
5.2e+07	52500000	1.61247383135516	-0.0474043148561382	-0.210832124208037
52500000	5.3e+07	1.69753320113945	-0.0921640016289892	-0.232909849774855
5.3e+07	53500000	1.76276603604124	-0.0967948332404261	-0.22550597303452
53500000	5.4e+07	1.81364685442051	-0.103184995471675	-0.185827207443037
5.4e+07	54500000	1.83590746521732	-0.142620166415814	-0.118697669681017
54500000	5.5e+07	1.85240106634635	-0.213710880660489	-0.0447059435835284
5.5e+07	55500000	1.86992123029572	-0.284588484334355	0.02175304803774
55500000	5.6e+07	1.8612238467232	-0.346310398323554	0.0689521120875915
5.6e+07	56500000	1.81190318769645	-0.395276772477271	0.0794961436439418
56500000	5.7e+07	1.73012131296421	-0.442143789524444	0.0674567937100734
5.7e+07	57500000	1.64698491940606	-0.48821023344771	0.0538669992004437
57500000	5.8e+07	1.55129234823189	-0.54568984655842	0.0419782237943128
5.8e+07	58500000	1.48855786765614	-0.598437524754433	0.0108992590685325
58500000	5.9e+07	1.43587954144737	-0.653541118854792	-0.0310275120746421
5.9e+07	59500000	1.42575329559508	-0.699456757350806	-0.0908271363322457
59500000	6e+07	1.40573786888427	-0.758827822248687	-0.161518601297146
6e+07	60500000	1.39859299685939	-0.815260310783809	-0.2383364588063
60500000	6.1e+07	1.37416886012559	-0.884468487526729	-0.314498684953927
6.1e+07	61500000	1.34902372469881	-0.949190449236235	-0.383173081920156
61500000	6.2e+07	1.32207250799208	-1.01171197230555	-0.445758445392741
6.2e+07	62500000	1.30654949020796	-1.06224448975417	-0.503967667671583
62500000	6.3e+07	1.33416701330074	-1.08679308729574	-0.574395815855922
6.3e+07	63500000	1.38607836826461	-1.10373997844753	-0.662521035960432
63500000	6.4e+07	1.46220332978107	-1.10697226300814	-0.759184517119861
6.4e+07	64500000	1.52687677711992	-1.10278612968518	-0.830025693651979
64500000	6.5e+07	1.57885599121639	-1.07699623343414	-0.854786418928359
6.5e+07	65500000	1.58104948162779	-1.01954359029769	-0.851485556959369
65500000	6.6e+07	1.52756609049392	-0.961760967429283	-0.835694025266162
6.6e+07	66500000	1.45018018646043	-0.897537589498829	-0.846991029184945
66500000	6.7e+07	1.37577130589526	-0.831471332254613	-0.870673090985326
6.7e+07	67500000	1.31121565289116	-0.758668737969788	-0.90234255231365
67500000	6.8e+07	1.24457099687254	-0.689550856328138	-0.928874750407977
6.8e+07	68500000	1.18483395189474	-0.627671120866327	-0.952945544084747
68500000	6.9e+07	1.12291922336421	-0.563276023717766	-0.978165898581751
6.9e+07	69500000	1.06000508471644	-0.497833305642617	-1.00383328550358
69500000	7e+07	1.00269299571125	-0.437922807881279	-1.02701859267381
7e+07	70500000	0.948609946698849	-0.381336511684668	-1.04870056024379
70500000	7.1e+07	0.896560869788219	-0.326515076985364	-1.0695218065475
7.1e+07	71500000	0.843551926892882	-0.270785189318629	-1.09089882691407
71500000	7.2e+07	0.794824939914779	-0.219737079713276	-1.11027656798146
7.2e+07	72500000	0.743770731548205	-0.166454950074644	-1.13037901864233
72500000	7.3e+07	0.686145840457834	-0.106702980460641	-1.15272357162763
7.3e+07	73500000	0.613895901034895	-0.0318309507732362	-1.18090492168927
73500000	7.4e+07	0.567772279191006	0.0232303497953152	-1.18600638989331
7.4e+07	74500000	0.499092720858192	0.120316584065851	-1.16523299793563
74500000	7.5e+07	0.44443999108822	0.209498634664807	-1.12694891966347
7.5e+07	75500000	0.366895450037747	0.32319550455144	-1.09570187399311
75500000	7.6e+07	0.337224590285671	0.389519781719967	-1.05606346426198
7.6e+07	76500000	0.320454112558265	0.454922258513201	-1.00046323427003
76500000	7.7e+07	0.318793436974403	0.520034316095858	-0.925223957852298
7.7e+07	77500000	0.314590466629029	0.586652589873828	-0.851652174079461
77500000	7.8e+07	0.289071192133888	0.632156824668669	-0.791227329464229
7.8e+07	78500000	0.23867888767736	0.662644932032778	-0.736245656181539
78500000	7.9e+07	0.161104569486255	0.683388819299859	-0.680396576488167
7.9e+07	79500000	0.0755689137077235	0.71618663408125	-0.60808777826625
79500000	8e+07	-0.0064456333687747	0.747185539514792	-0.539062829361698
8e+07	80500000	-0.0852965381410171	0.77651400527337	-0.473209455118475
80500000	8.1e+07	-0.156684885609334	0.803077847906536	-0.414170534962453
8.1e+07	81500000	-0.228889441168253	0.81465630054348	-0.359865759295988
81500000	8.2e+07	-0.303704483743403	0.801568769651354	-0.334308205405773
8.2e+07	82500000	-0.380894010260853	0.757567039094739	-0.335793519791092
82500000	8.3e+07	-0.449559539869277	0.733964065231277	-0.333457387636017
8.3e+07	83500000	-0.527400155352159	0.729839251354891	-0.304743119404222
83500000	8.4e+07	-0.617019120037677	0.756251188430553	-0.245556575437128
8.4e+07	84500000	-0.718270188520905	0.773894227403819	-0.189089631897131
84500000	8.5e+07	-0.783673411250359	0.804504195109546	-0.127905706290022
8.5e+07	85500000	-0.816960729037097	0.844491448667076	-0.0634934192582193
85500000	8.6e+07	-0.829278526408867	0.894546755146757	0.00775009429978019
8.6e+07	86500000	-0.854944512809781	0.962616566073955	0.107366800428281
86500000	8.7e+07	-0.88159760759412	1.02948464189434	0.205575200495143
8.7e+07	87500000	-0.912628805931908	1.07765757783445	0.294699802721859
87500000	8.8e+07	-0.945445740551107	1.08809643337604	0.35527632883698
8.8e+07	88500000	-0.989492687722555	1.0804564346207	0.417712944249431
88500000	8.9e+07	-1.04601608255627	1.07419576048204	0.500822616608487
8.9e+07	89500000	-1.09868770359477	1.06904398652742	0.578830395268407
89500000	9e+07	-1.13014000979636	1.03085342643232	0.646980734199953
9e+07	90500000	-1.1475488102413	0.983877440814598	0.700382468437022
90500000	9.1e+07	-1.15856800524758	0.912863194040895	0.759728814595542
9.1e+07	91500000	-1.17689848460985	0.862760101533026	0.816559742671132
91500000	9.2e+07	-1.19271014488839	0.800034091455361	0.877857658680834
9.2e+07	92500000	-1.20713682650267	0.745986424482885	0.932084010309296
92500000	9.3e+07	-1.22390350717134	0.683077160394923	0.995485375768308
9.3e+07	93500000	-1.24046949377616	0.621660329673358	1.05775561259049
93500000	9.4e+07	-1.25884617140378	0.552712123899584	1.12771187750962
9.4e+07	94500000	-1.27616924465963	0.488091527822723	1.19329226914005
94500000	9.5e+07	-1.29280827877843	0.425668752021726	1.25639822338657
9.5e+07	95500000	-1.30840131609619	0.367652520393661	1.31486134540253
95500000	9.6e+07	-1.32345798444972	0.311297797982127	1.37173266282355
9.6e+07	96500000	-1.33946976781301	0.250667348782618	1.43323044665551
96500000	9.7e+07	-1.35831806294606	0.178968390388875	1.50600209878004
9.7e+07	97500000	-1.37859877387139	0.101725027834178	1.5843543042858
97500000	9.8e+07	-1.3976003514669	0.0289392365915879	1.65812416378561
9.8e+07	98500000	-1.44279360931704	-0.0108072984341245	1.69179724311358
98500000	9.9e+07	-1.52409681069302	-0.03372015359242	1.70076225742309
9.9e+07	99500000	-1.6317893361783	-0.0417244612075377	1.68878717511897
99500000	1e+08	-1.73121240304731	-0.0557372512015368	1.68476724514227
1e+08	100500000	-1.81343958347585	-0.0679785747142385	1.68201838350255
100500000	1.01e+08	-1.89313078667766	-0.0796280777671879	1.67908808757164
1.01e+08	101500000	-1.96984494804941	-0.0907159587864047	1.67605396790408
101500000	1.02e+08	-2.05462264013432	-0.1029809792309	1.67280847567228
1.02e+08	102500000	-2.13355383514394	-0.114113664315119	1.67026941571219
102500000	1.03e+08	-2.22156971988917	-0.126384129879511	1.66794203255328
1.03e+08	103500000	-2.32723709144653	-0.141022028002842	1.66557185047636
103500000	1.04e+08	-2.45013869726167	-0.158304166383546	1.66257088357991
1.04e+08	104500000	-2.57387424604493	-0.175774263959471	1.65937270884137
104500000	1.05e+08	-2.67484896933469	-0.200131181446905	1.66806740149283
1.05e+08	105500000	-2.7711687294623	-0.212315715808006	1.68347128665668
105500000	1.06e+08	-2.87058882808232	-0.218587659168277	1.70663930165877
1.06e+08	106500000	-2.97361035381822	-0.211286952049207	1.72540140021211
106500000	1.07e+08	-3.05677550265268	-0.193554442836177	1.73953783203534
1.07e+08	107500000	-3.09727027769108	-0.162287434209436	1.72283881307832
107500000	1.08e+08	-3.09507149273889	-0.113903662160617	1.67789646873703
1.08e+08	108500000	-3.07331144203228	-0.0609724234594543	1.60739739654515
108500000	1.09e+08	-3.06861826893485	0.0174304697404979	1.54227577728061
1.09e+08	109500000	-3.07955211123016	0.107280019024299	1.48209188763937
109500000	1.1e+08	-3.09803536198302	0.198368101272527	1.43235543479581
1.1e+08	110500000	-3.09601351728223	0.258906933822709	1.37203065443939
110500000	1.11e+08	-3.07660155936794	0.296205504214493	1.29775963689139
1.11e+08	111500000	-3.03605231838909	0.304985843548715	1.20778879613655
111500000	1.12e+08	-2.99142439232508	0.307696323222003	1.11506685605274
1.12e+08	112500000	-2.94762762897729	0.279423464765856	1.05185084975071
112500000	1.13e+08	-2.89893129307494	0.228518311374262	0.998998457812688
1.13e+08	113500000	-2.85848105192308	0.149392252800278	0.952938966684817
113500000	1.14e+08	-2.82383712635191	0.0767255629158068	0.891573995743497
1.14e+08	114500000	-2.80249164203201	0.00414312728443723	0.823803458126503
114500000	1.15e+08	-2.7798381013376	-0.0679384475185968	0.75888372691818
1.15e+08	115500000	-2.79142813931682	-0.130428348801511	0.700026934963679
115500000	1.16e+08	-2.83477242559305	-0.184441544048558	0.64709676141491
1.16e+08	116500000	-2.91277535990249	-0.23865186750616	0.592341564071128
116500000	1.17e+08	-2.97625130303322	-0.292500754740726	0.53089878849723
1.17e+08	117500000	-3.03810735560772	-0.344269484403121	0.510050019549911
117500000	1.18e+08	-3.09953168033838	-0.394102153794714	0.52046319779771
1.18e+08	118500000	-3.16523692740837	-0.448741838953013	0.553268112362884
118500000	1.19e+08	-3.23207491628481	-0.504012436653384	0.572253219545252
1.19e+08	119500000	-3.29826312162757	-0.558645823411606	0.592079861477611
119500000	1.2e+08	-3.37575124732116	-0.622647356195309	0.615793990116945
1.2e+08	120500000	-3.44954790665066	-0.683522209800059	0.638221529161046
120500000	1.21e+08	-3.52296721681533	-0.703103533052165	0.638438991589678
1.21e+08	121500000	-3.59958001426241	-0.68760284767986	0.619385997127432
121500000	1.22e+08	-3.69901020031344	-0.643947833947291	0.582228937502952
1.22e+08	122500000	-3.79142897065282	-0.61355162736084	0.553455989051995
122500000	1.23e+08	-3.8690148143765	-0.579649817652801	0.524116882699739
1.23e+08	123500000	-3.92498336575762	-0.543392474089736	0.495824521023255
123500000	1.24e+08	-3.98373454236403	-0.494963376511402	0.459866080027886
1.24e+08	124500000	-4.04700467695989	-0.443258514929853	0.421326838035599
124500000	1.25e+08	-4.12019872727564	-0.382144549263668	0.375810087725216
1.25e+08	125500000	-4.19435273652472	-0.320610434972852	0.329640378973096
125500000	1.26e+08	-4.26905815730079	-0.258507775883234	0.283261592460379
1.26e+08	126500000	-4.30817550436222	-0.203005868922281	0.274626683940902
126500000	1.27e+08	-4.29671845366023	-0.162781686311452	0.315794681492911
1.27e+08	127500000	-4.26951604993282	-0.12231546697174	0.406148516598775
127500000	1.28e+08	-4.27033881382053	-0.0869025394165278	0.497937716022077
1.28e+08	128500000	-4.3189690540869	-0.0408280940597426	0.577747906891184
128500000	1.29e+08	-4.33741105032521	-0.012848488154715	0.634064364491385
1.29e+08	129500000	-4.306400902033	0.0291052334698807	0.690399338621893
129500000	1.3e+08	-4.23687716856553	0.0751232417990446	0.720804092112789
1.3e+08	130500000	-4.21139481103949	0.13782451659657	0.74285101923238
130500000	1.31e+08	-4.23398709461042	0.171449061715923	0.767257026365952
1.31e+08	131500000	-4.30080700462913	0.200286096542461	0.820336384707354
131500000	1.32e+08	-4.32356835297141	0.210901558157248	0.889021580242086
1.32e+08	132500000	-4.33929594007434	0.230655508194655	0.957903304357893
132500000	1.33e+08	-4.48926307340797	0.372936009597563	1.61667884195242
1.33e+08	133500000	-4.58300835824484	0.447961181518846	1.94816969694896
