0	5e+05	0.0015833169431075	0.000697494934265645	-0.000813048011083794
5e+05	1e+06	5.57701449561463	3.90106896707771	-0.37148046964123
1e+06	1500000	0.00158331692712014	0.000697494899915541	-0.000813047996371279
1500000	2e+06	-5.56977183339217	-3.89851864418253	0.313521655599759
2e+06	2500000	0.00158331698391247	0.000697494986838294	-0.000813048053499184
2500000	3e+06	0.00158266429488136	0.000697641312662839	-0.000813943669487273
3e+06	3500000	0.0015833345230662	0.000697493606847838	-0.000813020003428173
3500000	4e+06	0.0359975144588299	-0.00500212408517529	0.0354011429373945
4e+06	4500000	-0.00139504563154742	-0.0179305993590529	-0.0261235985174552
4500000	5e+06	0.00158333169859735	0.000697494316360418	-0.000813026012014105
5e+06	5500000	0.00103791001838314	0.00026813981061218	-0.000904565828023056
5500000	6e+06	0.00204562041606025	-0.000131037937010988	-0.00153754260670335
6e+06	6500000	0.00159764386628181	0.000687177723891007	-0.000861654642789542
6500000	7e+06	0.00157746765397836	0.000684604826305403	-0.000793862784511382
7e+06	7500000	0.00158333277886446	0.000697494450461426	-0.00081302830069399
7500000	8e+06	0.001583321648435	0.000697490302995634	-0.000813013589071354
8e+06	8500000	0.00480822812483519	-0.00452909159289871	-0.0083610082125814
8500000	9e+06	0.00376948848241858	-0.00201560743217122	0.00857185280460235
9e+06	9500000	0.00158317612353468	0.000696501694966555	-0.000813075451346546
9500000	1e+07	0.00163879270188251	0.000776432994264289	-0.000752253474736961
1e+07	10500000	0.00158332207698195	0.000697490532624458	-0.000813013863661292
10500000	1.1e+07	0.00176238439950905	0.00100266800190908	-0.00145941628240091
1.1e+07	11500000	0.00103166071890571	0.000302822112684881	0.000176976498949358
11500000	1.2e+07	0.00193470872879563	5.00593548070791e-05	0.000177066475072531
1.2e+07	12500000	0.00177449129899076	0.00151872632321215	-0.000234903252508388
12500000	1.3e+07	0.00229860248930272	0.000847834553825198	-0.00119426152040608
1.3e+07	13500000	0.00156450147110742	0.000727991835268976	-0.00083468873137618
13500000	1.4e+07	0.00160892569265951	0.000696469764486119	-0.000791174690710242
1.4e+07	14500000	0.00152638888713039	0.000635997412980088	-0.000744256420288284
14500000	1.5e+07	0.00163387538468603	0.000758483358130876	-0.000835894595029526
1.5e+07	15500000	0.0015833221222119	0.000697490490285827	-0.000813013727449798
15500000	1.6e+07	0.00158332469287487	0.000697491303850623	-0.00081301371890395
1.6e+07	16500000	0.00158331853194658	0.000697487752703557	-0.000813010938152135
16500000	1.7e+07	0.00158332128310004	0.000697490538621283	-0.000813013621460707
1.7e+07	17500000	0.0015833215949538	0.000697490192540212	-0.000813014278931553
17500000	1.8e+07	0.00155951913850597	0.000710635248067291	-0.000766654185429565
1.8e+07	18500000	0.00289091415868699	0.000482048069413768	-0.00041755018303516
18500000	1.9e+07	0.00152816146371399	0.000693374985936568	-0.000832292817285346
1.9e+07	19500000	0.00155155062968217	0.00071351131916152	-0.000856323423641547
19500000	2e+07	0.00117637603153743	0.000961415406092101	-0.00104195974218538
2e+07	20500000	0.00158238171388507	0.000686545004741077	-0.000813247767731582
20500000	2.1e+07	0.00158380298258875	0.000706647385944982	-0.000812916755038219
2.1e+07	21500000	0.0015831572447209	0.000699039602782302	-0.000786556589552146
21500000	2.2e+07	0.00157825432162406	0.000697397009889823	-0.000838688168117829
2.2e+07	22500000	0.00158789938733982	0.000625555312567139	-0.000812486491237177
22500000	2.3e+07	0.00156929245335556	0.000760895596443767	-0.000819867451595303
2.3e+07	23500000	0.00158332017380436	0.000697490189501003	-0.000813013803047023
23500000	2.4e+07	0.00159185377925309	0.000686690784946124	-0.00080625863991617
2.4e+07	24500000	0.00158765423830279	0.000691464512700699	-0.000807338002419008
24500000	2.5e+07	0.00159435855265149	0.000692733279599787	-0.000793102516327798
2.5e+07	25500000	0.00159646725058916	0.000687087252000073	-0.000798704116063376
25500000	2.6e+07	0.00159169813422696	0.000700979902988214	-0.000786294138100465
2.6e+07	26500000	0.00162214126070631	0.0010778436239085	-0.000274634347529147
26500000	2.7e+07	0.00144720216910246	0.000652981919949057	-0.00110957162639958
2.7e+07	27500000	0.0016909570678803	0.00101695887323708	-0.000683123875505199
27500000	2.8e+07	0.00158218143733073	0.000892944760146385	-0.000951611588689798
2.8e+07	28500000	0.00143405661070388	0.000522170328701899	-0.000657766279694191
28500000	2.9e+07	0.00159250850539618	0.000700907506268849	-0.000786451260622371
2.9e+07	29500000	0.00158341914335681	0.000702203724983111	-0.000786115515916528
29500000	3e+07	0.00161597200581871	0.000703195037209763	-0.000815660306084699
3e+07	30500000	0.0017119788280941	0.00192410571310852	-0.00105681325161737
30500000	3.1e+07	0.00131837094120529	0.000286020207621703	-0.000961783000932978
3.1e+07	31500000	0.00185922859322239	-0.000591648845912065	-0.000529005152596188
31500000	3.2e+07	-0.0416583840638285	0.032756801672284	0.0408264053566113
3.2e+07	32500000	0.001584421199237	0.000702017930416264	-0.000786033261948958
32500000	3.3e+07	0.00158444116966921	0.0007020124061874	-0.000785992555779728
3.3e+07	33500000	0.00158444119170051	0.000702012453058282	-0.000785992649725022
33500000	3.4e+07	0.00185069000172389	0.000633596964037601	-0.000897347887222166
3.4e+07	34500000	0.00158444119115349	0.000702012448959341	-0.00078599263507222
34500000	3.5e+07	0.00131723434633196	0.000774383617599494	-0.000621235696784222
3.5e+07	35500000	0.00158444117679835	0.000702012461101422	-0.000785992650161856
35500000	3.6e+07	0.00199534159789794	0.00031665218920161	-0.00135865319773034
3.6e+07	36500000	0.00140930458274933	0.00136051108174048	0.000227967076040259
36500000	3.7e+07	0.00158444118872218	0.000702012457657498	-0.000785992645367687
3.7e+07	37500000	0.00158444115723782	0.000702012597389669	-0.000785992562941054
37500000	3.8e+07	0.00158530148760343	0.00070201029373213	-0.000787413683079502
3.8e+07	38500000	0.00158398226209824	0.000702070844880112	-0.000784988333746103
38500000	3.9e+07	0.00158448137586413	0.000701993292144431	-0.00078593544906507
3.9e+07	39500000	0.00158441858938988	0.000702032372292373	-0.00078601256146443
39500000	4e+07	0.00158444120677527	0.000702012412328222	-0.000785992664814628
4e+07	40500000	0.00158444115848949	0.000702012523348258	-0.000785992645849151
40500000	4.1e+07	0.00158461418329094	0.000702016253246002	-0.000786093588549977
4.1e+07	41500000	0.00158439376890629	0.000702017138673247	-0.000785980376425022
41500000	4.2e+07	0.00158444122273983	0.000702012431871593	-0.000785992649729559
4.2e+07	42500000	0.00158444110628789	0.000702012548147611	-0.000785992608318176
42500000	4.3e+07	0.00158444109401624	0.000702012455795674	-0.000785992674026698
4.3e+07	43500000	0.00158444114140948	0.000702012445602774	-0.000785992646970697
43500000	4.4e+07	0.00154315285669894	0.00062863489566894	-0.000843553372061306
4.4e+07	44500000	0.00158444113707912	0.000702012435537437	-0.000785992659635447
44500000	4.5e+07	0.00159366043623035	0.00069556441845555	-0.000768157629569488
4.5e+07	45500000	0.00158425396722078	0.000702207967972067	-0.000786338905030627
45500000	4.6e+07	0.00158518976674799	0.000701230216210556	-0.000784607555847854
4.6e+07	46500000	0.00115561488978156	0.000649143759763861	-0.000901122827555311
46500000	4.7e+07	0.00180572239582046	0.000672905361340312	-0.000711765975145342
4.7e+07	47500000	0.00158504925138174	0.000701206752923272	-0.000784820821712239
47500000	4.8e+07	0.00158479293807408	0.000700717614925211	-0.000783911658745746
4.8e+07	48500000	0.00158618136840187	0.000701656924676687	-0.000783808335307787
48500000	4.9e+07	0.001682440668446	0.000745718594752514	-0.00094835503177378
4.9e+07	49500000	0.00152815795401744	0.000662726513367696	-0.000620185168249029
49500000	5e+07	0.00158609548562587	0.000701590391516077	-0.000783797573034705
5e+07	50500000	0.00158609542593606	0.000701590291884965	-0.000783797665885308
50500000	5.1e+07	0.00158609541396168	0.000701590417513703	-0.000783797405673017
5.1e+07	51500000	0.00158693228312302	0.000702288075537225	-0.000783999039365577
51500000	5.2e+07	0.00144955728130656	0.000542613395543141	-0.000782639605570943
5.2e+07	52500000	0.00158666585214745	0.000702056540395943	-0.000783883778081727
52500000	5.3e+07	0.00172518578413306	0.000820518323080114	-0.000794327924949152
5.3e+07	53500000	0.0015867649268103	0.000702148531304791	-0.000783958736202913
53500000	5.4e+07	0.00158676485637851	0.000702148570113037	-0.000783958861095537
5.4e+07	54500000	0.00156562952252606	0.000806917145616875	-0.000723123747442805
54500000	5.5e+07	0.00164950027192329	0.00046255127609884	-0.000993999393352386
5.5e+07	55500000	0.0015909977832605	0.000705032279031959	-0.000787017036133123
55500000	5.6e+07	0.00158676224699869	0.000702138375445227	-0.000783942967983257
5.6e+07	56500000	0.00158325277605028	0.000699708324472458	-0.000781146658211436
56500000	5.7e+07	0.00179916296280959	0.00070868764154975	-0.000458770944473902
5.7e+07	57500000	0.00158676486606738	0.000702148596324083	-0.000783958849560403
57500000	5.8e+07	0.00199324337084909	0.000508679155039285	-0.000354323710574123
5.8e+07	58500000	0.00158676484859796	0.000702148551001561	-0.000783958841072713
58500000	5.9e+07	0.00158676474301996	0.000702148548378914	-0.000783958990964441
5.9e+07	59500000	0.0015867561261881	0.000702138854781074	-0.00078396507429216
59500000	6e+07	0.00158676531421527	0.000702148824947966	-0.000783958627801672
6e+07	60500000	0.00158676491419818	0.000702148475058846	-0.000783959084846931
60500000	6.1e+07	0.00158676490030814	0.00070214853497388	-0.00078395892815071
6.1e+07	61500000	0.00158676495841081	0.000702148368125625	-0.000783959050782603
61500000	6.2e+07	0.00157580445462608	0.000706344956142992	-0.000788752151778223
6.2e+07	62500000	0.0015810366193061	0.000704432437558651	-0.000786851907364555
62500000	6.3e+07	0.00158070609582926	0.000703379026459368	-0.000791809446445851
6.3e+07	63500000	0.00157516599712476	0.000707564806678318	-0.00078454743676009
63500000	6.4e+07	0.00164498662396557	0.000614671875640678	-0.00094609662008691
6.4e+07	64500000	0.00155428161128392	0.000759988036266921	-0.000603869990722859
64500000	6.5e+07	0.0015779965458922	0.000705505675545776	-0.000787793516672463
6.5e+07	65500000	0.00160192524148641	0.000687571022438189	-0.000765639988896526
65500000	6.6e+07	0.00151006565188262	0.000760093374096851	-0.000834780589262117
6.6e+07	66500000	0.00157799654291083	0.000705505690778726	-0.000787793499112452
66500000	6.7e+07	0.00157799650079177	0.000705505706636721	-0.000787793517888422
6.7e+07	67500000	0.00157799657865737	0.000705505680647286	-0.000787793634271191
67500000	6.8e+07	0.00157799652130074	0.000705505635365549	-0.000787793587574373
6.8e+07	68500000	0.00158586263794111	0.000705222341041854	-0.000782977710528099
68500000	6.9e+07	0.00152054481224157	0.000705565644926991	-0.000807080401512008
6.9e+07	69500000	0.00158428941614948	0.00070527901348296	-0.000783940873766079
69500000	7e+07	0.00164756881384893	0.00070711092396384	-0.000766452452568223
7e+07	70500000	0.00158428941907783	0.000705279001765993	-0.000783940877563447
70500000	7.1e+07	0.0015842894039151	0.000705279025704803	-0.000783940862913219
7.1e+07	71500000	0.00158318140007737	0.00070321712118054	-0.000779252933749535
71500000	7.2e+07	0.00158428940463127	0.000705279020822394	-0.000783940870008516
7.2e+07	72500000	0.00158428936943903	0.00070527904329161	-0.000783940871170731
72500000	7.3e+07	0.00158428942373515	0.000705279023104681	-0.000783940859948418
7.3e+07	73500000	0.0015842894470626	0.000705279021463024	-0.000783940830427307
73500000	7.4e+07	0.00158428942793044	0.000705279013506185	-0.000783940847375745
7.4e+07	74500000	0.00158428943027806	0.000705279025567151	-0.000783940846425287
74500000	7.5e+07	0.00158430883851442	0.000705106701578177	-0.000784107124878597
7.5e+07	75500000	0.00158426159645134	0.000705438782608127	-0.000783778176308197
75500000	7.6e+07	0.001584289412539	0.000705279046528152	-0.000783940846244556
7.6e+07	76500000	0.00158424091120276	0.000705301341132934	-0.0007839259702212
76500000	7.7e+07	0.00158433400879073	0.000705259895018568	-0.000783956866806141
7.7e+07	77500000	0.00158428940860269	0.000705279032546357	-0.000783940852162626
77500000	7.8e+07	0.00158436341968391	0.000705362101096595	-0.000783968608060391
7.8e+07	78500000	0.00158423717535425	0.000705216512017316	-0.000783921441405121
78500000	7.9e+07	0.00158428949663194	0.000705279053677199	-0.00078394083599115
7.9e+07	79500000	0.00158229722476203	0.000707163805713254	-0.000786420585306258
79500000	8e+07	0.00158627249170666	0.000703382841850818	-0.000781447996915805
8e+07	80500000	0.00158428943055824	0.000705278966618213	-0.000783940844516957
80500000	8.1e+07	0.00158428945438899	0.000705279060862246	-0.000783940821255545
8.1e+07	81500000	0.00158428945899457	0.000705279035563757	-0.000783940846225613
81500000	8.2e+07	0.00158428945277268	0.000705279055617762	-0.000783940835043674
8.2e+07	82500000	0.0015842894244248	0.000705279094958355	-0.00078394090819803
82500000	8.3e+07	0.00158428946625307	0.000705279048470178	-0.000783940849386715
8.3e+07	83500000	0.00158428944246914	0.000705279122963433	-0.000783940770855997
83500000	8.4e+07	0.00158429556871736	0.00070527302508275	-0.000783954485478368
8.4e+07	84500000	0.00158423737581326	0.00070522802883631	-0.000783970900049999
84500000	8.5e+07	0.0015843354105838	0.000705336126030032	-0.0007838970779427
8.5e+07	85500000	0.00158428943937992	0.000705279042782186	-0.000783940862022086
85500000	8.6e+07	0.00158428947082151	0.000705279035496436	-0.000783940887965981
8.6e+07	86500000	0.00158428955137153	0.000705279179445809	-0.000783940889343767
86500000	8.7e+07	0.00158428947771245	0.000705279070256182	-0.000783940776493256
8.7e+07	87500000	0.00158484961391929	0.000705323153932944	-0.00078430170124128
87500000	8.8e+07	0.00158270048553742	0.000705008631577054	-0.000784410481851793
8.8e+07	88500000	0.00158428435653581	0.000705311068917894	-0.000783926518495877
88500000	8.9e+07	0.00158429041508395	0.000705276182421467	-0.000783942307997282
8.9e+07	89500000	0.0015839675910497	0.000705156500734653	-0.0007847287611316
89500000	9e+07	0.00158440631867909	0.000705861877553206	-0.000782659367039522
9e+07	90500000	0.00158407550026112	0.000705555893513814	-0.000783951995598399
90500000	9.1e+07	0.00158450304999117	0.000704826029847913	-0.000784127581245702
9.1e+07	91500000	0.0015842909093668	0.000705276775564366	-0.000783939564963884
91500000	9.2e+07	0.00158455139992845	0.000705685824026031	-0.000784253740100549
9.2e+07	92500000	0.00158344683750299	0.000706271313836642	-0.00078318575221739
92500000	9.3e+07	0.00158432553428931	0.0007042254812829	-0.000785224153281063
9.3e+07	93500000	0.00158428943599616	0.000705279061568963	-0.00078394079813579
93500000	9.4e+07	0.00158428940454113	0.000705279048374753	-0.000783940836689601
9.4e+07	94500000	0.00158428942388427	0.000705279058304888	-0.0007839408490062
94500000	9.5e+07	0.00158415114458448	0.000705374728166338	-0.000783727809383101
9.5e+07	95500000	0.00158410967222518	0.000704892378517915	-0.000784377476342604
95500000	9.6e+07	0.00158367802302627	0.000706130226014881	-0.000783489965605375
9.6e+07	96500000	0.00158436554611199	0.000705767187746719	-0.000784668990979062
96500000	9.7e+07	0.00158340092389797	0.000704772186327635	-0.000783436003286697
9.7e+07	97500000	0.00158358201612556	0.000705151560408095	-0.000783818137554654
97500000	9.8e+07	0.00158379619151175	0.000705292839300996	-0.000784144638885331
9.8e+07	98500000	0.00158520153772031	0.000705444406182029	-0.000783273558454529
98500000	9.9e+07	0.00158428951502004	0.000705279020638448	-0.000783940856939604
9.9e+07	99500000	0.00158402132038563	0.000705687612568895	-0.000785318686646745
99500000	1e+08	0.0015842270759971	0.000704417157294839	-0.000783834219946988
1e+08	100500000	0.00158466165891047	0.00070607800600714	-0.00078372188826173
100500000	1.01e+08	0.00158408282795362	0.000704546434847498	-0.000782956713128378
1.01e+08	101500000	0.00158493062148997	0.000706118621927162	-0.000784238730903154
101500000	1.02e+08	0.00158483406312509	0.000704799993232507	-0.000783161221088911
1.02e+08	102500000	0.00158428946284603	0.000705279025001367	-0.000783940844478587
102500000	1.03e+08	0.00158485575174714	0.00070442750165496	-0.00078370456028931
1.03e+08	103500000	0.00158442703924008	0.000705383858775963	-0.000783777992919983
103500000	1.04e+08	0.00158428940444674	0.000705279040352902	-0.000783940839283279
1.04e+08	104500000	0.0015863757721012	0.000705028830687438	-0.000783981886707781
104500000	1.05e+08	0.00158428946180848	0.000705279003878586	-0.000783940789920311
1.05e+08	105500000	0.00158428947950124	0.000705279187365797	-0.000783940793342674
105500000	1.06e+08	0.00158428942839789	0.000705279075746974	-0.000783940800407884
1.06e+08	106500000	0.00158429438288501	0.000705268942663086	-0.000783928996658128
106500000	1.07e+08	0.00158426808537264	0.000705328398354841	-0.000783992496752598
1.07e+08	107500000	0.00158484171178619	0.000706109656807021	-0.000783673205856128
107500000	1.08e+08	0.00158382471088489	0.000704347338593674	-0.000784195896408884
1.08e+08	108500000	0.00158411407101923	0.000705773304912745	-0.000784132034715247
108500000	1.09e+08	0.00158436481372777	0.000704901422324468	-0.000783683846628718
1.09e+08	109500000	0.00158428940832847	0.000705279047123451	-0.000783940829535864
109500000	1.1e+08	0.00158428941756686	0.00070527905667296	-0.000783940810556626
1.1e+08	110500000	0.00158428943218802	0.000705279061526412	-0.00078394083872585
110500000	1.11e+08	0.00158428944095414	0.00070527901126611	-0.000783940842829033
1.11e+08	111500000	0.00158428944689488	0.000705279086067644	-0.000783940724064875
111500000	1.12e+08	0.00158475203708377	0.000705353849764648	-0.000784951636623161
1.12e+08	112500000	0.00158386334070385	0.000705165614928313	-0.000782959495348864
112500000	1.13e+08	0.00158428941958308	0.000705279045635704	-0.000783940824868894
1.13e+08	113500000	0.00158424912581818	0.00070522056215033	-0.000783984329933977
113500000	1.14e+08	0.0015843219740225	0.000705321457743212	-0.000783906256594122
1.14e+08	114500000	0.00158428939693008	0.000705279043886697	-0.000783940824732264
114500000	1.15e+08	0.00158428939586972	0.000705279106276549	-0.000783940822746818
1.15e+08	115500000	0.00158373873138764	0.000705402962552736	-0.000784903603640771
115500000	1.16e+08	0.00158502573369313	0.000705174236794493	-0.000782170416011956
1.16e+08	116500000	0.00158428919534188	0.000705278142006744	-0.000783941161845116
116500000	1.17e+08	0.00157851292178929	0.000733725314725901	-0.000779831696185142
1.17e+08	117500000	0.00158840736301285	0.000682404104641197	-0.000790005718365489
117500000	1.18e+08	0.00159627773897909	0.000687230384292523	-0.000801989875263224
1.18e+08	118500000	0.00157449356835494	0.000720740659363751	-0.000765557995176607
118500000	1.19e+08	0.00158583575500774	0.000705023652694923	-0.000784568666967019
1.19e+08	119500000	0.00158676988079975	0.000713879656451689	-0.00078700630451862
119500000	1.2e+08	0.00157990320122905	0.000694121009115335	-0.000779143893062351
1.2e+08	120500000	0.00158428922932302	0.000705278314175449	-0.000783941107616195
120500000	1.21e+08	0.00159146172616474	0.000697376785503679	-0.000779077032422888
1.21e+08	121500000	0.0015883348834037	0.000700332747465894	-0.000780675675601148
121500000	1.22e+08	0.00159794804975901	0.000693980140207289	-0.000777432044798289
1.22e+08	122500000	0.00159586678108769	0.000693066590279922	-0.000777621737296378
122500000	1.23e+08	0.00159679670958903	0.000693454504203203	-0.000777546482540894
1.23e+08	123500000	0.00159674792097919	0.00069331433955827	-0.000777431146758339
123500000	1.24e+08	0.0015968489401165	0.000693579577787099	-0.000777660640487818
1.24e+08	124500000	0.00159679683917938	0.00069345454438772	-0.000777546501156206
124500000	1.25e+08	0.0015967967414446	0.000693454481787923	-0.000777546430512459
1.25e+08	125500000	0.00159550809451614	0.00069371776773195	-0.000777240918059318
125500000	1.26e+08	0.00159679671993149	0.00069345447914427	-0.000777546454579202
1.26e+08	126500000	0.00159679668713389	0.000693454494812606	-0.000777546516462022
126500000	1.27e+08	0.00159679654201133	0.000693454804396043	-0.00077754660071376
1.27e+08	127500000	0.00159679676281051	0.000693454536100399	-0.00077754639547112
127500000	1.28e+08	0.00159679669956264	0.000693454496291489	-0.000777546459102899
1.28e+08	128500000	0.0015970773543576	0.000691967225100729	-0.000778083417893237
128500000	1.29e+08	0.00159780487580247	0.000694678325564684	-0.000777314987357373
1.29e+08	129500000	0.00159679667745066	0.000693454467744254	-0.000777546502053858
129500000	1.3e+08	0.00159679666411664	0.000693454492984813	-0.000777546489480079
1.3e+08	130500000	0.00159679670966048	0.000693454468261972	-0.000777546499327844
130500000	1.31e+08	0.0015967966997257	0.000693454513152019	-0.000777546456571441
1.31e+08	131500000	0.00159680369392332	0.000693362637577287	-0.000777538992225821
131500000	1.32e+08	0.00159668703717061	0.000693490402720279	-0.000777473082364173
1.32e+08	132500000	0.00159689931222203	0.000693510446616843	-0.000777627393760488
