0	5e+05	-0.00107344149580144	0.00510045844268468	-0.00572363426140975
5e+05	1e+06	-0.001203177929458	0.00479414515028695	-0.0057448457275227
1e+06	1500000	-0.00430975267316672	-0.00270386147794665	-0.00769875492527968
1500000	2e+06	-0.00187630421308275	0.00513438349635153	-0.00657967024515345
2e+06	2500000	-0.000464577772223548	0.00630834787597941	-0.00566889164008339
2500000	3e+06	-0.00203399572125257	0.00593377547736739	-0.00653977380037755
3e+06	3500000	-0.966166235559711	0.129198898289307	1.59882720225666
3500000	4e+06	-0.936336764022558	1.22503504198758	0.718135174458952
4e+06	4500000	-0.996374487376583	1.79099846459832	-2.62092284375192
4500000	5e+06	6.01018681910699	2.2187521964109	2.31847524862498
5e+06	5500000	-0.70728323860903	-2.87473537708548	0.468378954602586
5500000	6e+06	-0.738449481736384	-1.62013369803666	-0.703539056764123
6e+06	6500000	0.560005473969343	-0.549768974404619	-1.19508489942578
6500000	7e+06	-1.6427337672296	-0.623030585919578	-2.08849849758415
7e+06	7500000	-0.337232239116501	0.488401274363897	1.43002626678438
7500000	8e+06	-0.0212340932834814	0.155396146987279	0.155888680679888
8e+06	8500000	-0.088711592834003	-0.420040778900156	-0.146829678228474
8500000	9e+06	0.021386133926432	0.130930597107656	0.0014327380234346
9e+06	9500000	0.025992816340633	0.0295018742922169	0.00377228892411667
9500000	1e+07	-0.00126381136146647	0.00530645145935287	-0.00597599469228395
1e+07	10500000	0.0604882102847944	-0.0749881714878449	0.0440113511824845
10500000	1.1e+07	-0.0630113774029731	0.0855979369260457	-0.0559653059299869
1.1e+07	11500000	-0.0012638085216005	0.00530646659605821	-0.00597601036801496
11500000	1.2e+07	-0.00890075803775238	0.0124946803977333	-0.0131342534990722
1.2e+07	12500000	-0.0390988043339736	0.0430892166473935	0.0462948791962338
12500000	1.3e+07	0.0442079419278295	-0.0396643887749022	-0.0510885450841892
1.3e+07	13500000	0.0053974180090669	0.000786746118308252	-0.00327576551369124
13500000	1.4e+07	-0.000578306075167144	0.00671529666046058	-0.0193328863062969
1.4e+07	14500000	-0.0552018556865429	0.126831213272646	-0.0575963300475568
14500000	1.5e+07	0.0520091468651506	-0.117638213835202	0.058990090474442
1.5e+07	15500000	0.000435611708534643	0.00439591490080864	0.00243993741642633
15500000	1.6e+07	-0.00196538857360873	0.00295360617098887	-0.00561769098352345
1.6e+07	16500000	-0.00104972286411405	0.0058530652196256	-0.00812273115030388
16500000	1.7e+07	-0.00129610499964731	0.00523855840518021	-0.00603814097869172
1.7e+07	17500000	0.0262579264582979	0.0812065100937584	-0.0689407605434244
17500000	1.8e+07	-0.0287532515123063	-0.0705256914089297	0.0570508939890406
1.8e+07	18500000	-0.00126381022028346	0.00530645923569992	-0.00597600216215375
18500000	1.9e+07	-0.00126381007840485	0.00530645863934429	-0.00597600155025527
1.9e+07	19500000	-0.00126381051733975	0.00530646026032644	-0.00597600250524164
19500000	2e+07	-0.00126383355453729	0.00530641498761502	-0.00597593729221152
2e+07	20500000	-0.00126380988397842	0.00530646028949007	-0.0059760009827846
20500000	2.1e+07	-0.00126378721626518	0.00530650583646796	-0.00597606923214427
2.1e+07	21500000	-0.00126376321377018	0.00530650929201514	-0.00597614489289862
21500000	2.2e+07	-0.199151536386757	0.00681407917491083	-0.0259625487609611
2.2e+07	22500000	-0.00737493129646586	0.0068004868289417	-0.0109547561933765
22500000	2.3e+07	-0.0012637818876356	0.0053064896625001	-0.0059760874725398
2.3e+07	23500000	-0.00126057058461612	0.00530371110514814	-0.00597516986629944
23500000	2.4e+07	-0.00126690001683466	0.00530936314592976	-0.00597729550335558
2.4e+07	24500000	-0.00126373349708665	0.00530654178518143	-0.00597622592477092
24500000	2.5e+07	-0.00126203565220649	0.00530472477479872	-0.00597546443066665
2.5e+07	25500000	-0.00126372457137527	0.00530594361980095	-0.00597635628240502
25500000	2.6e+07	-0.00126477874555879	0.00530702921804801	-0.00597647805590753
2.6e+07	26500000	-0.00126340745496233	0.0053054838474874	-0.00597626607664677
26500000	2.7e+07	-0.0012630136350264	0.00530710496187964	-0.00597597176599732
2.7e+07	27500000	-0.00126342633169525	0.00530637111000317	-0.00597575389050378
27500000	2.8e+07	-0.00126269865775441	0.00530629286387316	-0.00597613598868597
2.8e+07	28500000	-0.00126373422702815	0.00530653780729772	-0.00597623052973659
28500000	2.9e+07	-0.00126373568579935	0.00530653860249646	-0.00597623086198441
2.9e+07	29500000	-0.00126373546856346	0.00530653857044695	-0.00597623050232929
29500000	3e+07	-0.00126373381898552	0.00530653848554706	-0.00597623177230105
3e+07	30500000	-0.00126373629440729	0.00530653899738349	-0.00597623070394974
30500000	3.1e+07	-0.00126373463370438	0.00530653730840008	-0.0059762304566283
3.1e+07	31500000	-0.00126373429133255	0.00530653833629183	-0.00597623034016538
31500000	3.2e+07	-0.00778554836520897	-0.00264977559160465	-0.0062184733476235
3.2e+07	32500000	0.00525807941280857	0.013262852221312	-0.00573398845852961
32500000	3.3e+07	-0.00126373443181813	0.00530653837972944	-0.00597623036823251
3.3e+07	33500000	-0.00126373560292382	0.00530657261685913	-0.00597631277270282
33500000	3.4e+07	-0.00166753878284042	0.00545226788317031	-0.00606500774024769
3.4e+07	34500000	-0.00150603083793706	0.0053939671946316	-0.0060294835636305
34500000	3.5e+07	-0.00190976512372525	0.00553974047533065	-0.00611832843854075
3.5e+07	35500000	-0.00190976750536336	0.00553974047538121	-0.00611832685292568
35500000	3.6e+07	-0.00190976664764645	0.00553973897764966	-0.00611833045008955
3.6e+07	36500000	-0.00190976821624716	0.00553974075751108	-0.0061183282420813
36500000	3.7e+07	-0.00190976662935867	0.00553974040103796	-0.00611832759325121
3.7e+07	37500000	-0.00190976612315577	0.0055397396993436	-0.0061183278436724
37500000	3.8e+07	-0.00190976563992135	0.00553974132436009	-0.00611832796067208
3.8e+07	38500000	-0.00190979515827484	0.00553969904121892	-0.00611838400324603
38500000	3.9e+07	-0.0019097672799697	0.00553974061409564	-0.00611832823965957
3.9e+07	39500000	-0.00190988152510713	0.00553963350199496	-0.00611856374279734
39500000	4e+07	-0.00190972231204326	0.00553984322916747	-0.00611805430216883
4e+07	40500000	-0.00191020679799541	0.00553990207861197	-0.00611842809093997
40500000	4.1e+07	-0.0019093358930185	0.00553959446520762	-0.0061182739179698
4.1e+07	41500000	-0.00190976259833313	0.0055397362852196	-0.00611831434070546
41500000	4.2e+07	-0.00190976646558014	0.00553974039563141	-0.00611832777975211
4.2e+07	42500000	-0.0019093526871178	0.00553953730480027	-0.00611838220090969
42500000	4.3e+07	-0.00191018146287524	0.00553994572809371	-0.00611827742574446
4.3e+07	43500000	-0.00190976601585034	0.00553974094241374	-0.00611832888884151
43500000	4.4e+07	-0.00190976701078939	0.00553973983937567	-0.00611832752074346
4.4e+07	44500000	-0.00188112762859262	0.00557050895448786	-0.0062284123025351
44500000	4.5e+07	-0.00193840622918059	0.00550897250470611	-0.00600824557324182
4.5e+07	45500000	-0.00190976623315932	0.00553974044295285	-0.00611832829714627
45500000	4.6e+07	-0.00191041538695377	0.00550182903913073	-0.0060707603787201
4.6e+07	46500000	-0.00189303442326744	0.00556726821641215	-0.00613061227276407
46500000	4.7e+07	-0.00192584344851072	0.00555011479059982	-0.00615361900933144
4.7e+07	47500000	-0.0019037370139711	0.00553698706314131	-0.00610794489661162
47500000	4.8e+07	-0.00191299889701415	0.00553531142733129	-0.00613212373680178
4.8e+07	48500000	-0.00191257187986617	0.00554692567034624	-0.00611491702338284
48500000	4.9e+07	-0.001909766295087	0.00553974084949092	-0.00611832800426004
4.9e+07	49500000	-0.0019311191967373	0.00545717518914847	-0.00622304698074767
49500000	5e+07	-0.00188841446515731	0.00562230636026555	-0.0060136108547177
5e+07	50500000	-0.00190976602622264	0.00553974102240407	-0.00611832800779973
50500000	5.1e+07	-0.00190976786475933	0.00553973959660041	-0.00611832723482231
5.1e+07	51500000	-0.00190976690918579	0.0055397398620827	-0.00611832768002512
51500000	5.2e+07	-0.00190976800986895	0.00553973856200727	-0.0061183263411125
5.2e+07	52500000	-0.00190976716370901	0.00553974099447064	-0.00611832915105545
52500000	5.3e+07	-0.00190976729158332	0.00553973975407761	-0.00611832697012054
5.3e+07	53500000	-0.00190976703039119	0.00553973935920596	-0.00611832622207168
53500000	5.4e+07	-0.00190976718403836	0.00553973939607519	-0.00611832693035447
5.4e+07	54500000	-0.00190976675826764	0.00553974056390382	-0.0061183285906886
54500000	5.5e+07	-0.00190976667872964	0.00553973995251312	-0.00611832765323061
5.5e+07	55500000	-0.00190976832431403	0.0055397414185511	-0.00611832816495124
55500000	5.6e+07	-0.00211277671038033	0.00541495432999682	-0.00621001141313303
5.6e+07	56500000	-0.00181940296868583	0.00548321404099178	-0.00612609862087564
56500000	5.7e+07	-0.00179703764094845	0.00572113842285572	-0.00601889624050029
