0	5e+05	-0.000442613845247664	-6.68816180395958e-05	0.0006117662320729
5e+05	1e+06	0.000477260573102185	-0.000200042459219623	-0.000981061443063123
1e+06	1500000	0.0010632640041682	0.000293621960387723	7.33092274060235e-05
1500000	2e+06	-0.000931358743374502	0.000701073494562351	-0.00150905952107996
2e+06	2500000	0.000101661888272795	-0.00036017288617097	0.000279516053610954
2500000	3e+06	0.00134634213396463	-0.000771799374225181	0.00199592979162061
3e+06	3500000	0.000591664645924491	0.00045625815613618	1.16240711823013e-05
3500000	4e+06	-0.000570377696747382	-3.70311000003423e-05	-0.0003237896373969
4e+06	4500000	-0.000589783568987742	4.11196102376885e-05	0.00080939097396508
4500000	5e+06	1.57342424652934e-07	6.85317688302496e-08	-4.52732358595425e-07
5e+06	5500000	0.247031992346732	0.0873424091275877	0.0917553103981512
5500000	6e+06	1.57279677237372e-07	6.85675436684153e-08	-4.52837546080424e-07
6e+06	6500000	1.57295912310831e-07	6.85582080304712e-08	-4.5279975221169e-07
6500000	7e+06	-0.248076408807825	-0.0873979077740408	-0.0927278254530752
7e+06	7500000	1.57301627657369e-07	6.85590211355232e-08	-4.52801481141788e-07
7500000	8e+06	1.57246313282258e-07	6.85738591829004e-08	-4.52819286804334e-07
8e+06	8500000	1.57150983585682e-07	6.85007016122067e-08	-4.52704063982097e-07
8500000	9e+06	2.32255435326529e-06	3.68445970241956e-06	-1.79311642778258e-06
9e+06	9500000	-1.57327095550082e-06	-3.00991182909148e-06	4.29820324397146e-07
9500000	1e+07	1.80780663742979e-07	8.34997861151642e-08	-4.34589760300002e-07
1e+07	10500000	1.33523347047599e-07	5.39254165917726e-08	-4.70857650802019e-07
10500000	1.1e+07	1.56992630275955e-07	6.84699008170306e-08	-4.52850719910161e-07
1.1e+07	11500000	1.57678086793404e-07	6.93750730480542e-08	-4.53949208844779e-07
11500000	1.2e+07	1.57277953393925e-07	6.85478511523209e-08	-4.52814252025207e-07
1.2e+07	12500000	1.57262604005204e-07	6.85639462669413e-08	-4.5280792714407e-07
12500000	1.3e+07	1.57271875604482e-07	6.9519061122261e-08	-4.53053526549961e-07
1.3e+07	13500000	-0.00120484564829351	-0.000130002632795147	-0.000141269344958406
13500000	1.4e+07	1.57249994651443e-07	6.93114883278849e-08	-4.53003968670121e-07
1.4e+07	14500000	1.57700071377479e-07	6.94411337718031e-08	-4.52830175209105e-07
14500000	1.5e+07	0.00113811749096307	9.53789516114789e-05	0.000979373037662293
1.5e+07	15500000	0.000832820552817464	0.00129794722047326	-0.00124219610067099
15500000	1.6e+07	-0.000623318356896545	-0.000192172115432188	-0.000629171774382427
1.6e+07	16500000	-0.00109242860723879	0.000672147143883318	-0.0010515815802358
16500000	1.7e+07	-8.77285094398163e-06	0.000490819008351045	-0.000317423685894764
1.7e+07	17500000	0.00170008128678035	0.00124231023835386	7.47997791953201e-05
17500000	1.8e+07	-0.00134144612140539	0.000827579177438058	0.00141110835324916
1.8e+07	18500000	-0.000572223954757926	0.00083047504400409	0.000166161921355171
18500000	1.9e+07	0.000621263866093951	-4.56372905403416e-05	0.00050291305842075
1.9e+07	19500000	0.000271244930171496	-0.000436701720920088	-0.000364424458332511
19500000	2e+07	-0.000888040397601257	-0.00127253817759309	5.84824504178162e-05
2e+07	20500000	-0.000616811573982211	-0.000176191551131268	0.00103087318159153
20500000	2.1e+07	5.65326684547432e-05	-0.00125105300741996	0.00095528346260834
2.1e+07	21500000	0.000105648768098105	9.58145874283346e-05	-0.000547978025226167
21500000	2.2e+07	0.00152836459424955	-0.00145218911555607	0.000312110957183911
2.2e+07	22500000	1.57632738687153e-07	6.9433841411433e-08	-4.5287032671238e-07
22500000	2.3e+07	1.57611523022589e-07	6.94222173306964e-08	-4.52851208836074e-07
2.3e+07	23500000	1.57664756501681e-07	6.95759561174128e-08	-4.53197252927332e-07
23500000	2.4e+07	1.57595067249187e-07	6.94240116280633e-08	-4.52883683414833e-07
2.4e+07	24500000	1.57654417616612e-07	6.93941949101687e-08	-4.52829297192305e-07
24500000	2.5e+07	1.57620223702167e-07	6.9389203253699e-08	-4.52838326454392e-07
2.5e+07	25500000	1.57617086832462e-07	6.93990694977318e-08	-4.52862714822982e-07
25500000	2.6e+07	1.57652875374219e-07	6.93834741845897e-08	-4.52904761103972e-07
2.6e+07	26500000	1.57655684496537e-07	6.94135342076585e-08	-4.52864065812969e-07
26500000	2.7e+07	1.57644896088124e-07	6.94037429347966e-08	-4.52834057168877e-07
2.7e+07	27500000	1.57616794615716e-07	6.94179265123231e-08	-4.52811538695166e-07
27500000	2.8e+07	9.64928832889775e-05	-0.000594806359403087	-0.00120476017398322
2.8e+07	28500000	1.57619480291834e-07	6.94172673733817e-08	-4.52819332574709e-07
28500000	2.9e+07	1.57623132659513e-07	6.94193156806672e-08	-4.528220593616e-07
2.9e+07	29500000	-6.28146128700142e-06	0.000178447480326147	-0.000129131010920136
29500000	3e+07	1.57621235490311e-07	6.94189098873429e-08	-4.52820848159631e-07
3e+07	30500000	1.57625830179177e-07	6.94182871900846e-08	-4.52826138903622e-07
30500000	3.1e+07	1.57628543566157e-07	6.94196681590501e-08	-4.52821720985389e-07
3.1e+07	31500000	6.59671285382612e-06	-0.00017830864171052	0.000128225366858011
31500000	3.2e+07	1.57628059271374e-07	6.94197505893778e-08	-4.52822132690997e-07
3.2e+07	32500000	1.57628125549685e-07	6.94200326897604e-08	-4.52821812345827e-07
32500000	3.3e+07	-0.00190336611292452	-0.000805283151594539	-0.000337568271462845
3.3e+07	33500000	-7.1540266275554e-05	-0.000348405778457292	0.000142207149528239
33500000	3.4e+07	1.5762473814341e-07	6.9425536674537e-08	-4.52818574530762e-07
3.4e+07	34500000	1.57522093082651e-07	6.95092256258983e-08	-4.52675039662028e-07
34500000	3.5e+07	0.00197537862320533	0.00115389816513268	0.000194003900675436
3.5e+07	35500000	1.57544598934634e-07	6.94878609869753e-08	-4.52708055162528e-07
35500000	3.6e+07	1.60476742073522e-07	6.47998870690475e-08	-4.5852524428511e-07
3.6e+07	36500000	1.57540068398314e-07	6.94778586939928e-08	-4.52703189049554e-07
36500000	3.7e+07	1.57545495627796e-07	6.94834563832428e-08	-4.52706192812216e-07
3.7e+07	37500000	1.57550150825039e-07	6.94859493170211e-08	-4.52704642788006e-07
37500000	3.8e+07	1.57487028971184e-07	6.94045347442401e-08	-4.52731973025337e-07
3.8e+07	38500000	1.57549230672544e-07	6.94798741847835e-08	-4.52695822211495e-07
38500000	3.9e+07	1.57537968446331e-07	6.94775125359643e-08	-4.5271218277151e-07
3.9e+07	39500000	1.57544194963393e-07	6.94851434813256e-08	-4.52703808301935e-07
39500000	4e+07	1.57532447531356e-07	6.94785536862358e-08	-4.52695783321386e-07
4e+07	40500000	1.57549802731047e-07	6.94887624820887e-08	-4.52700687470366e-07
40500000	4.1e+07	1.57451933201006e-07	6.97402241969922e-08	-4.52555880957715e-07
4.1e+07	41500000	1.25517688866102e-07	1.05422689680875e-07	-4.57588716339387e-07
41500000	4.2e+07	1.51250718586115e-07	5.10090611287643e-08	-4.6030635018985e-07
4.2e+07	42500000	1.57528294318296e-07	6.92974163719927e-08	-4.52785188739108e-07
42500000	4.3e+07	2.15273413578044e-07	5.15875958882338e-08	-3.86252329107506e-07
4.3e+07	43500000	2.21963116730463e-07	9.7340913990942e-08	-4.39189745556045e-07
43500000	4.4e+07	1.5754706892154e-07	6.94841515463062e-08	-4.52690751057114e-07
4.4e+07	44500000	1.66645739811192e-07	7.62533823705082e-08	-4.75377601808925e-07
44500000	4.5e+07	1.57542126062761e-07	6.94756251225053e-08	-4.52694650459546e-07
4.5e+07	45500000	5.17567775214049e-08	6.35846769896195e-08	-4.60968555224318e-07
45500000	4.6e+07	1.57572867431422e-07	6.94689822022744e-08	-4.52700265401655e-07
4.6e+07	46500000	-1.60588330818389e-05	-0.00056285921694077	-0.00034035694362213
46500000	4.7e+07	1.6356679590753e-07	6.58167722093436e-08	-4.56120553510819e-07
4.7e+07	47500000	8.24499617741413e-08	1.17826188834674e-07	-3.83929576612839e-07
47500000	4.8e+07	-0.000936834365658635	0.000382594965176857	-0.000463455473578268
4.8e+07	48500000	-0.000104928923570215	-0.000374501814194525	0.000647135713551135
48500000	4.9e+07	9.22703697616399e-08	1.1145226647418e-07	-3.95697076449389e-07
4.9e+07	49500000	9.43008140933365e-08	1.09630625090402e-07	-3.91902912691755e-07
49500000	5e+07	-0.00271617892307745	0.00427990898940335	0.00423210162916929
5e+07	50500000	1.90435646456643e-07	4.16246750845526e-07	-1.34017842376872e-06
50500000	5.1e+07	-2.90137711742924e-07	-1.11679062366425e-06	3.40122693724658e-06
5.1e+07	51500000	0.001995567429961	-0.00110083745369815	-0.00351326284412661
51500000	5.2e+07	-0.000440320831348274	-0.00103482094699908	0.000189839910734533
5.2e+07	52500000	-2.90158924750282e-07	-1.11680787834564e-06	3.40121295647081e-06
52500000	5.3e+07	-2.94924006877962e-07	-1.11621737093694e-06	3.4080946824383e-06
5.3e+07	53500000	0.00137610802777874	-0.00154435850402269	-0.000474282721423054
53500000	5.4e+07	-2.93957940822398e-07	-1.1163332146818e-06	3.4067089020888e-06
5.4e+07	54500000	-2.88801341399745e-07	-1.21344982937362e-06	3.4766420080522e-06
54500000	5.5e+07	-3.03955385922341e-07	-1.02544316776701e-06	3.32765151066145e-06
5.5e+07	55500000	-2.94026328195767e-07	-1.1163401197354e-06	3.40674536868311e-06
55500000	5.6e+07	0.0007073131454836	-0.000165028256864554	0.000712798387777981
5.6e+07	56500000	0.000134221115271266	0.000114406217987295	-0.000974194973920766
56500000	5.7e+07	-2.94026026109399e-07	-1.11633948899061e-06	3.40674598560094e-06
5.7e+07	57500000	-2.9402501265101e-07	-1.11634406340879e-06	3.40674697379689e-06
57500000	5.8e+07	-2.94025000883384e-07	-1.116345192114e-06	3.40674924666656e-06
5.8e+07	58500000	-2.94027051107653e-07	-1.11634404683921e-06	3.40674730327146e-06
58500000	5.9e+07	-2.94026358487916e-07	-1.11634376906628e-06	3.40674849294057e-06
5.9e+07	59500000	-2.94027083677408e-07	-1.1163459124446e-06	3.40674673268391e-06
59500000	6e+07	-2.94026048126249e-07	-1.11634662127329e-06	3.40674782920846e-06
6e+07	60500000	-2.94023970874397e-07	-1.11634663535649e-06	3.40674838919566e-06
60500000	6.1e+07	-2.94026780452237e-07	-1.11634471882764e-06	3.40674878268991e-06
6.1e+07	61500000	-2.94024951611191e-07	-1.11634877941809e-06	3.40675372930674e-06
61500000	6.2e+07	-2.94026195487305e-07	-1.11634737998154e-06	3.40675072345627e-06
6.2e+07	62500000	-2.94008848259232e-07	-1.11635875610699e-06	3.40676853118764e-06
62500000	6.3e+07	-2.94024918585916e-07	-1.11634604097745e-06	3.40674711877595e-06
6.3e+07	63500000	-2.94029962798126e-07	-1.11634742680531e-06	3.40674686673047e-06
63500000	6.4e+07	-2.94024635555511e-07	-1.11634739307777e-06	3.40674843218545e-06
6.4e+07	64500000	-2.94029372594701e-07	-1.11634205150522e-06	3.40674024390061e-06
64500000	6.5e+07	-2.94014125318612e-07	-1.11634614620281e-06	3.40676583797645e-06
6.5e+07	65500000	-0.000820826723818333	0.00249956227540091	0.00131892158939773
65500000	6.6e+07	-0.00123583343907409	9.02120696534741e-05	-0.00155290625127554
6.6e+07	66500000	0.000867114432250186	0.00134265788369591	-0.00187285488758956
66500000	6.7e+07	-0.000143002603385854	-6.51199274866131e-05	-2.26657567232552e-05
6.7e+07	67500000	0.000186849797336042	0.000179129832803672	-7.84079577999793e-05
67500000	6.8e+07	-0.000616599245361515	0.00160857990712697	0.00150058382736502
6.8e+07	68500000	-2.94018435154989e-07	-1.11634720405552e-06	3.40676201428541e-06
68500000	6.9e+07	0.00716227086711412	0.0202962320097508	-0.00224626359117478
6.9e+07	69500000	8.44447077496544e-07	1.84950658008126e-07	2.82973927917675e-06
69500000	7e+07	-0.000700505414553276	-0.00119449644690665	0.000971854746085022
7e+07	70500000	4.70419689836637e-06	0.000241406399942029	-0.000777265926673904
70500000	7.1e+07	-0.0056914930460652	-0.018045520010556	0.000401421997971654
7.1e+07	71500000	-0.000935940992622023	-0.000520536690418139	0.00143970151563757
71500000	7.2e+07	-2.53442478288703e-07	-1.27979713784397e-06	3.40959951319198e-06
7.2e+07	72500000	-5.55741698056575e-07	2.03276760837254e-07	3.33864716465303e-06
72500000	7.3e+07	-4.56586568604789e-07	-4.61605332144448e-07	3.3958000917785e-06
7.3e+07	73500000	-4.5606508652667e-07	-4.63461938279167e-07	3.39503721477265e-06
73500000	7.4e+07	-4.56335031709934e-07	-4.6254084957369e-07	3.39540921482274e-06
7.4e+07	74500000	-4.56269905639434e-07	-4.62529246978362e-07	3.39540188963638e-06
74500000	7.5e+07	-4.56285411499632e-07	-4.62542615875493e-07	3.39536621560123e-06
7.5e+07	75500000	-1.04791482507576e-06	-4.37047174464723e-07	4.93514011979168e-06
75500000	7.6e+07	-4.56253797276743e-07	-4.62453963301186e-07	3.39540317806815e-06
7.6e+07	76500000	1.2031043876864e-07	-4.96458884933406e-07	1.88778366447897e-06
76500000	7.7e+07	0.00091792900707339	-0.00167216867215672	-0.00136030109418002
7.7e+07	77500000	0.00232450248930408	0.000704615348300002	-0.000260741336358853
77500000	7.8e+07	-0.00213814474886901	-0.00151285571206972	-0.000968473036775251
7.8e+07	78500000	-0.000532220425127379	-0.00179059745389917	-2.20937333177163e-05
78500000	7.9e+07	1.20248567385324e-05	0.000354209367535748	-2.04477588916089e-05
7.9e+07	79500000	-0.000354394544404593	-0.000750521759821817	0.000409248772525531
79500000	8e+07	-0.00141438105637551	0.00229160618497415	-0.000444866306302832
8e+07	80500000	-6.00268519487822e-05	-0.000465146841274398	1.14683072594398e-06
80500000	8.1e+07	0.00282981077660216	-0.00171420373689838	-0.000720244941112733
8.1e+07	81500000	-0.000731741012720521	-0.00116410699879255	3.55834991564466e-05
81500000	8.2e+07	-0.000112390408425157	4.0864004933556e-05	-8.7468221723526e-06
8.2e+07	82500000	4.97691163329171e-09	-4.89620238966495e-07	2.18931405647549e-06
82500000	8.3e+07	0.000543560637097049	0.000152962955527378	0.000745575177496423
8.3e+07	83500000	4.98486214564088e-09	-4.89679293890566e-07	2.18930963043379e-06
83500000	8.4e+07	4.99550562244391e-09	-4.89643389171965e-07	2.18930501412666e-06
8.4e+07	84500000	-0.000157024140951775	-0.000860135929577123	0.00277551452283901
84500000	8.5e+07	4.99045237573395e-09	-4.89625846297607e-07	2.18930143900776e-06
8.5e+07	85500000	4.98460340969155e-09	-4.89746303616477e-07	2.18929485007626e-06
85500000	8.6e+07	4.98280820128254e-09	-4.89732413565319e-07	2.18933314060527e-06
8.6e+07	86500000	5.00374774417729e-09	-4.89717630806808e-07	2.18930694247058e-06
86500000	8.7e+07	5.00254570007935e-09	-4.89748253758979e-07	2.18933626982602e-06
8.7e+07	87500000	5.02397917961917e-09	-4.89745147864704e-07	2.18931775525886e-06
87500000	8.8e+07	5.01271497948229e-09	-4.89749692711976e-07	2.18934367674044e-06
8.8e+07	88500000	5.42073499841065e-07	-2.54037233171052e-06	1.96926074060159e-06
88500000	8.9e+07	3.71925016283067e-09	-4.90011970792897e-07	2.1895017107489e-06
8.9e+07	89500000	6.36388224028485e-09	-4.89500520939289e-07	2.18911272959578e-06
89500000	9e+07	5.01149236101749e-09	-4.89692600931736e-07	2.18943963299672e-06
9e+07	90500000	5.09015188562313e-09	-4.89729172039656e-07	2.18947786722143e-06
90500000	9.1e+07	4.93754072225516e-09	-4.89748768877352e-07	2.18915867064807e-06
9.1e+07	91500000	4.55940443368046e-09	-4.8939372238077e-07	2.18958905887229e-06
91500000	9.2e+07	-9.26149090657216e-07	-1.26116586634469e-06	1.78161370567966e-06
9.2e+07	92500000	-2.18985977071644e-07	1.54941312935905e-06	3.15144119236012e-06
92500000	9.3e+07	-1.42706212315776e-05	-3.47521563356584e-06	1.15030973242878e-05
9.3e+07	93500000	6.71371609575408e-09	-4.86082579361339e-07	2.19091828764205e-06
93500000	9.4e+07	0.000130933409410809	0.000107426121163585	0.000242605848767591
9.4e+07	94500000	1.66296056960946e-08	-4.90110367076077e-07	2.17376417375617e-06
94500000	9.5e+07	-0.0283465009812573	-0.0102140711250385	-0.00232685672617826
9.5e+07	95500000	0.000325244681494161	-7.24808680691918e-05	2.44603251185751e-05
95500000	9.6e+07	0.000284835922878188	6.07012747843186e-05	-2.28398931296138e-06
9.6e+07	96500000	0.0283999191246854	0.0100502036897586	0.00289435579735189
