0	5e+05	0.594638858086056	0.831463964183171	3.28145770531545
5e+05	1e+06	0.64235391759665	0.806803325832873	3.30122266626333
1e+06	1500000	0.725216694266088	0.763917311694993	3.3355497693774
1500000	2e+06	0.813554486555586	0.718239601150207	3.37213972252859
2e+06	2500000	0.895704590194638	0.67584828080632	3.40615292549315
2500000	3e+06	0.979666558083248	0.632592269464955	3.4409593677354
3e+06	3500000	1.07356853313969	0.583849931426659	3.47813295117817
3500000	4e+06	1.16526149055703	0.535906706269855	3.51304296646815
4e+06	4500000	1.25392519208702	0.489234359721513	3.54565598005471
4500000	5e+06	1.34297567477143	0.442331691475136	3.5787676180836
5e+06	5500000	1.4534551605805	0.383747183277242	3.62002643147405
5500000	6e+06	1.55560391819182	0.33657520885536	3.63544446836698
6e+06	6500000	1.64961878154706	0.306363303919946	3.60756364125172
6500000	7e+06	1.71779646840293	0.302741359487719	3.52948054717052
7e+06	7500000	1.79284449449446	0.299441146926853	3.44160205327607
7500000	8e+06	1.86658869061523	0.295579863203144	3.35713467544637
8e+06	8500000	1.93602600790916	0.291436979241872	3.27874309104655
8500000	9e+06	2.00523186769497	0.287421118915368	3.19993832103699
9e+06	9500000	2.09070157355008	0.282493648765453	3.10239984122717
9500000	1e+07	2.17122215552221	0.277906850001813	3.01055115668949
1e+07	10500000	2.25763360084479	0.273014960024237	2.9119384918837
10500000	1.1e+07	2.33199901580391	0.268789383093229	2.8270232703782
1.1e+07	11500000	2.3725019995278	0.247750218564668	2.73878507578514
11500000	1.2e+07	2.37409310860771	0.206202928292835	2.6444089561515
1.2e+07	12500000	2.32561468351386	0.165360425195376	2.56804239638328
12500000	1.3e+07	2.26268413216443	0.187175237828629	2.51029455561519
1.3e+07	13500000	2.18569396697134	0.261378256228781	2.49003122652809
13500000	1.4e+07	2.11991039710287	0.327429283403179	2.45721620474612
1.4e+07	14500000	2.11600776602405	0.357747553002432	2.41550082575206
14500000	1.5e+07	2.16486180488105	0.387561921742497	2.37267204394254
1.5e+07	15500000	2.27004822051043	0.477289501991714	2.32927538054002
15500000	1.6e+07	2.36904191099433	0.582395593117138	2.28550819559574
1.6e+07	16500000	2.47070607194321	0.690075033298294	2.22873218361505
16500000	1.7e+07	2.54503672344292	0.765895807043216	2.18998411296187
1.7e+07	17500000	2.61683481257222	0.839452291807294	2.15307492381355
17500000	1.8e+07	2.68191563397603	0.906296168553718	2.11938151875097
1.8e+07	18500000	2.76491288671159	0.991901756359467	2.07638521245142
18500000	1.9e+07	2.82180298167939	1.08789087405233	1.9867164677596
1.9e+07	19500000	2.85360236107758	1.17251522360944	1.88694717630159
19500000	2e+07	2.84975011383064	1.23738046407676	1.77771037290867
2e+07	20500000	2.85206074986752	1.2962260238336	1.68589087198437
20500000	2.1e+07	2.85518836068807	1.35958508507026	1.58861919365978
2.1e+07	21500000	2.85951311206533	1.45257532558688	1.44635089144476
21500000	2.2e+07	2.86281305875163	1.53301269894084	1.32300638026132
2.2e+07	22500000	2.7292570921271	1.5926355007537	1.16137633401726
22500000	2.3e+07	2.54819502357805	1.59994990652547	1.05637280621286
2.3e+07	23500000	2.33134693028023	1.59064687917066	0.958380961108139
23500000	2.4e+07	2.21764987856436	1.58111964716972	0.913425141558097
2.4e+07	24500000	2.1053225117041	1.57313195479144	0.866837493990497
24500000	2.5e+07	1.99327565788323	1.56517244417371	0.820276295217602
2.5e+07	25500000	1.88444183674038	1.55744292770524	0.775128367701434
25500000	2.6e+07	1.79469060846653	1.5511026407473	0.73784105915748
2.6e+07	26500000	1.70337228581027	1.54491788238314	0.69995717383563
26500000	2.7e+07	1.61413094530249	1.53895082835466	0.662970399944518
2.7e+07	27500000	1.52433044570067	1.53297999963652	0.62578795323671
27500000	2.8e+07	1.42491364526529	1.52625700581936	0.584530132739736
2.8e+07	28500000	1.32272901295396	1.51932301439848	0.5421541968932
28500000	2.9e+07	1.20171179807034	1.51090242612629	0.491919876025344
2.9e+07	29500000	1.09665127087165	1.50348785009639	0.448579342405502
29500000	3e+07	1.00325766380682	1.49420291157892	0.38681656916935
3e+07	30500000	0.941658350064045	1.48489745061522	0.317084240984669
30500000	3.1e+07	0.888562446903254	1.47322960580377	0.223930973385323
3.1e+07	31500000	0.834911749339373	1.46147152084555	0.130627464335505
31500000	3.2e+07	0.770186673529883	1.44813587220106	0.0242564423467333
3.2e+07	32500000	0.711030252875696	1.43584482095896	-0.0728791669637263
32500000	3.3e+07	0.658525282662363	1.39638030769137	-0.149096407311603
3.3e+07	33500000	0.614521614570296	1.33698283215534	-0.202983991314631
33500000	3.4e+07	0.564250507466185	1.24641654126739	-0.255919867443345
3.4e+07	34500000	0.511127877625102	1.16227580761091	-0.315961662935975
34500000	3.5e+07	0.455699005374963	1.07498591221297	-0.378126448932654
3.5e+07	35500000	0.408285557129879	0.999616125816614	-0.430618937221775
35500000	3.6e+07	0.356435430544891	0.917150472686445	-0.487980024695407
3.6e+07	36500000	0.303169989623781	0.832549853354416	-0.546913573664054
36500000	3.7e+07	0.245181477094687	0.780885187361342	-0.603228115537634
3.7e+07	37500000	0.161518732464756	0.770671696393695	-0.67182547503325
37500000	3.8e+07	0.0729379153178997	0.794458253836535	-0.737757432274549
3.8e+07	38500000	-0.0252329168679224	0.812795803835647	-0.812156284886669
38500000	3.9e+07	-0.111997994790833	0.827371173273196	-0.878023260231703
3.9e+07	39500000	-0.207575797621219	0.843462321252331	-0.950357943065014
39500000	4e+07	-0.303600185608446	0.859699552577743	-1.02290261293845
4e+07	40500000	-0.391911895213761	0.874737065904172	-1.0894111238427
40500000	4.1e+07	-0.486810169835261	0.891153477930915	-1.16087723754347
4.1e+07	41500000	-0.58139436032448	0.907658377822085	-1.2321320317358
41500000	4.2e+07	-0.698804735170662	0.928146622327026	-1.31991356230565
4.2e+07	42500000	-0.805245119421967	0.946212351956575	-1.39892411050173
42500000	4.3e+07	-0.911151852974242	0.963839257520907	-1.47709075298839
4.3e+07	43500000	-1.00087571656532	0.978153850291316	-1.54329964058256
43500000	4.4e+07	-1.0811642987706	0.990997564224205	-1.60257271351379
4.4e+07	44500000	-1.16416479791419	1.00414933128501	-1.66391681171526
44500000	4.5e+07	-1.24307857960432	1.01643524907303	-1.72215505483517
4.5e+07	45500000	-1.33020154157153	1.02995021550295	-1.78601855084811
45500000	4.6e+07	-1.42437362005153	1.04438597686319	-1.8546991874943
4.6e+07	46500000	-1.51804222741244	1.05878491045165	-1.92278841397264
46500000	4.7e+07	-1.63865671501457	1.07730778999871	-2.01059840913653
4.7e+07	47500000	-1.75354505677305	1.09499890803549	-2.09401633001032
47500000	4.8e+07	-1.87355953797902	1.11358980792039	-2.18105247231489
4.8e+07	48500000	-1.94124105254406	1.12408407615528	-2.26307085120727
48500000	4.9e+07	-1.98222104666893	1.09597068572355	-2.32631668027062
4.9e+07	49500000	-2.00939859402636	1.0506359717814	-2.340153578694
49500000	5e+07	-2.00876812705582	0.987289532827393	-2.30386324961051
5e+07	50500000	-1.98423993988129	0.90220385998324	-2.23124143907136
50500000	5.1e+07	-1.93008719228095	0.804278166767105	-2.16599707887384
5.1e+07	51500000	-1.88979091151023	0.693018318086367	-2.09310073270286
51500000	5.2e+07	-1.85283305078415	0.606536960631695	-2.0349595123421
5.2e+07	52500000	-1.80635297625305	0.503423651269227	-1.969563041226
52500000	5.3e+07	-1.76349472745949	0.412757381360261	-1.91636250524862
5.3e+07	53500000	-1.72235657773236	0.323990798591789	-1.86301495174479
53500000	5.4e+07	-1.68707228977538	0.24782914364089	-1.81732375834067
5.4e+07	54500000	-1.64915078836386	0.165984948997379	-1.76834279677955
54500000	5.5e+07	-1.61228919463351	0.0863598578051901	-1.72059953946414
5.5e+07	55500000	-1.57392961811571	0.00351048530049324	-1.67082164808685
55500000	5.6e+07	-1.53587257254303	-0.0787667516294618	-1.62138963515032
5.6e+07	56500000	-1.49403258600743	-0.169298892894136	-1.56699214051058
56500000	5.7e+07	-1.45417695241353	-0.255197725300597	-1.51570505344895
5.7e+07	57500000	-1.41504093559051	-0.339532673736753	-1.4657412516691
57500000	5.8e+07	-1.372606885691	-0.430214527077771	-1.41267791318783
5.8e+07	58500000	-1.34438020045502	-0.521206311473464	-1.37209282725107
58500000	5.9e+07	-1.31181427389493	-0.625255934558917	-1.32786043660669
5.9e+07	59500000	-1.28558687513809	-0.727290141852871	-1.29125107590595
59500000	6e+07	-1.24668714492544	-0.836112095910062	-1.24402770019398
6e+07	60500000	-1.21086093616723	-0.944875559703895	-1.1987295934694
60500000	6.1e+07	-1.17884582602566	-1.04251544745225	-1.15821386995306
6.1e+07	61500000	-1.17636065563239	-1.13415380377073	-1.12615036554433
61500000	6.2e+07	-1.19255138260599	-1.21725628247592	-1.10117898966422
6.2e+07	62500000	-1.23038062295934	-1.30768858674349	-1.07834496638257
62500000	6.3e+07	-1.25888962133314	-1.39520747082961	-1.05444702701718
6.3e+07	63500000	-1.29660124613295	-1.5026299227609	-1.02581856322872
63500000	6.4e+07	-1.33551630815751	-1.61401057746113	-0.996326167568321
6.4e+07	64500000	-1.37408034268136	-1.72397702367178	-0.967238984644943
64500000	6.5e+07	-1.41269187174447	-1.83269027448736	-0.938402881414079
6.5e+07	65500000	-1.44700675419083	-1.9283745599887	-0.912911697530393
65500000	6.6e+07	-1.50892365931811	-2.0122851149797	-0.894513791307748
6.6e+07	66500000	-1.57916595978741	-2.06875628632601	-0.885687770971548
66500000	6.7e+07	-1.65938969761814	-2.10804792405449	-0.910442007092982
6.7e+07	67500000	-1.69901712629622	-2.16089153189303	-0.942996555402862
67500000	6.8e+07	-1.72344808812931	-2.22181597757268	-1.00379686647574
6.8e+07	68500000	-1.73555115397006	-2.29570374474272	-1.05691210318555
68500000	6.9e+07	-1.76095904282426	-2.3731422999345	-1.12711935994846
6.9e+07	69500000	-1.78473097985974	-2.45389163292892	-1.19621977860146
69500000	7e+07	-1.8091178127255	-2.53945312825939	-1.26921672322801
7e+07	70500000	-1.83458659423492	-2.6305778298702	-1.34648432578519
70500000	7.1e+07	-1.85884616181996	-2.71619100000947	-1.41929887507103
7.1e+07	71500000	-1.88266798540129	-2.80042314792459	-1.49092925113315
71500000	7.2e+07	-1.90486752409814	-2.87941194281865	-1.55805044164354
7.2e+07	72500000	-1.92740354115858	-2.95978326689901	-1.62644010114673
72500000	7.3e+07	-1.94960174506347	-3.03952568945095	-1.69426969955655
7.3e+07	73500000	-1.97132344096317	-3.11609199509148	-1.75940502680662
73500000	7.4e+07	-1.99225677679021	-3.18954115119394	-1.82201498501393
7.4e+07	74500000	-2.01451789483445	-3.26756558254365	-1.88884071564247
74500000	7.5e+07	-2.03705000661442	-3.34809973267059	-1.95785555382902
7.5e+07	75500000	-2.06113008984368	-3.43581020080616	-2.03302434948009
75500000	7.6e+07	-2.08221625642047	-3.51402376731722	-2.0999070551728
7.6e+07	76500000	-2.11977854271531	-3.55604858263143	-2.16509474057976
76500000	7.7e+07	-2.1735149075727	-3.57531979976085	-2.23520900405551
7.7e+07	77500000	-2.24088879327938	-3.57953628286342	-2.31175265536237
77500000	7.8e+07	-2.30556095246352	-3.59591914557112	-2.39215538777771
7.8e+07	78500000	-2.35984384428797	-3.60894659355696	-2.45918471198448
78500000	7.9e+07	-2.38850627816031	-3.61561773109675	-2.49446310491208
