0	5e+05	-0.579729956088442	-4.07958045181579	-1.97329848309347
5e+05	1e+06	-0.594063925799321	-4.06796773953839	-1.99148693478482
1e+06	1500000	-0.627058485030768	-4.04240227430542	-2.02513875010777
1500000	2e+06	-0.645918880475037	-4.01244789884788	-2.0836876526953
2e+06	2500000	-0.683218090539638	-4.00001495706448	-2.12493358360801
2500000	3e+06	-0.743787422896775	-4.0002024595264	-2.16562505230425
3e+06	3500000	-0.804253772460494	-4.00388088673876	-2.21757440525989
3500000	4e+06	-0.873244171269521	-4.00011530105938	-2.28545351840839
4e+06	4500000	-0.934819192471663	-3.99647337466862	-2.3493975149908
4500000	5e+06	-0.994735435416261	-3.98181755021816	-2.4026829961221
5e+06	5500000	-1.00990283658112	-3.97244177252408	-2.45471967676088
5500000	6e+06	-0.993865677120988	-3.98235939309673	-2.51483172832231
6e+06	6500000	-0.971202800924098	-4.01250309160464	-2.58104230179706
6500000	7e+06	-0.979127089075161	-4.02709112105408	-2.64356487458884
7e+06	7500000	-0.99471047016258	-3.99177186803871	-2.67511774723152
7500000	8e+06	-1.02979477334878	-3.92019409983924	-2.68992444958354
8e+06	8500000	-1.02932915625718	-3.83162749922604	-2.67728813060262
8500000	9e+06	-1.01899873663349	-3.73834271248175	-2.66580456297782
9e+06	9500000	-0.973941754919413	-3.68295857476393	-2.63402790956903
9500000	1e+07	-0.920129232145515	-3.64000705499697	-2.59743621344001
1e+07	10500000	-0.850375529978068	-3.61989466090666	-2.55285947352621
10500000	1.1e+07	-0.776627893411893	-3.58649188918457	-2.50494666356248
1.1e+07	11500000	-0.703389022092498	-3.5542776470529	-2.45741746666534
11500000	1.2e+07	-0.648235722699474	-3.49878081283132	-2.43015130188298
1.2e+07	12500000	-0.596155926300785	-3.44874742634378	-2.40378905812772
12500000	1.3e+07	-0.547385659847342	-3.39863917336468	-2.37988869168998
1.3e+07	13500000	-0.495273044552163	-3.35449426538397	-2.35150310603046
13500000	1.4e+07	-0.455527520326419	-3.28616976210707	-2.33930181689183
1.4e+07	14500000	-0.428754182326464	-3.20289630515538	-2.34126065388553
14500000	1.5e+07	-0.384988400451363	-3.15346034216033	-2.32987720283513
1.5e+07	15500000	-0.314396512396086	-3.12763428725941	-2.30296148708287
15500000	1.6e+07	-0.230666850294481	-3.12295222610673	-2.26672415177902
1.6e+07	16500000	-0.150301122421849	-3.13582647347578	-2.24755207160404
16500000	1.7e+07	-0.0747126617764141	-3.17618749382593	-2.24286584435911
1.7e+07	17500000	0.00546150351870164	-3.23733772685775	-2.24622897922975
17500000	1.8e+07	0.0920162420083533	-3.29164462395515	-2.24448260250771
1.8e+07	18500000	0.171635145424039	-3.34218213803361	-2.24323394324649
18500000	1.9e+07	0.234173129486082	-3.35307325596769	-2.25441797931443
1.9e+07	19500000	0.305996076656138	-3.33713280485462	-2.27871725323394
19500000	2e+07	0.361388581807481	-3.27792381404803	-2.30960487905708
2e+07	20500000	0.432019741910008	-3.19838167001832	-2.34282321269725
20500000	2.1e+07	0.477768756047886	-3.10581011827579	-2.37032551847589
2.1e+07	21500000	0.542764858283216	-3.05611666583013	-2.3730877388866
21500000	2.2e+07	0.621721879063644	-3.04968791155941	-2.34797787502003
2.2e+07	22500000	0.712478969577227	-3.05124190416305	-2.32017979545891
22500000	2.3e+07	0.779350230522309	-3.01286770779432	-2.2899016841527
2.3e+07	23500000	0.810954564861437	-2.97690701665418	-2.23405119156911
23500000	2.4e+07	0.823953340809313	-2.94940852788557	-2.14473669026833
2.4e+07	24500000	0.837643733042713	-2.94016753398946	-2.0483497303755
24500000	2.5e+07	0.855154647104721	-2.92238957770315	-1.95892056973912
2.5e+07	25500000	0.875631992733173	-2.901306807864	-1.85702215285508
25500000	2.6e+07	0.897617708337975	-2.87913257042068	-1.75108839116078
2.6e+07	26500000	0.898474481245781	-2.8397334758255	-1.65025179838126
26500000	2.7e+07	0.881301404423638	-2.79232094336122	-1.57111635476283
2.7e+07	27500000	0.84053838584992	-2.72341842617138	-1.49416177084632
27500000	2.8e+07	0.796988023689083	-2.65534668416862	-1.43308714706001
2.8e+07	28500000	0.776011286530063	-2.58625580520309	-1.36927990930047
28500000	2.9e+07	0.769498289560863	-2.54964784077699	-1.3051176390756
2.9e+07	29500000	0.772685884391143	-2.52674215384232	-1.23219860751128
29500000	3e+07	0.802323910105278	-2.53950198015746	-1.17271792954335
3e+07	30500000	0.85150591975506	-2.55056808132608	-1.11291052094076
30500000	3.1e+07	0.930465840887752	-2.57671234513162	-1.04411416052762
3.1e+07	31500000	0.9947663242744	-2.59434889392907	-0.97176088939937
31500000	3.2e+07	1.07268279441389	-2.62001407323	-0.909970509206989
3.2e+07	32500000	1.15726954207397	-2.65007969215937	-0.857948518821557
32500000	3.3e+07	1.22826335345683	-2.69109580432196	-0.796860127139453
3.3e+07	33500000	1.29745560757301	-2.73542165438475	-0.736475987303397
33500000	3.4e+07	1.35847723004489	-2.75360102988153	-0.71313261824121
3.4e+07	34500000	1.45255496012411	-2.7444722490241	-0.718698773882696
34500000	3.5e+07	1.55329734209972	-2.71664694856868	-0.747723986180617
3.5e+07	35500000	1.65023086093957	-2.69282397439749	-0.774881298793909
35500000	3.6e+07	1.6816197650488	-2.65137730368446	-0.810588546121097
3.6e+07	36500000	1.6657897558609	-2.59645193602814	-0.817142418338786
36500000	3.7e+07	1.61564814625308	-2.51019089930216	-0.791759114213114
3.7e+07	37500000	1.57242989269876	-2.41516753550045	-0.737481414831308
37500000	3.8e+07	1.52924650910497	-2.31271059616994	-0.696910958742074
3.8e+07	38500000	1.48630129643452	-2.21495093996522	-0.655501683317908
38500000	3.9e+07	1.44710700237494	-2.12714015040623	-0.617394830628246
3.9e+07	39500000	1.40835203997742	-2.03990936814918	-0.579521408035655
39500000	4e+07	1.3989397641375	-1.97372268149175	-0.565626891758411
4e+07	40500000	1.40890762698184	-1.89396408759029	-0.564136074485293
40500000	4.1e+07	1.43636549845205	-1.81190760595306	-0.575234334297433
4.1e+07	41500000	1.46055260420994	-1.7105859319832	-0.581979251553826
41500000	4.2e+07	1.48244677615367	-1.61990936726901	-0.588299677062513
4.2e+07	42500000	1.49011761317572	-1.54701072079319	-0.567919890500194
42500000	4.3e+07	1.4670316900711	-1.49761282654245	-0.56126335393271
4.3e+07	43500000	1.40342194935968	-1.44829205963224	-0.565455734488648
43500000	4.4e+07	1.32269314128901	-1.3877421360667	-0.602165753418201
4.4e+07	44500000	1.24117531915903	-1.32415354854835	-0.629402195905279
44500000	4.5e+07	1.19533397131253	-1.31942851992595	-0.66956999492572
4.5e+07	45500000	1.16450619048109	-1.35256526129832	-0.726699651206042
45500000	4.6e+07	1.1288816043617	-1.41865585480023	-0.772877198158612
4.6e+07	46500000	1.06922751535651	-1.46825942497809	-0.798235586953862
46500000	4.7e+07	0.984165306231112	-1.52885545919555	-0.808472182272233
4.7e+07	47500000	0.903014395575796	-1.59095372635142	-0.828521092277393
47500000	4.8e+07	0.816501361958069	-1.65809428113249	-0.849802682587105
4.8e+07	48500000	0.737545528749934	-1.69567042768984	-0.861639043374028
48500000	4.9e+07	0.653850239743794	-1.71315332509512	-0.878610302213687
4.9e+07	49500000	0.569262698813369	-1.6945426054086	-0.908894106168454
49500000	5e+07	0.482948930991746	-1.66684267153972	-0.956237654496524
5e+07	50500000	0.395758601143202	-1.63026007832843	-1.01050695116812
50500000	5.1e+07	0.338796686449054	-1.60300519561907	-1.08376529333895
5.1e+07	51500000	0.327723140652814	-1.58645952330055	-1.16929144282728
51500000	5.2e+07	0.362301997061289	-1.54220795900923	-1.2335416198103
5.2e+07	52500000	0.361592787540362	-1.47229858385279	-1.23391415574956
52500000	5.3e+07	0.311816581402321	-1.36324629574651	-1.22618360859275
5.3e+07	53500000	0.226294312152007	-1.26640102507099	-1.22797250540193
53500000	5.4e+07	0.145617064916523	-1.18727777983364	-1.24588723771427
5.4e+07	54500000	0.0789323275324072	-1.1475238369765	-1.2204812332084
54500000	5.5e+07	0.0210265509420566	-1.16394943856405	-1.18356436381498
5.5e+07	55500000	-0.0393250445308287	-1.21311486630405	-1.13769290760222
55500000	5.6e+07	-0.0720973654047904	-1.26950971692692	-1.09092900471047
5.6e+07	56500000	-0.0749334496099622	-1.32249208725864	-1.03087288553479
56500000	5.7e+07	-0.0358417004288325	-1.3819535532602	-0.965521085464679
5.7e+07	57500000	0.0186110087639831	-1.42250037573999	-0.905116589884321
57500000	5.8e+07	0.082938603827544	-1.4390840946222	-0.85441370335981
5.8e+07	58500000	0.173304288747723	-1.43298923935181	-0.806734473674216
58500000	5.9e+07	0.246587822228955	-1.34312328938898	-0.633822819600988
5.9e+07	59500000	0.265353202378414	-1.23969472718605	-0.455672725181339
59500000	6e+07	0.223365457998442	-1.11706116396287	-0.277079303308631
6e+07	60500000	0.178877760516624	-1.06469091474401	-0.218603051984443
60500000	6.1e+07	0.171252849780401	-1.02399095999145	-0.14665592395009
6.1e+07	61500000	0.210260036330046	-0.976084554113839	-0.0981464311454911
61500000	6.2e+07	0.233546470568714	-0.911845278102421	-0.076950171655287
6.2e+07	62500000	0.24481983394078	-0.820081021665842	-0.0831587430490091
62500000	6.3e+07	0.251289044031066	-0.739070327767085	-0.064212093633168
6.3e+07	63500000	0.293628004326962	-0.693466652131304	-0.00943045647360724
63500000	6.4e+07	0.329980931879546	-0.675264268757042	0.079046057019165
6.4e+07	64500000	0.335887414306557	-0.638228788026163	0.152046424073546
64500000	6.5e+07	0.296394311661599	-0.570926280698224	0.209274604960267
6.5e+07	65500000	0.24822970086016	-0.473601098599158	0.250592912786287
65500000	6.6e+07	0.204474384461059	-0.3829629010244	0.260561728762936
6.6e+07	66500000	0.169508959120399	-0.297839407634834	0.240369318079623
66500000	6.7e+07	0.13677947354648	-0.210623245788959	0.190084715155067
6.7e+07	67500000	0.0997612244058598	-0.114753693930635	0.151277332401868
67500000	6.8e+07	0.0651624353529628	-0.0240885602045073	0.116433529433713
6.8e+07	68500000	0.0303654362981442	0.0161404573669102	0.040228027158889
68500000	6.9e+07	-0.00154253863608884	0.0179105901243798	-0.0563350580772598
6.9e+07	69500000	-0.0435113972253728	-0.0116496470735808	-0.206109690462842
69500000	7e+07	-0.0873846468040284	-0.0520794516365716	-0.302417289063195
7e+07	70500000	-0.135033342761505	-0.0952697805162331	-0.33272422624578
70500000	7.1e+07	-0.189777519159141	-0.156446897203789	-0.279688250285568
7.1e+07	71500000	-0.254515753755098	-0.210674247718106	-0.210500317791013
71500000	7.2e+07	-0.317887622425558	-0.245557041467863	-0.148352084472616
7.2e+07	72500000	-0.389718217013228	-0.24157507694978	-0.112189818092725
72500000	7.3e+07	-0.482627469468934	-0.210253431152963	-0.0680361695912726
7.3e+07	73500000	-0.579435882432093	-0.17877480562536	-0.0220083538439241
73500000	7.4e+07	-0.657719483437439	-0.192886809746303	0.0443444500231025
7.4e+07	74500000	-0.703776258145991	-0.235198605318066	0.0864665404874655
74500000	7.5e+07	-0.755066267461717	-0.323202307651189	0.103614118053394
7.5e+07	75500000	-0.802092463477575	-0.398728384718053	0.112969651425669
75500000	7.6e+07	-0.851137186245766	-0.452726537197204	0.099391342920605
7.6e+07	76500000	-0.909921602081515	-0.488441247474157	0.0530576688087819
76500000	7.7e+07	-0.973077491253602	-0.504965050894617	-0.0356908773952773
7.7e+07	77500000	-1.04139864435781	-0.522395001481708	-0.137064635339054
77500000	7.8e+07	-1.09752905502696	-0.529243101165813	-0.23325526450758
7.8e+07	78500000	-1.1673644543161	-0.559367069886358	-0.30755718369157
78500000	7.9e+07	-1.21191020382444	-0.6212546703001	-0.353662013633661
7.9e+07	79500000	-1.25633339516713	-0.696073759620905	-0.351285499097585
79500000	8e+07	-1.2888357052423	-0.736948362130223	-0.309274486542109
8e+07	80500000	-1.31082462075129	-0.750690024253146	-0.217689257700478
80500000	8.1e+07	-1.31056503090347	-0.751424010157349	-0.114224592355787
8.1e+07	81500000	-1.28317396710938	-0.739575956218139	-0.00691625056841371
81500000	8.2e+07	-1.26383933548085	-0.704524045651641	0.086411801305386
8.2e+07	82500000	-1.23051518775179	-0.649473813866975	0.178403942294708
82500000	8.3e+07	-1.21381526652366	-0.580325338620867	0.246257473753161
8.3e+07	83500000	-1.18210943543245	-0.506028261099478	0.265706557609039
83500000	8.4e+07	-1.12721609263815	-0.438433782366133	0.251924512947133
8.4e+07	84500000	-1.02919723859439	-0.389453237379954	0.230904534668018
84500000	8.5e+07	-0.955979946019341	-0.324536476879257	0.232981752872294
8.5e+07	85500000	-0.914149244020812	-0.254757609301157	0.26784292201421
85500000	8.6e+07	-0.860075100302868	-0.201914975484442	0.314390078115306
8.6e+07	86500000	-0.759223988755566	-0.164753401380073	0.341280062252586
86500000	8.7e+07	-0.677100684376431	-0.0973063986246853	0.322452863037867
8.7e+07	87500000	-0.629442019010201	-0.00989561080882997	0.258763442253229
87500000	8.8e+07	-0.648490755672514	0.035345705835614	0.186680170502723
8.8e+07	88500000	-0.72059558383157	0.0479357268570981	0.103802459386836
88500000	8.9e+07	-0.829013060903216	0.0468045955331241	0.0511025243466699
8.9e+07	89500000	-0.92588365359402	0.121568401819982	0.00730505774414787
89500000	9e+07	-0.945210626738451	0.202285828150433	0.0140745365080482
9e+07	90500000	-0.937810447999415	0.311551557906172	0.0521638993628509
90500000	9.1e+07	-0.928371794003102	0.38587552199109	0.135296733235507
9.1e+07	91500000	-0.90104238578304	0.449339755704602	0.211326335524758
91500000	9.2e+07	-0.853929149492989	0.459591597060875	0.291887213240042
9.2e+07	92500000	-0.761373942136883	0.458482424922959	0.351379751447724
92500000	9.3e+07	-0.673893881594129	0.436884837542398	0.417750308527896
9.3e+07	93500000	-0.580173685486695	0.420834920606898	0.477167538032239
93500000	9.4e+07	-0.499860743225058	0.407602796666502	0.523482349642666
9.4e+07	94500000	-0.440820637051309	0.425364661541184	0.504912417638668
94500000	9.5e+07	-0.400488938440574	0.457948278219089	0.427077711482059
9.5e+07	95500000	-0.4023171689385	0.474310687921828	0.3222681688821
95500000	9.6e+07	-0.423621527579744	0.506540922129251	0.232853747762275
9.6e+07	96500000	-0.436468035676842	0.564267845472787	0.170463541941343
96500000	9.7e+07	-0.436416155354008	0.662333215343398	0.160052004478889
9.7e+07	97500000	-0.426267717777925	0.774846924377551	0.178852199669859
97500000	9.8e+07	-0.436274661461837	0.891976439262433	0.213401160000582
9.8e+07	98500000	-0.440917405115091	1.00534420576789	0.235343077483832
98500000	9.9e+07	-0.426659329322816	1.09829615896247	0.28923093438759
9.9e+07	99500000	-0.439239542688907	1.15171518643603	0.349761802804513
99500000	1e+08	-0.482810141414166	1.17722340005978	0.437711255164529
1e+08	100500000	-0.563476142116475	1.17974512285787	0.509623610516714
100500000	1.01e+08	-0.648025345879765	1.19031444626195	0.6000632485308
1.01e+08	101500000	-0.725780222991287	1.19962483661804	0.681829722187132
101500000	1.02e+08	-0.81226948972857	1.2087738624466	0.770437934624676
1.02e+08	102500000	-0.877957033836558	1.24218191548748	0.847010129324791
102500000	1.03e+08	-0.918049584732194	1.31251061419736	0.91079717990456
1.03e+08	103500000	-0.931659976524358	1.41698717629368	0.960315016209358
103500000	1.04e+08	-0.936288440560981	1.52158972671214	1.00064919308514
1.04e+08	104500000	-0.948683036579507	1.58506929680846	1.05848563725095
104500000	1.05e+08	-0.967805882628208	1.6197423543636	1.1419000616187
1.05e+08	105500000	-0.993855709360238	1.63588365901733	1.25163805784994
105500000	1.06e+08	-0.984823098766483	1.66460748016362	1.33766751303506
1.06e+08	106500000	-0.942719797308034	1.69707327639436	1.39824115705419
106500000	1.07e+08	-0.867079614299038	1.73275685664333	1.43605964372949
1.07e+08	107500000	-0.791582240219137	1.77066138967309	1.48145953918728
107500000	1.08e+08	-0.70784680152467	1.81155423731344	1.52811754657297
1.08e+08	108500000	-0.616785087252661	1.85537876360462	1.57740790413489
108500000	1.09e+08	-0.523823916726847	1.89292645294837	1.60875849504222
1.09e+08	109500000	-0.458012418940193	1.94747907030722	1.62039354126207
109500000	1.1e+08	-0.417320006240506	2.02218626872291	1.60793295404884
1.1e+08	110500000	-0.398682597117005	2.09650888270043	1.5683897983126
110500000	1.11e+08	-0.386661352616154	2.15878722697841	1.49654210617249
1.11e+08	111500000	-0.411483496871628	2.1875072509795	1.41122210954557
111500000	1.12e+08	-0.469127083353378	2.20093028426178	1.32375311838821
1.12e+08	112500000	-0.557940144604828	2.21397596862897	1.21415507386931
112500000	1.13e+08	-0.635742740959957	2.23692088430589	1.09203440757617
1.13e+08	113500000	-0.674702216246453	2.29317047840795	0.984313658545975
113500000	1.14e+08	-0.688564937682084	2.35758832287824	0.95186918979603
1.14e+08	114500000	-0.670019122253629	2.41299917422979	0.983276604069668
114500000	1.15e+08	-0.651913950651224	2.47165965959646	1.06971363257825
1.15e+08	115500000	-0.614892213276618	2.52257661544022	1.16713764535163
115500000	1.16e+08	-0.579827605747832	2.59238446983725	1.26781093334297
1.16e+08	116500000	-0.54546811414412	2.64642417203518	1.35753509176451
116500000	1.17e+08	-0.507370052738504	2.69569989813287	1.44941437625382
1.17e+08	117500000	-0.465307258410399	2.74030476890484	1.54068120298851
117500000	1.18e+08	-0.434520791417893	2.77260388739925	1.63553397321659
1.18e+08	118500000	-0.406213553590436	2.80164136785416	1.72988454485192
118500000	1.19e+08	-0.366819378858605	2.80199704009622	1.79214775165765
1.19e+08	119500000	-0.301604586377836	2.79638264109069	1.80179351815139
119500000	1.2e+08	-0.22029049827609	2.77441877632286	1.77113068706902
1.2e+08	120500000	-0.129590096229751	2.75827379424033	1.72629644928736
120500000	1.21e+08	-0.0243702131295667	2.74134462335685	1.68997822019214
1.21e+08	121500000	0.0847204978181813	2.72601241971506	1.65615552616472
121500000	1.22e+08	0.179012796780344	2.70878368540595	1.6033572592704
1.22e+08	122500000	0.248691169162491	2.66515659419973	1.5600087195808
122500000	1.23e+08	0.309053868706757	2.60998021714315	1.55016517689123
1.23e+08	123500000	0.381316482830735	2.57807892859499	1.57665610105704
123500000	1.24e+08	0.461044481861346	2.58013694413044	1.58012754989329
1.24e+08	124500000	0.525495770107152	2.63159975938116	1.54918788178348
124500000	1.25e+08	0.541156002790958	2.69893689150575	1.52347934861295
1.25e+08	125500000	0.503687875205632	2.77546554909987	1.50332063568567
125500000	1.26e+08	0.425087169937527	2.8605345560625	1.46353688142512
1.26e+08	126500000	0.346088212334753	2.93304746361378	1.40154282897644
126500000	1.27e+08	0.264279497473144	3.01885745112621	1.35719860797426
1.27e+08	127500000	0.190045528298703	3.06462292964551	1.360229747677
127500000	1.28e+08	0.110003854955135	3.08475126457562	1.40529012104707
1.28e+08	128500000	0.0351912745529413	3.06997061446206	1.49826315469034
128500000	1.29e+08	-0.0405081070658328	3.05033079707629	1.5656089745493
1.29e+08	129500000	-0.125549705993641	3.05554888948862	1.59203081203826
129500000	1.3e+08	-0.185402025109036	3.10318050177509	1.57961248210865
1.3e+08	130500000	-0.212721615168077	3.18271949160646	1.5906642630042
130500000	1.31e+08	-0.19097062073926	3.27536615267959	1.63347659731724
1.31e+08	131500000	-0.151841634142647	3.35945848891163	1.69015721981186
131500000	1.32e+08	-0.103167490422696	3.43301405868953	1.74556146407644
1.32e+08	132500000	-0.0413921605759877	3.4855171067195	1.8017450904527
132500000	1.33e+08	0.0311917217985662	3.51604081823316	1.85568506430784
1.33e+08	133500000	0.111938934912518	3.53400876221023	1.92126603817467
133500000	1.34e+08	0.187560992977015	3.5492495735976	1.99339693117435
1.34e+08	134500000	0.250900019604966	3.59466418035939	2.06854901949131
134500000	1.35e+08	0.304724458117294	3.64951945713718	2.13912692832899
1.35e+08	135500000	0.336714905230637	3.70886824357596	2.21737091215402
135500000	1.36e+08	0.335742517004013	3.76221203235465	2.28969404792366
1.36e+08	136500000	0.334209759735797	3.82800615342172	2.32027508106387
136500000	1.37e+08	0.339796448275154	3.9192780783779	2.30131249214867
1.37e+08	137500000	0.375239305096006	4.03264820651193	2.25618538526983
137500000	1.38e+08	0.414756958017887	4.13854500519759	2.20139895080745
1.38e+08	138500000	0.479566939649955	4.20189601183504	2.16424529764266
138500000	1.39e+08	0.554413810741586	4.23743690669973	2.16548449862742
1.39e+08	139500000	0.633695988777759	4.24699741830651	2.2101000355115
139500000	1.4e+08	0.674031212640184	4.22192584497663	2.24703705410885
1.4e+08	140500000	0.681723866878266	4.14440790860149	2.26839029658823
140500000	1.41e+08	0.653114113039994	4.06763122750922	2.30567006296855
1.41e+08	141500000	0.588802958502209	4.03264882154261	2.33879063906136
141500000	1.42e+08	0.492745698425525	4.01938275635928	2.36545074087273
1.42e+08	142500000	0.394809356140276	3.99409396884863	2.33310569470436
142500000	1.43e+08	0.334828902917235	3.93206455089934	2.31606016027163
1.43e+08	143500000	0.33929745670258	3.86900431766824	2.27358740666744
143500000	1.44e+08	0.368377916662123	3.83698968825607	2.22698128156743
1.44e+08	144500000	0.414998989189935	3.83899850322876	2.13371114413395
144500000	1.45e+08	0.452085785531011	3.85408472605371	2.03567954923922
1.45e+08	145500000	0.474640043261525	3.87733310613023	1.96047105823764
145500000	1.46e+08	0.511246233899273	3.92502772666811	1.92699157034368
1.46e+08	146500000	0.562086837458269	4.00250548601013	1.91278492629664
146500000	1.47e+08	0.632996777890906	4.07757990489417	1.91435511125001
1.47e+08	147500000	0.691011781410179	4.15629927226085	1.91914987554733
147500000	1.48e+08	0.741379193973719	4.23147211066174	1.93687159594675
1.48e+08	148500000	0.799736900513315	4.31575920282581	1.95327453418724
148500000	1.49e+08	0.817320790969876	4.38733426186783	1.94909172817987
1.49e+08	149500000	0.780373753490953	4.45184361847726	1.91685419845956
149500000	1.5e+08	0.704500509841422	4.49882526605848	1.86689240046006
1.5e+08	150500000	0.629549755672411	4.54651978370287	1.81690102688518
150500000	1.51e+08	0.568749561409873	4.58857699109588	1.77577452334213
1.51e+08	151500000	0.497336454743684	4.63492580763066	1.72817329426639
151500000	1.52e+08	0.427403917937147	4.67862811750252	1.68189756862679
1.52e+08	152500000	0.362081642186317	4.6993633804017	1.66050593566207
152500000	1.53e+08	0.33340037100608	4.70727595164422	1.65239139058669
