0	5e+05	-0.00584492439068163	0.000951036021827931	-0.00076815844058863
5e+05	1e+06	-0.00584486500140026	0.000951206249761874	-0.000767438461528297
1e+06	1500000	0.223253442257328	0.0270978029413192	-0.00686984216037247
1500000	2e+06	-0.00584486457691326	0.000951207415807814	-0.000767440163226967
2e+06	2500000	-0.00584486867698585	0.000951197445051597	-0.000767437218074072
2500000	3e+06	-0.80534269011075	0.572158579005798	-0.919586127992273
3e+06	3500000	0.533755564652148	-0.550278060290286	0.91172858575135
3500000	4e+06	-0.0057477736917378	0.000745036784434113	-0.000730294782475797
4e+06	4500000	-0.00313437140013666	0.00454149386508917	-0.0112676727276049
4500000	5e+06	-0.000933265717414714	-0.000722842450002382	0.0324399919596219
5e+06	5500000	-0.00584488554532739	0.000951206332959033	-0.000767438830207892
5500000	6e+06	-0.00584817672398063	0.000955844944984023	-0.000771046920319438
6e+06	6500000	-0.0145515974422653	0.00436285014436222	0.00512004870604744
6500000	7e+06	0.0123855281251478	-0.000781284410079242	-0.00829028257159174
7e+06	7500000	0.0217311604315539	-0.0453429346907526	0.000115965502194961
7500000	8e+06	-0.00584750192044792	0.000954907604275628	-0.000770322600242616
8e+06	8500000	-0.0131833711064917	0.00544149015561636	-0.00738129035379866
8500000	9e+06	-0.00584750105081483	0.000954908800615407	-0.000770323332278361
9e+06	9500000	-0.00584750104601273	0.0009549087988358	-0.000770323337716296
9500000	1e+07	-0.00584750104377065	0.000954908797587122	-0.000770323339456917
1e+07	10500000	-0.00584750105019138	0.000954908802011921	-0.000770323335595162
10500000	1.1e+07	-0.00584750104511626	0.000954908799503936	-0.000770323337582069
1.1e+07	11500000	-0.00584750105146866	0.000954908801477424	-0.000770323333888173
11500000	1.2e+07	-0.00584750104526901	0.00095490879881627	-0.000770323339585982
1.2e+07	12500000	-0.00584750104107063	0.000954908795452949	-0.00077032335219488
12500000	1.3e+07	-0.00584742760715157	0.000954830338445879	-0.000770410678838551
1.3e+07	13500000	-0.0058475011843487	0.000954908913571851	-0.000770323239872578
13500000	1.4e+07	-0.00584746414006299	0.000954929432471246	-0.000770303427953715
1.4e+07	14500000	-0.0058475008031775	0.000954908708064066	-0.000770323230684871
14500000	1.5e+07	-0.0125532913172616	-0.00708873755790612	-0.00371159652947839
1.5e+07	15500000	-0.00584750122846955	0.000954908616784976	-0.000770322810240851
15500000	1.6e+07	-0.00577429508495606	0.0026920159462001	-0.000884438742591679
1.6e+07	16500000	-0.00584749915376741	0.000954909736264539	-0.000770323935019319
16500000	1.7e+07	-0.00584753088002144	0.000954911501401575	-0.000770342713210398
1.7e+07	17500000	-0.00584750156733712	0.00095490737301741	-0.000770318224535848
17500000	1.8e+07	-0.00584750205312328	0.000954909193481044	-0.00077032492911776
1.8e+07	18500000	-0.00584749043303184	0.000954892266958669	-0.000770293360164324
18500000	1.9e+07	-0.00584750330548028	0.000954915775037524	-0.000770360789446216
1.9e+07	19500000	-0.00584751695987067	0.000954901588739777	-0.000770351169751047
19500000	2e+07	-0.00584750797185784	0.00095491160817489	-0.000770312528946092
2e+07	20500000	-0.00584764443789219	0.000955094298065609	-0.000770366058838645
20500000	2.1e+07	-0.0058474998388592	0.00095490871316575	-0.00077032566947633
2.1e+07	21500000	-0.00584749936335142	0.000954909799746083	-0.00077032490563026
21500000	2.2e+07	-0.0103767942441415	0.00375833791966482	0.0114883871099334
2.2e+07	22500000	-0.00584748455110794	0.000954898980325172	-0.000770310242882562
22500000	2.3e+07	-0.00584776891323657	0.000955100108726678	-0.000770675296509532
2.3e+07	23500000	-0.00260730539229841	0.000249092122600726	-0.0145629829206265
23500000	2.4e+07	-0.00584772536618093	0.000955070874452882	-0.000770623704102298
2.4e+07	24500000	-0.00584781745542353	0.000955099991190502	-0.000770463638106125
24500000	2.5e+07	-0.00689420956208616	0.00464784681127989	-0.00284450638924141
2.5e+07	25500000	-0.00518668975289337	0.00107324508350051	-0.000481265314298138
25500000	2.6e+07	-0.00668491414519636	0.00390929100574791	-0.00242972284108169
2.6e+07	26500000	-0.00668491451117594	0.00390929297729501	-0.00242972434020606
26500000	2.7e+07	-0.00668500634377252	0.00390922344998888	-0.00242975434883557
2.7e+07	27500000	-0.00668491327348215	0.00390930634830044	-0.00242972134075293
27500000	2.8e+07	-0.00668495115825398	0.00390932701513462	-0.00242971601579232
2.8e+07	28500000	-0.00668490803620039	0.00390930338067774	-0.0024297222681
28500000	2.9e+07	-0.00668491148921445	0.00390929738039645	-0.00242971619162223
2.9e+07	29500000	-0.00668486746641598	0.00390932737436217	-0.00242973348767266
29500000	3e+07	-0.0066849161988337	0.0039092937305959	-0.00242972442878296
3e+07	30500000	-0.0066849151917356	0.00390931408555713	-0.00242973256562338
30500000	3.1e+07	-0.00668491360703561	0.00390917109588858	-0.00242956065988201
3.1e+07	31500000	-0.0066849143583383	0.00390929262533315	-0.00242972440897713
31500000	3.2e+07	-0.00668491444908811	0.00390929260211936	-0.00242972423684826
3.2e+07	32500000	-0.00668485632870371	0.00391382091953221	-0.00241828676696495
32500000	3.3e+07	-0.00668344014343567	0.003919010386991	-0.00241046315879521
3.3e+07	33500000	-0.00668642916491586	0.00389522822902713	-0.00246054075533191
33500000	3.4e+07	-0.00668492580077653	0.00390930800190245	-0.0024297136192988
3.4e+07	34500000	-0.006684919548982	0.0039093008481183	-0.00242973113551493
34500000	3.5e+07	-0.00668491390333777	0.00390929627853534	-0.00242971363123702
3.5e+07	35500000	-0.00668491455931631	0.00390929254952334	-0.00242972335765409
35500000	3.6e+07	-0.00668491805510865	0.00390929842950714	-0.00242971492552747
3.6e+07	36500000	-0.00668492121537635	0.00390929382815966	-0.00242973871070133
36500000	3.7e+07	-0.00668491408252426	0.00390929293149956	-0.00242972413226207
3.7e+07	37500000	-0.00668489457913564	0.00390929605143895	-0.00242971435801203
37500000	3.8e+07	-0.00668491597753429	0.00390929232847185	-0.0024297266761871
3.8e+07	38500000	-0.00859885315567078	0.00460115090559185	-0.00223607781922156
38500000	3.9e+07	-0.00707859111415961	0.00391724961594693	-0.00163769067020877
3.9e+07	39500000	-0.00727105548809918	0.00457587165894618	-0.00238670331501725
39500000	4e+07	-0.00276606204606568	0.00246169751072117	-0.00434903354757038
4e+07	40500000	-0.00715382695149319	0.00444255563327636	-0.00239530769337108
40500000	4.1e+07	-0.00715382884962263	0.00444255693338414	-0.00239530687138086
4.1e+07	41500000	0.0907165472786248	0.0211710954624743	-0.0152871548413673
41500000	4.2e+07	-0.00715383171953515	0.00444255451317103	-0.00239531678989768
4.2e+07	42500000	-0.018999686119075	0.0727879023286238	-0.124324879432677
42500000	4.3e+07	-0.00715382799489905	0.00444255838967665	-0.00239530549404506
4.3e+07	43500000	0.0031794843875096	0.000405353107725581	-0.0053981614209697
43500000	4.4e+07	-0.00629354503377346	0.0062907312408854	-0.00346255646016408
4.4e+07	44500000	-0.0105682323949601	-0.00292881742940862	0.00188090250088569
44500000	4.5e+07	-0.0105947151327114	-0.00295010966607527	0.00187425426717119
4.5e+07	45500000	-0.0345211294494476	-0.0503006313055708	-0.0621720951797061
45500000	4.6e+07	-0.0543481061917364	-0.0625987486474572	0.0647734499605698
4.6e+07	46500000	0.00856095029692728	-0.0774964434212194	0.0183902007825553
46500000	4.7e+07	-0.0105947116264512	-0.00295008110587894	0.00187417852479746
4.7e+07	47500000	-0.0105950351312839	-0.00295037482007943	0.0018739441907712
47500000	4.8e+07	-0.0105951712636552	-0.00295010442355922	0.00187401306622884
4.8e+07	48500000	-0.0105950767211147	-0.00295078823423393	0.00187423632557661
48500000	4.9e+07	-0.0869078364719758	-0.0305052216044082	-0.0563386148147084
4.9e+07	49500000	0.0391509766598896	-0.0645564955849048	-0.0258997294890986
49500000	5e+07	0.0376496398705754	-0.0393406454870475	0.0606430469053983
5e+07	50500000	-0.105737302234782	-0.0657353199141764	0.0109557643997127
50500000	5.1e+07	-0.0105950424580571	-0.00295066412177861	0.00187416351042313
5.1e+07	51500000	-0.0105877610149441	-0.00301077467782554	0.00202967307516846
51500000	5.2e+07	-0.00959383828296524	-0.000768331444178976	0.00496743235145673
5.2e+07	52500000	-0.0107528024925008	-0.00345913970157139	0.00157556826504339
52500000	5.3e+07	0.0301576901654116	-0.013065617210649	0.118121184626092
5.3e+07	53500000	-0.0314971580563031	-0.0191606665831623	-0.0235007227231767
53500000	5.4e+07	0.0450539585549278	0.0175997359790389	0.0232809007350702
5.4e+07	54500000	-0.0107191384260627	-0.00336334079176056	0.00163328593167558
54500000	5.5e+07	0.0575338720450438	0.00309116883486694	-0.060574970904216
5.5e+07	55500000	-0.0107104736690694	-0.00333224569722614	0.00163109297309728
55500000	5.6e+07	-0.0107645363467585	-0.00345881771051597	0.00165202682920735
5.6e+07	56500000	-0.031610158757309	0.0638235761903111	-0.0488245251283402
56500000	5.7e+07	-0.0107644971754853	-0.00345862484156681	0.00165207498467852
5.7e+07	57500000	-0.0107159953107816	-0.00348946656369326	0.00159287190952624
57500000	5.8e+07	-0.0107797055290733	-0.00345306733574186	0.00166431167377551
5.8e+07	58500000	0.0155810231059467	-0.0711856527801422	0.0277406560878851
58500000	5.9e+07	0.00951303724354921	0.0912171579603439	0.0583305150812622
5.9e+07	59500000	-0.01077668194658	-0.0034542734969588	0.00166184789907147
59500000	6e+07	-0.0107766810582672	-0.00345427624327951	0.0016618511919837
6e+07	60500000	-0.059529085743242	0.0947993446577736	-0.106496144361755
60500000	6.1e+07	-0.0107766810579775	-0.00345427587523795	0.00166185077315063
6.1e+07	61500000	-0.0107766854296332	-0.00345427618748407	0.0016618492026282
61500000	6.2e+07	-0.111193509410088	0.0905369519624905	0.169594516467098
6.2e+07	62500000	-0.0107766846101287	-0.00345427599404922	0.00166184965735064
62500000	6.3e+07	-0.0107766820215827	-0.00345427186383322	0.00166184612236488
6.3e+07	63500000	-0.0107767139481853	-0.00345426640040652	0.00166182569168985
63500000	6.4e+07	-0.0107766824171894	-0.00345427616007565	0.00166185185820326
6.4e+07	64500000	-0.0107766954741129	-0.00345423261737613	0.00166187387316315
64500000	6.5e+07	-0.0107766755123125	-0.0034543005893894	0.00166185826862669
6.5e+07	65500000	0.106063714642372	-0.0460468732815747	-0.01017273254599
65500000	6.6e+07	-0.0107766776798399	-0.00345429652015722	0.00166185078555235
6.6e+07	66500000	-0.010775185260114	-0.00345603661277666	0.00166716224632202
66500000	6.7e+07	-0.536811295284673	0.196381650298639	-0.292359510542107
6.7e+07	67500000	0.637703048636217	-0.24047031029488	0.0218398170783104
67500000	6.8e+07	-0.040534559704398	0.228554957377937	0.0630031019329245
6.8e+07	68500000	-0.00491471830941185	0.169528241137083	-0.0954304908072983
68500000	6.9e+07	-0.0107754871785144	-0.00345567426154642	0.0016660871841545
6.9e+07	69500000	-0.0107754625468092	-0.00345573798224139	0.00166618299480325
69500000	7e+07	0.131410645509722	0.125900151023706	-0.0964456749059885
7e+07	70500000	-0.0107754640017134	-0.00345573959452126	0.00166618340488067
70500000	7.1e+07	-0.0107754591298384	-0.00345573270188149	0.00166617869750326
7.1e+07	71500000	-0.810407089135719	-0.332480328631303	0.0549959147652633
71500000	7.2e+07	-0.0107754602488647	-0.0034557342098867	0.00166617880366358
7.2e+07	72500000	-0.0107753812225002	-0.00345567488443781	0.00166648318615089
72500000	7.3e+07	0.282615428787897	0.0865065960350925	-0.169866007006946
7.3e+07	73500000	-0.0107754923588886	-0.00345552802136968	0.00166642066944458
73500000	7.4e+07	-0.0045178877104192	-0.00786639077778327	0.00354091529482158
7.4e+07	74500000	0.0475263479802076	-0.125410390195858	0.184833529340174
74500000	7.5e+07	-0.0574808556401762	-0.254402453368651	0.207697960334484
7.5e+07	75500000	-0.00576931285466582	-0.00698437593058774	0.00316601777056598
75500000	7.6e+07	-0.00576931255858504	-0.006984376236945	0.00316601742403602
7.6e+07	76500000	0.124314015555517	0.197582261157105	0.131645546532741
76500000	7.7e+07	-0.000587841689442642	-0.0115552451210712	-0.00327532175118818
7.7e+07	77500000	0.00705943938544866	-0.0429869394691281	0.000279472982036332
77500000	7.8e+07	-0.00324944358179692	-0.0264257941022865	0.0315125106620498
7.8e+07	78500000	-0.00577181183464342	-0.006983440122411	0.00316745707587687
78500000	7.9e+07	-0.0109456776739642	-0.000550144042114707	0.00783954150437491
7.9e+07	79500000	-0.00576854140569013	-0.00699029791209537	0.00316437974536305
79500000	8e+07	-0.00578430351979105	-0.00696668978661092	0.00317093311056565
8e+07	80500000	-0.00576214721974489	-0.00695646538323602	0.00317197970924453
80500000	8.1e+07	-0.00439553509017432	-0.00538425489031001	-0.000781422616377936
8.1e+07	81500000	-0.00577239617528667	-0.00696068928508806	0.00317257164892632
81500000	8.2e+07	-0.00577239898479891	-0.00696068849274457	0.00317256670052894
8.2e+07	82500000	-0.00577238872018139	-0.00696069130840929	0.00317256670743418
82500000	8.3e+07	-0.00577239727878334	-0.00696068984345377	0.00317256862655517
8.3e+07	83500000	-0.00601907618870687	-0.00687612291024758	0.00316185582566375
83500000	8.4e+07	-0.00577239792871955	-0.0069606909195032	0.00317256775833875
8.4e+07	84500000	-0.00490685105023665	-0.00748514011736855	0.00220825624759126
84500000	8.5e+07	-0.00577239237165473	-0.00696068770532728	0.00317257021520969
8.5e+07	85500000	-0.00577239549609812	-0.00696068694774616	0.00317257129340878
85500000	8.6e+07	-0.00577239457734073	-0.00696068636198141	0.00317257157181071
8.6e+07	86500000	-0.151947474764299	-0.0202834530344928	0.00651837256224972
86500000	8.7e+07	0.123027231437375	0.0368373064237403	-0.00832133463748155
8.7e+07	87500000	0.12635714055717	0.00704656846850553	0.136490869996827
87500000	8.8e+07	-0.00577239467350851	-0.00696068737914432	0.00317257116705552
8.8e+07	88500000	-0.00575789028535402	-0.00694848903464823	0.00316873301503945
88500000	8.9e+07	0.0807472902033691	0.0934571387953233	0.0818935808145069
8.9e+07	89500000	0.277530570412344	-0.0399743436486809	-0.115004822336786
89500000	9e+07	0.113686463701489	0.0730504208749053	0.191066619072271
9e+07	90500000	-0.0057613758841742	-0.00694916028112094	0.00317005111871093
90500000	9.1e+07	-0.0531958408319232	0.082812624032776	0.113905851945283
9.1e+07	91500000	-0.00563978634694957	-0.00700939676532331	0.00331672641339059
91500000	9.2e+07	-0.00624307904686261	-0.00671753748119929	0.0025800274129208
9.2e+07	92500000	-0.0453763593423327	0.0670429065595812	0.125160892687914
92500000	9.3e+07	-0.0561868198753708	0.0688557863528017	-0.112267550380009
9.3e+07	93500000	-0.00624343226536845	-0.00671743898671834	0.00258013673577093
93500000	9.4e+07	-0.00624336192968727	-0.0067174557721494	0.00258014851785803
9.4e+07	94500000	-0.00624341533618509	-0.00671745310068115	0.00258021044504259
94500000	9.5e+07	-0.000387426048885769	0.02782173870738	-0.0210347008680623
9.5e+07	95500000	-0.0527253958414053	0.0224372562156255	-0.0418222250158658
95500000	9.6e+07	-0.00584572103549039	-0.00669662478899982	0.00246840302951332
9.6e+07	96500000	-0.00898757716507947	-0.00651810605132934	0.00335269606433388
96500000	9.7e+07	-0.0344782989306304	0.232898194863249	-0.0479463649105471
9.7e+07	97500000	0.0560578486695262	-0.0877717945790214	-0.0740704679689165
97500000	9.8e+07	0.0480980430056017	-0.166974995337545	0.108809777315573
9.8e+07	98500000	-0.00875692126047634	-0.00657464358836336	0.00328763515029149
98500000	9.9e+07	-0.008756705782188	-0.00657456660471295	0.00328765661771821
9.9e+07	99500000	-0.00875679788224984	-0.0065744969477367	0.00328759287347677
99500000	1e+08	-0.00875680057771723	-0.00657471613662414	0.00328771200439149
1e+08	100500000	-0.0944770840806009	0.0934495241189198	-0.146763593572526
100500000	1.01e+08	-0.136609489122501	-0.0414714199058657	-0.0271425778607556
1.01e+08	101500000	-0.0505442952345268	-0.0649916494103709	0.220247281535703
101500000	1.02e+08	0.0608978376206517	-0.0344686021425528	-0.1166321107414
1.02e+08	102500000	-0.0324692728313078	-0.0945231692817502	-0.0630366060180128
102500000	1.03e+08	-0.077046633080297	0.0728610476644187	0.0566722386607978
1.03e+08	103500000	-0.099918479752345	-0.059795205744859	-0.0984196427721575
103500000	1.04e+08	-0.00875679906955844	-0.00657472109553022	0.00328766244812541
1.04e+08	104500000	0.049097846433154	0.0643607353345111	-0.0757718842533378
104500000	1.05e+08	-0.00875132475158849	-0.00655358958061794	0.00336551743248912
1.05e+08	105500000	-0.0079247298083749	-0.00215500621168367	0.00117053827014585
105500000	1.06e+08	-0.00778400060491275	-0.00437600208890583	0.00449735388703573
1.06e+08	106500000	-0.0137125194490315	-0.0171173089359844	-0.00195462467290716
106500000	1.07e+08	-0.0678830526025664	-0.199463572186465	-0.0415569073461952
1.07e+08	107500000	-0.0135825548192654	-0.0168519376855016	-0.00186277669132145
107500000	1.08e+08	-0.0131678441153163	-0.0164309605078343	-0.00191833508704891
1.08e+08	108500000	-0.0131678664607459	-0.0164309458694768	-0.00191831956608462
108500000	1.09e+08	-0.0131678607328127	-0.0164309612025549	-0.0019183570235598
1.09e+08	109500000	-0.0131678484710431	-0.0164309497669991	-0.00191831027602809
109500000	1.1e+08	-0.0131665428611652	-0.01643023173959	-0.00191738476621095
1.1e+08	110500000	-0.013167863805279	-0.0164309563476216	-0.00191833973494643
110500000	1.11e+08	-0.102807858365997	-0.243988321378637	-0.0176661717514391
1.11e+08	111500000	-0.101418411019654	-0.106510167357347	0.0674942610850123
111500000	1.12e+08	-0.0131678632214581	-0.0164309566968538	-0.00191833664558005
1.12e+08	112500000	0.00550417861151936	-0.00288105616458753	-0.0389518499613517
112500000	1.13e+08	-0.0131678621732431	-0.0164309554820828	-0.00191833787472257
1.13e+08	113500000	-0.0131678547645202	-0.0164309383434355	-0.00191831987731489
113500000	1.14e+08	-0.0287097898976303	-0.0315847074061053	0.0394601203821162
1.14e+08	114500000	-0.0131678573899944	-0.0164309420157234	-0.00191832345986
114500000	1.15e+08	-0.0131677765952914	-0.016431219845163	-0.00191846550839009
1.15e+08	115500000	-0.0131676657834882	-0.0164308576072886	-0.0019185635299628
115500000	1.16e+08	-0.0131678587166189	-0.0164309486305659	-0.00191831676069849
1.16e+08	116500000	0.00121092588950127	-0.0481156735227687	-0.00613531331677734
116500000	1.17e+08	-0.0131678569710359	-0.0164309490750464	-0.00191831825654166
1.17e+08	117500000	-0.0131678641167021	-0.0164309448149218	-0.00191831371717431
117500000	1.18e+08	0.00622993384406146	-0.0152281251271298	-0.000981896743268791
1.18e+08	118500000	-0.00323488107000287	0.0250292846100385	-0.0433488498805125
118500000	1.19e+08	-0.0131678640412368	-0.016430944553398	-0.00191831454370979
1.19e+08	119500000	-0.0131678875919147	-0.0164309224961481	-0.00191824134964359
119500000	1.2e+08	-0.014320459883165	-0.0372949253533703	-0.0486152205544575
1.2e+08	120500000	-0.0352190523348781	0.00860014845466606	0.0442606671892915
120500000	1.21e+08	-0.0181312577718176	-0.0164226957330885	0.00193308202883188
1.21e+08	121500000	-0.0131684388775654	-0.0164307588632314	-0.00191881973327606
121500000	1.22e+08	-0.0131656407495633	-0.0164315447168458	-0.00191601217598866
1.22e+08	122500000	-0.0131656750132019	-0.0164316368878171	-0.00191598603068037
122500000	1.23e+08	-0.0131656566268675	-0.0164315999839561	-0.00191599291982642
1.23e+08	123500000	-0.0131656661456501	-0.0164316231820088	-0.00191598595450131
123500000	1.24e+08	-0.0131656574081927	-0.0164315964239131	-0.00191599616764951
1.24e+08	124500000	-0.0131656571475745	-0.0164315972786886	-0.00191599679398631
124500000	1.25e+08	-0.0131656533852498	-0.0164315963826422	-0.00191599450667146
1.25e+08	125500000	-0.0131656570816072	-0.0164315961879326	-0.00191599681020475
125500000	1.26e+08	-0.0131656576037801	-0.016431596673477	-0.00191599661270548
1.26e+08	126500000	-0.0131656604366788	-0.0164315958585537	-0.00191599912853155
126500000	1.27e+08	-0.0131656577926731	-0.0164315950107261	-0.00191599756866831
1.27e+08	127500000	-0.013165656382752	-0.0164315978365558	-0.00191599560420597
127500000	1.28e+08	-0.0131596755439924	-0.0164325702927749	-0.00192318152669635
1.28e+08	128500000	-0.0131716386018767	-0.0164306225045676	-0.00190881217719019
128500000	1.29e+08	-0.0131656638074111	-0.0164315907477593	-0.00191600171293532
1.29e+08	129500000	-0.0131656534657116	-0.0164315984858759	-0.00191599362040434
129500000	1.3e+08	-0.0131657113876762	-0.016431639143717	-0.00191636620931019
1.3e+08	130500000	-0.013167951982073	-0.0164292398400799	-0.00191281973617695
130500000	1.31e+08	-0.0131656575312787	-0.016431595727842	-0.00191599735054821
1.31e+08	131500000	-0.0131656579031449	-0.0164315969176841	-0.00191599722608893
131500000	1.32e+08	-0.0133353584668234	-0.0157793147025374	0.000428502824174202
1.32e+08	132500000	-0.0106844842305975	-0.0146522093705952	-0.00211349946933353
132500000	1.33e+08	-0.0133014161367321	-0.0159097671099946	-4.04001387465864e-05
1.33e+08	133500000	-0.0262157034530379	-0.0228514071259322	0.0079760411178718
133500000	1.34e+08	-0.0133014283580497	-0.0159097847150067	-4.03842857457249e-05
1.34e+08	134500000	-0.0133014219533735	-0.0159097964320238	-4.03964835530825e-05
134500000	1.35e+08	-0.01330143289499	-0.0159097872388843	-4.03929876679642e-05
1.35e+08	135500000	-0.01330145387165	-0.0159093724594351	-3.98363529802071e-05
135500000	1.36e+08	-0.0133014270390469	-0.0159097861762001	-4.03853406033836e-05
1.36e+08	136500000	-0.0133014270939645	-0.0159097852476449	-4.03846915691136e-05
136500000	1.37e+08	-0.0133018872204795	-0.0159089920088988	-4.00821019417019e-05
1.37e+08	137500000	-0.00277866162273609	0.00164444502502519	0.0658140055529537
137500000	1.38e+08	-0.0133017048625837	-0.0159090274689587	-4.01333596207657e-05
1.38e+08	138500000	-0.0133004375686688	-0.0159119105641221	-3.8556393422731e-05
138500000	1.39e+08	-0.0133018272520463	-0.0159149004268206	-4.24013453097858e-05
1.39e+08	139500000	0.00398462900262786	-0.0233169378048761	0.000857640777326887
139500000	1.4e+08	0.128031001814047	-0.0963740709619218	-0.000745182038438731
1.4e+08	140500000	-0.0509285918019649	0.042351088506812	-0.0692271332845372
140500000	1.41e+08	-0.0287226755334186	0.0817313328936793	-0.0419267643588339
1.41e+08	141500000	-0.013301890530357	-0.0159138502112673	-4.19578187234557e-05
141500000	1.42e+08	-0.0132764254252018	-0.0159077977380681	-8.60578748229136e-05
1.42e+08	142500000	-0.0133069489290679	-0.0159269190266189	-3.11453931815691e-05
142500000	1.43e+08	-0.0328982404567358	-0.107067043192077	0.0193454364251165
1.43e+08	143500000	-0.0133059405293706	-0.0159243049286475	-3.33074237985534e-05
143500000	1.44e+08	-0.0133059311651943	-0.0159242963217352	-3.33012925148449e-05
1.44e+08	144500000	-0.0131571450413741	-0.0158520626809005	-2.49729973670438e-05
144500000	1.45e+08	-0.0133102056224217	-0.0159268187452945	-3.5400544964953e-05
1.45e+08	145500000	-0.0133059371588857	-0.0159243090743694	-3.3305073612997e-05
145500000	1.46e+08	-0.0133059366136268	-0.0159242909612772	-3.33060171749468e-05
1.46e+08	146500000	-0.0133059781420764	-0.0159242840680317	-3.3297398927291e-05
146500000	1.47e+08	-0.0133059084318958	-0.0159243168672241	-3.33071651160519e-05
1.47e+08	147500000	-0.0133059412867852	-0.0159242975740018	-3.33050579394292e-05
147500000	1.48e+08	-0.0133059305282693	-0.015924305229626	-3.32994483260809e-05
1.48e+08	148500000	-0.0133059352812532	-0.0159243127374518	-3.32855300983655e-05
148500000	1.49e+08	-0.0133059340468993	-0.0159242962769259	-3.33327124492805e-05
1.49e+08	149500000	-0.0133250988614363	-0.0158826666873035	-5.06925460200721e-05
149500000	1.5e+08	-0.0133055478445415	-0.0159243562114307	-3.36277814601205e-05
1.5e+08	150500000	-0.0133062898259442	-0.0159244428375574	-3.2813835627849e-05
150500000	1.51e+08	-0.0133321799357653	-0.015891790809444	5.684583566002e-06
1.51e+08	151500000	-0.0132996482117727	-0.0159288421500032	-3.85556447654786e-05
151500000	1.52e+08	-0.0133059425897743	-0.0159242946860267	-3.32892905731063e-05
1.52e+08	152500000	-0.0133059369985681	-0.0159243009359425	-3.33112866224941e-05
152500000	1.53e+08	-0.109833955622969	-0.0104074074520665	0.0256098106443214
