0	5e+05	0.0100877332847464	-0.00363797328802766	-0.00057044536131599
5e+05	1e+06	2.60209372340743	-3.9098822753335	-4.94977079243095
1e+06	1500000	-2.5819182568394	3.90260632875656	4.94862990170943
1500000	2e+06	0.0100877332845611	-0.00363797328820348	-0.000570445361631699
2e+06	2500000	-0.019121210555237	-0.0178656082778455	-0.0142569779837479
2500000	3e+06	0.0100877332846193	-0.00363797328843414	-0.000570445361259648
3e+06	3500000	0.0100877332864473	-0.00363797328806141	-0.00057044535969075
3500000	4e+06	0.0100877332844781	-0.0036379732873973	-0.000570445362414496
4e+06	4500000	0.0100877332836597	-0.00363797328681042	-0.00057044536077418
4500000	5e+06	0.039651191023004	0.0113450463997856	-0.0340931130045391
5e+06	5500000	0.00977938390329946	-0.0274059241115625	0.0452134472432335
5500000	6e+06	0.0117531884456662	-0.00665041559893147	0.0202581250649739
6e+06	6500000	0.00859190317175058	0.0167721010826412	-0.0189594086259456
6500000	7e+06	0.00574470438318673	-0.00184721125162823	-0.00254424308402219
7e+06	7500000	0.0144232847917509	-0.00539318611023301	0.00138691209198685
7500000	8e+06	0.0100952104543104	-0.00367352287422335	-0.000554005104435973
8e+06	8500000	0.0101985200889444	-0.00407884091629079	-0.000365589640934209
8500000	9e+06	0.00992645254348732	0.00176931991880985	-0.00148813582163163
9e+06	9500000	0.0101703809906731	-0.00396222772166413	-0.000419712987456878
9500000	1e+07	0.0101703809952368	-0.00396222771713693	-0.000419713002959884
1e+07	10500000	0.0101703809965493	-0.00396222771579159	-0.000419712998482595
10500000	1.1e+07	0.0101703809946799	-0.00396222771797471	-0.000419713001058686
1.1e+07	11500000	0.0101703809945849	-0.00396222771756549	-0.000419713001973509
11500000	1.2e+07	0.0101703809946247	-0.00396222771549133	-0.000419712999418625
1.2e+07	12500000	0.1168823976379	0.0257207744295877	0.107957541148262
12500000	1.3e+07	0.0995609605968443	0.216021155929777	-0.18889960721269
1.3e+07	13500000	0.00436059671193822	-0.185236963358868	0.00433220002344775
13500000	1.4e+07	0.0605080995091473	-0.0553339071689719	-0.0876478428677818
1.4e+07	14500000	0.0101703810011899	-0.00396222772068018	-0.000419712984063042
14500000	1.5e+07	0.0101703809690732	-0.0039622276951631	-0.000419713063331827
1.5e+07	15500000	0.0101703809383143	-0.0039622276726073	-0.000419713133345421
15500000	1.6e+07	0.010170380968377	-0.00396222769642859	-0.000419713062355212
1.6e+07	16500000	0.0101703809683426	-0.00396222769745452	-0.000419713059905984
16500000	1.7e+07	0.010170380968982	-0.00396222769550556	-0.000419713063567567
1.7e+07	17500000	0.0101703809691225	-0.00396222769588495	-0.000419713062255893
17500000	1.8e+07	0.0225393113615901	-0.0364078234079645	0.0916804400402009
1.8e+07	18500000	-0.0390924208673686	-0.0609174381293903	-0.0485997304324146
18500000	1.9e+07	0.0228754652197571	0.133073316984794	0.00465240504403105
1.9e+07	19500000	-0.0587005790736016	0.0449823395550245	-0.0801348200310298
19500000	2e+07	-0.128754629270432	-0.0612277200630436	0.087080887943387
2e+07	20500000	0.00411577246312549	-0.0546781709780765	0.103091721538852
20500000	2.1e+07	0.00757921646879439	-0.00958006852888961	0.00186996137574087
2.1e+07	21500000	0.0101703809679603	-0.0039622276904856	-0.000419713063323567
21500000	2.2e+07	0.0101703809740903	-0.00396222771791364	-0.000419713056108883
2.2e+07	22500000	0.0101703809730744	-0.00396222771616334	-0.00041971305968409
22500000	2.3e+07	0.0101703809736538	-0.00396222771732431	-0.000419713057004189
2.3e+07	23500000	0.0101703809794752	-0.00396222774388795	-0.000419713053507833
23500000	2.4e+07	0.0101703809715997	-0.00396222771771847	-0.00041971305751816
2.4e+07	24500000	0.0101703809733496	-0.00396222771810734	-0.000419713057544404
24500000	2.5e+07	0.0101703809721393	-0.00396222772006367	-0.000419713060762549
2.5e+07	25500000	0.0101703809745041	-0.00396222771853283	-0.000419713057021055
25500000	2.6e+07	0.0101703809749913	-0.00396222771753508	-0.000419713055358452
2.6e+07	26500000	0.0101703809726739	-0.00396222771676364	-0.000419713057629571
26500000	2.7e+07	0.00462225144948615	-0.00928300739861605	-0.0112006679887596
2.7e+07	27500000	0.0157185104727137	0.00135855197215536	0.0103612418789076
27500000	2.8e+07	-0.0278360779034772	0.0302241036292308	-0.00103333304684196
2.8e+07	28500000	0.0079120397598166	-0.00682690776138932	0.01930538410669
28500000	2.9e+07	-0.0202766527104446	-0.0032688272219834	-0.039162087735472
2.9e+07	29500000	0.0392799563046783	-0.00217134907362095	-0.0595154745036439
29500000	3e+07	0.0602027720883314	0.0536476852637385	-0.023551860519798
3e+07	30500000	-0.00559574806231707	0.00262238675786697	0.0641160489485583
30500000	3.1e+07	-0.00866123082414965	-0.0422084978442642	-0.042118407916609
3.1e+07	31500000	0.0164256220891627	-0.099058002783999	0.0283626678499052
31500000	3.2e+07	0.0547607298877366	0.0023450048200241	0.0167606512000644
3.2e+07	32500000	-0.0145078725732377	0.0250960515003794	0.0325517112653474
32500000	3.3e+07	0.0101703809727843	-0.00396222771701273	-0.000419713057749026
3.3e+07	33500000	0.0102253391309383	-0.00384807739726538	-0.000239374832873709
33500000	3.4e+07	0.0101154228120591	-0.00407637803826896	-0.00060005128164009
3.4e+07	34500000	0.0101703809727054	-0.00396222771687038	-0.000419713057834856
34500000	3.5e+07	0.0113958745135466	-0.00350299456906052	-0.000673287598893302
3.5e+07	35500000	0.0101703809727899	-0.00396222771701951	-0.00041971305749314
35500000	3.6e+07	-0.514560833400462	0.341911863561772	-0.258006342347813
3.6e+07	36500000	0.534901595348523	-0.349836318992799	0.257166916230401
36500000	3.7e+07	0.0101703809727833	-0.00396222771696073	-0.000419713057584204
3.7e+07	37500000	0.0101703809722298	-0.00396222771693182	-0.000419713059218821
37500000	3.8e+07	0.0101703809735445	-0.00396222771807043	-0.000419713060437295
3.8e+07	38500000	0.0101703809724809	-0.00396222771663035	-0.000419713055477429
38500000	3.9e+07	0.0101703809727681	-0.00396222771778375	-0.000419713058417259
3.9e+07	39500000	0.0101703809720146	-0.00396222771657813	-0.000419713056330367
39500000	4e+07	0.0101703809733865	-0.00396222771697469	-0.000419713059276445
4e+07	40500000	0.0101703809722195	-0.0039622277159204	-0.000419713057719009
40500000	4.1e+07	0.0101703814249663	-0.00396222654743271	-0.000419712842593373
4.1e+07	41500000	0.0101703805172746	-0.00396222888934492	-0.000419713271658827
41500000	4.2e+07	0.0101703809722346	-0.003962227717914	-0.000419713057717032
4.2e+07	42500000	0.00895567298783716	-0.00438969639326843	-0.000145600944701791
42500000	4.3e+07	0.0101703809721901	-0.00396222771769975	-0.000419713057518248
4.3e+07	43500000	0.0101703809731332	-0.0039622277192209	-0.000419713060521514
43500000	4.4e+07	0.0101703809725101	-0.0039622277178975	-0.000419713057401636
4.4e+07	44500000	0.0101703809813294	-0.00396222773605022	-0.000419712986861482
44500000	4.5e+07	0.0101703809734506	-0.00396222771875926	-0.000419713060116402
4.5e+07	45500000	0.0101703809724498	-0.00396222771771085	-0.000419713057334578
45500000	4.6e+07	0.010170380964179	-0.0039622277325079	-0.000419713191729138
4.6e+07	46500000	0.0101703809735064	-0.00396222771832503	-0.000419713059153121
46500000	4.7e+07	0.010095002993231	-0.00423314053461677	-0.000312378512174376
4.7e+07	47500000	0.0101297782232347	-0.00410707841659464	-0.000339121013674516
47500000	4.8e+07	0.0100312800530225	-0.00446647619107033	-0.000312743052761978
4.8e+07	48500000	0.0100467004582996	-0.00441226561706742	-0.000324774861935776
48500000	4.9e+07	0.0100158594469992	-0.00452068674523091	-0.000300711256916549
4.9e+07	49500000	0.0100312800427525	-0.00446647618600926	-0.000312743067007145
49500000	5e+07	0.0100312787983003	-0.00446647660693525	-0.000312741975266373
5e+07	50500000	0.0100312812909829	-0.00446647568712053	-0.00031274422633365
50500000	5.1e+07	-0.0135531401974293	-0.00959090246277802	-0.0505022845405684
5.1e+07	51500000	0.0336157057164018	0.000657953523267436	0.0498767916679237
51500000	5.2e+07	0.0100312827645435	-0.00446647174107988	-0.000312749790404809
5.2e+07	52500000	0.0139515061858302	-0.00551715781296508	0.0190874055116796
52500000	5.3e+07	0.00736326171250799	-0.0138960120772746	-0.00495070262581793
5.3e+07	53500000	0.0089219144189215	0.0060704220305279	-0.0148125118161135
53500000	5.4e+07	0.0315040967693076	0.0229787237697599	-0.0402175945456553
5.4e+07	54500000	0.0100312810417781	-0.00446647576655096	-0.000312744039561527
54500000	5.5e+07	0.0100312810321432	-0.00446647584147851	-0.000312743839171258
5.5e+07	55500000	0.0100312810353663	-0.00446647584418616	-0.00031274382052503
55500000	5.6e+07	0.0100312810344952	-0.00446647582480419	-0.000312743794379058
5.6e+07	56500000	0.0100312810482698	-0.00446647587334491	-0.000312743800751063
56500000	5.7e+07	0.0100312810483515	-0.00446647587218208	-0.000312743799119338
5.7e+07	57500000	0.0100312810493384	-0.0044664758701463	-0.000312743799296951
57500000	5.8e+07	0.0100312805870896	-0.00446647551666336	-0.000312744054605783
5.8e+07	58500000	0.0100312810489241	-0.00446647587152946	-0.000312743800202405
58500000	5.9e+07	0.0100312810490935	-0.00446647587370265	-0.000312743800779946
5.9e+07	59500000	0.0100312810989098	-0.00446647570593285	-0.000312743807083617
59500000	6e+07	0.208952795889836	-0.0959741961896084	0.244249224973933
6e+07	60500000	0.00998441480300052	-0.00449887000278102	-0.000388047512447456
60500000	6.1e+07	0.0102187462331577	-0.00433689868552087	-1.15289786093759e-05
6.1e+07	61500000	0.0101796321623152	-0.00436013004051235	-7.88339991218312e-05
61500000	6.2e+07	0.0102578603473523	-0.00431366744706844	5.57758527121331e-05
6.2e+07	62500000	0.0102187462319315	-0.00433689868448472	-1.15289790307859e-05
62500000	6.3e+07	0.0114019817887899	0.0388307376005021	-0.0131664648182263
6.3e+07	63500000	-0.0166024415103283	-0.121649794400186	0.0345252967425808
63500000	6.4e+07	0.0358566983692868	0.0698083580307758	-0.0213934179971009
6.4e+07	64500000	0.0155667238821398	-0.00110858610380582	0.0432427093702769
64500000	6.5e+07	0.0032467270916644	-0.0244754319325205	-0.0123237463212991
6.5e+07	65500000	-0.208664031003592	0.0765410107261496	-0.235755199063109
65500000	6.6e+07	0.0102187462319792	-0.00433689868456647	-1.15289789711235e-05
6.6e+07	66500000	0.0102300149901303	-0.00435219550173639	4.7380956494234e-05
66500000	6.7e+07	0.0102074764091923	-0.00432160336240072	-7.04378116216483e-05
6.7e+07	67500000	0.0102187462321243	-0.004336898685208	-1.15289782141133e-05
67500000	6.8e+07	0.0102187261040675	-0.00433719322531627	-1.13881816015901e-05
6.8e+07	68500000	0.0102187663207816	-0.00433660393196909	-1.16697621235554e-05
68500000	6.9e+07	0.0102187462442849	-0.00433689865082886	-1.15289688978521e-05
6.9e+07	69500000	0.010218746304442	-0.00433689864072414	-1.15289284563111e-05
69500000	7e+07	0.0102187463656576	-0.00433689868512475	-1.15289675162007e-05
7e+07	70500000	0.00975916332608162	-0.00714736733058614	0.00199459990875958
70500000	7.1e+07	0.0102187519975008	-0.00433689787277685	-1.14917614991248e-05
7.1e+07	71500000	0.0102187238381138	-0.00433690200406913	-1.16779602242048e-05
71500000	7.2e+07	0.0102187292344874	-0.0043369169534882	-1.17196363992297e-05
7.2e+07	72500000	0.0102187218984664	-0.00433691098597216	-1.17154599994515e-05
72500000	7.3e+07	0.0102187060419055	-0.00433688913597825	-1.17013865193452e-05
7.3e+07	73500000	-0.0178284789402854	0.171375889054251	-0.162836894702166
73500000	7.4e+07	0.0385611075067515	-0.177234918394644	0.160706854538551
7.4e+07	74500000	0.0102169070277301	-0.00433650152044898	-1.25019874218129e-05
74500000	7.5e+07	0.0102211260443732	-0.00428517870880326	-5.78648168938418e-06
7.5e+07	75500000	0.0102397261147719	-0.00439367681716123	-7.13746263284495e-06
75500000	7.6e+07	0.0102258796925682	-0.00433846187306857	-8.4895890029098e-06
7.6e+07	76500000	0.0102259199444283	-0.00433845253456714	-8.47504920770674e-06
76500000	7.7e+07	0.0102259201482863	-0.00433845268873156	-8.47583563174762e-06
7.7e+07	77500000	0.0102259203653285	-0.00433845217450612	-8.475364381229e-06
77500000	7.8e+07	0.010225920411457	-0.00433845206978425	-8.47567522105696e-06
7.8e+07	78500000	0.0102259200459003	-0.00433845114516794	-8.47482882598886e-06
78500000	7.9e+07	0.0102259189258813	-0.00433845285294232	-8.47539330964439e-06
7.9e+07	79500000	-0.00906111478550676	0.0118905434568424	0.0236797562574773
79500000	8e+07	0.0362368381467472	-0.0263913536755899	-0.000912817258404812
8e+07	80500000	0.00350203388328913	0.00148545190096156	-0.0227923652185377
80500000	8.1e+07	0.0102257928624296	-0.00433929835115056	-8.55162586438412e-06
8.1e+07	81500000	-0.00213521101107546	0.00573066149913245	-0.00800474566488625
81500000	8.2e+07	0.0225871754096957	-0.014406721590556	0.0079878710621336
8.2e+07	82500000	0.0102264282231016	-0.00433655642794516	-6.85326354958886e-06
82500000	8.3e+07	0.0102224702269569	-0.00435851740326482	-1.16800546399607e-05
8.3e+07	83500000	-0.048435749059571	0.0420396577189153	-0.0951069710763335
83500000	8.4e+07	0.0688812544929098	-0.050751700847097	0.0950822973584651
8.4e+07	84500000	0.0102227526959349	-0.00435602154199604	-1.23368272003936e-05
84500000	8.5e+07	0.0102227490858063	-0.00435602141240648	-1.23364405888332e-05
8.5e+07	85500000	0.0102227563194696	-0.00435602167176468	-1.23371967732147e-05
85500000	8.6e+07	0.0102227526963219	-0.00435602154032016	-1.23368266230556e-05
8.6e+07	86500000	0.0102227526961427	-0.00435602154184575	-1.23368272674058e-05
86500000	8.7e+07	0.0102227526954163	-0.00435602154396771	-1.23368276672843e-05
8.7e+07	87500000	0.0429086484256805	0.0213712880963765	0.0833212164567332
87500000	8.8e+07	-0.0224631430368808	-0.0300833311878488	-0.0833458901059852
8.8e+07	88500000	0.010222752695438	-0.00435602154360709	-1.2336827525986e-05
88500000	8.9e+07	0.0103286800900335	-0.00445356777512265	4.15545511354355e-05
8.9e+07	89500000	0.0101168253037277	-0.00425847531512302	-6.62282055743399e-05
89500000	9e+07	0.0102227526953142	-0.00435602154358373	-1.23368279584217e-05
9e+07	90500000	0.0103878854685656	-0.00436214934826861	9.36926798021064e-05
90500000	9.1e+07	0.0102231443338173	-0.00435641915705331	-1.18787920778347e-05
9.1e+07	91500000	0.0102211861414198	-0.00435443108957913	-1.41689716043993e-05
91500000	9.2e+07	0.0102211861415158	-0.00435443108987589	-1.41689700723255e-05
9.2e+07	92500000	0.0102211861408058	-0.00435443108939828	-1.41689698053012e-05
92500000	9.3e+07	0.0102211861406338	-0.00435443109120891	-1.41689710602298e-05
9.3e+07	93500000	0.010221186141316	-0.00435443108898514	-1.41689710697242e-05
93500000	9.4e+07	0.0102211861406901	-0.00435443109165024	-1.41689717274535e-05
9.4e+07	94500000	0.010221186141203	-0.00435443108910935	-1.41689698198437e-05
94500000	9.5e+07	0.0102211861410698	-0.00435443108811832	-1.41689691822207e-05
9.5e+07	95500000	0.010221186140454	-0.00435443109100942	-1.41689713967801e-05
95500000	9.6e+07	0.0102211861623877	-0.00435443111791627	-1.41689260742428e-05
9.6e+07	96500000	0.0102211861408873	-0.00435443108974654	-1.41689716382075e-05
96500000	9.7e+07	0.0102211861402906	-0.00435443109100224	-1.41689703066497e-05
9.7e+07	97500000	0.0102211861195715	-0.00435443106337178	-1.41690163912031e-05
97500000	9.8e+07	0.0805347750856385	-0.00944200683454445	-0.0282286491378189
9.8e+07	98500000	-0.00597143127058298	-0.00482537498264474	0.0603222394300892
98500000	9.9e+07	0.0118840179836565	-0.178061651685067	0.105485653698028
9.9e+07	99500000	0.0321742505703989	0.0690056669292435	0.0874438342296911
99500000	1e+08	0.0828237032798689	0.215622265889957	-0.213710902459081
1e+08	100500000	-0.108525344900314	-0.0321167738753756	0.0571936085293235
100500000	1.01e+08	0.0102211861237261	-0.00435443106880174	-1.41690072035825e-05
1.01e+08	101500000	0.0102211861240627	-0.00435443106639887	-1.41690065638741e-05
101500000	1.02e+08	0.0102211861227699	-0.00435443106936941	-1.41690084730385e-05
1.02e+08	102500000	0.0102211861239751	-0.00435443107059211	-1.41690086733353e-05
102500000	1.03e+08	0.0102211861230408	-0.0043544310658192	-1.41690084127363e-05
1.03e+08	103500000	0.0102211861236553	-0.0043544310680785	-1.41690083478023e-05
103500000	1.04e+08	0.0102211861226471	-0.00435443106901815	-1.41690076592021e-05
1.04e+08	104500000	0.0102211861241622	-0.00435443106656911	-1.41690052274514e-05
104500000	1.05e+08	0.010221186122728	-0.00435443106833665	-1.41690064936816e-05
1.05e+08	105500000	0.0102211861236071	-0.00435443106955607	-1.41690079967805e-05
105500000	1.06e+08	0.00156372216115042	0.115818560931627	-0.00183533996337841
1.06e+08	106500000	0.154422504467108	0.0515502797254836	0.0480738131399885
106500000	1.07e+08	-0.0864918923862677	0.0928289040518836	-0.235376128376557
1.07e+08	107500000	0.0822409763746063	-0.241305049718366	0.219874628423633
107500000	1.08e+08	-0.0824863916750273	-0.0351990433432582	-0.056299872980367
1.08e+08	108500000	0.0102211861243538	-0.004354431068593	-1.41690088040138e-05
108500000	1.09e+08	0.0102211861210884	-0.00435443107158999	-1.41690049684102e-05
1.09e+08	109500000	0.0102211860848124	-0.00435443109616254	-1.41689934247868e-05
109500000	1.1e+08	0.0102211861210753	-0.00435443107062989	-1.41690034260697e-05
1.1e+08	110500000	0.0102211861209498	-0.00435443107188897	-1.41690049200702e-05
110500000	1.11e+08	0.0102211861205121	-0.00435443107348755	-1.41690045792058e-05
1.11e+08	111500000	0.00531056067157184	-0.00283905617986726	-0.00439499711966591
111500000	1.12e+08	0.00973514226983264	-0.00409267163591897	-0.000415977467425558
1.12e+08	112500000	0.0102211861206248	-0.00435443107325176	-1.41690045382307e-05
112500000	1.13e+08	0.010707230006029	-0.00461619051283025	0.000387639499385817
1.13e+08	113500000	-0.0346040307732832	-0.0976443245262883	-0.0387320847046811
113500000	1.14e+08	0.0328270624731593	0.0419534575231093	-0.0883031229517331
1.14e+08	114500000	0.0102206122403383	-0.00435399022065255	-1.47250058454811e-05
114500000	1.15e+08	-0.0123841164178973	-0.0506627605497735	0.088275341133786
1.15e+08	115500000	0.0102208990155942	-0.00435421313395699	-1.44476391871352e-05
115500000	1.16e+08	0.0102237703776377	-0.00435639374235637	-1.1661450034423e-05
1.16e+08	116500000	0.0102223345402399	-0.00435530282921211	-1.30544651223938e-05
116500000	1.17e+08	0.0102223345393537	-0.00435530283151622	-1.30544658922611e-05
1.17e+08	117500000	0.0102223345375784	-0.00435530283231779	-1.30544642033338e-05
117500000	1.18e+08	0.0102223345512702	-0.00435530281988604	-1.30544719721625e-05
1.18e+08	118500000	0.01022233459154	-0.0043553026602653	-1.30546220351887e-05
118500000	1.19e+08	0.0102223343652796	-0.00435530281360203	-1.30547120364951e-05
1.19e+08	119500000	0.0102223343902617	-0.00435530251383784	-1.30547564960485e-05
119500000	1.2e+08	0.141253194493155	0.00606545503893168	-0.000219600517703695
1.2e+08	120500000	0.0211815885740809	0.0384041497954569	0.0218013343428907
120500000	1.21e+08	0.027716601845788	0.0708799410819504	0.144046314019873
1.21e+08	121500000	0.0142349879298453	-0.0144035757361463	-0.0176042497318045
121500000	1.22e+08	0.0170170644749035	-0.0464207277289177	-0.0313209340463046
1.22e+08	122500000	0.0536468779648436	-0.0802647607285758	-0.107097126044304
122500000	1.23e+08	-0.162100818086776	0.00122606667697874	-0.0230249844196948
1.23e+08	123500000	-0.0184114061603065	0.0182301655262512	0.0145620156391902
123500000	1.24e+08	-0.0230221255888762	-0.00730963083099593	-0.0167307183212972
1.24e+08	124500000	0.0102223344192566	-0.00435530257779107	-1.30546975782683e-05
124500000	1.25e+08	0.0102223344245481	-0.00435530257417364	-1.30547016607373e-05
1.25e+08	125500000	0.0102223344229127	-0.00435530257641966	-1.30547013330053e-05
125500000	1.26e+08	0.0102223344238438	-0.00435530257352693	-1.30547005722535e-05
1.26e+08	126500000	0.0102223344232402	-0.00435530257564861	-1.30547016750818e-05
126500000	1.27e+08	0.0102223344240802	-0.00435530257389579	-1.30547001075727e-05
1.27e+08	127500000	0.0103170148659726	-0.0042678096500826	3.69055398891737e-05
127500000	1.28e+08	0.0104429301986824	-0.00414190338347755	-6.50450136645212e-05
1.28e+08	128500000	0.0103528488263172	-0.00438850628444123	2.55561295916656e-05
128500000	1.29e+08	0.0102954133281525	-0.0042882384515075	2.55384655628463e-05
1.29e+08	129500000	0.0102459741792545	-0.00417917996364267	2.96458873595704e-05
129500000	1.3e+08	0.00966436389269752	-0.00316144708042746	-1.97230595365059e-05
1.3e+08	130500000	0.0312530505490379	-0.0311748792177164	0.0156259734271869
130500000	1.31e+08	0.0102980787774262	-0.00428530823498716	2.69134916888801e-05
1.31e+08	131500000	0.0103481592155812	-0.00437744572528742	3.04831826845538e-05
131500000	1.32e+08	0.0102479983381289	-0.00419317074668558	2.33438037652896e-05
1.32e+08	132500000	0.0102980787770241	-0.00428530823488357	2.69134913660758e-05
132500000	1.33e+08	0.0102980787794399	-0.00428530823604032	2.69134930336893e-05
1.33e+08	133500000	0.0102980787793638	-0.00428530823563187	2.69134938053148e-05
133500000	1.34e+08	0.0102980787797196	-0.00428530823461801	2.69134951277845e-05
1.34e+08	134500000	0.0102980787800069	-0.00428530823729267	2.69134936172657e-05
134500000	1.35e+08	0.0102980787791913	-0.00428530823377636	2.69134925340683e-05
1.35e+08	135500000	0.0102980787796325	-0.00428530823397352	2.69134925214238e-05
135500000	1.36e+08	0.0102980787792727	-0.00428530823371019	2.69134925057177e-05
1.36e+08	136500000	0.0102980787786554	-0.0042853082356763	2.69134931809242e-05
136500000	1.37e+08	0.010298078779184	-0.0042853082378409	2.69134948297782e-05
1.37e+08	137500000	0.0102980787770896	-0.00428530823581619	2.69134913983323e-05
137500000	1.38e+08	0.0102980787785964	-0.00428530823632988	2.69134932113331e-05
1.38e+08	138500000	0.0102980787778026	-0.00428530823377246	2.69134924099093e-05
138500000	1.39e+08	0.0102980787784115	-0.00428530823566616	2.6913492715824e-05
1.39e+08	139500000	0.0102980787781464	-0.00428530823355564	2.69134948792301e-05
139500000	1.4e+08	0.0102980787785216	-0.00428530823599032	2.69134927903659e-05
1.4e+08	140500000	0.0102980787793525	-0.00428530823562069	2.69134934994183e-05
140500000	1.41e+08	0.0102980787790313	-0.0042853082361524	2.69134929506981e-05
1.41e+08	141500000	0.0102980787791481	-0.00428530823317405	2.69134914797578e-05
141500000	1.42e+08	0.0102980787788114	-0.00428530823648489	2.69134928244445e-05
1.42e+08	142500000	0.0102980787782795	-0.00428530823484823	2.69134955670937e-05
142500000	1.43e+08	0.0102980787790841	-0.00428530823740807	2.6913492290604e-05
1.43e+08	143500000	0.0388194553809811	0.0121901426203739	0.0602736775963522
143500000	1.44e+08	-0.913822812000488	2.14935929195157	-0.628479019146869
1.44e+08	144500000	0.00890537076669221	0.0605285491956712	0.0443116225894608
144500000	1.45e+08	0.960222711964966	-2.05856163238919	0.597894765222778
1.45e+08	145500000	0.0578069063024214	-0.0932293873037079	-0.00466574742630038
145500000	1.46e+08	0.0139440036810572	-0.0636731051673166	-0.0526825887370329
1.46e+08	146500000	-0.0937890846419094	-0.0366110165666662	-0.0164643156503698
146500000	1.47e+08	0.0102980787791182	-0.00428530823718998	2.69134926095623e-05
1.47e+08	147500000	0.0102980787778572	-0.00428530823345938	2.69134904959593e-05
147500000	1.48e+08	0.0102980787778373	-0.00428530823626416	2.69134924090934e-05
1.48e+08	148500000	0.0102980787783051	-0.00428530823739056	2.69134941525421e-05
148500000	1.49e+08	0.0102980787784025	-0.00428530823563105	2.69134906554478e-05
1.49e+08	149500000	0.0102980787777636	-0.004285308235342	2.69134912203135e-05
149500000	1.5e+08	0.0102980787775047	-0.00428530823868675	2.69134912865969e-05
1.5e+08	150500000	0.0102980787789815	-0.0042853082359646	2.69134924395853e-05
150500000	1.51e+08	0.0102980787783985	-0.00428530823381781	2.69134936876621e-05
1.51e+08	151500000	0.0102980787777842	-0.00428530823657426	2.6913492405142e-05
151500000	1.52e+08	0.0102980787776621	-0.00428530823821541	2.69134914376608e-05
1.52e+08	152500000	0.0102980787778755	-0.00428530823731052	2.69134923385723e-05
152500000	1.53e+08	0.0102980787790834	-0.00428530823353273	2.69134911791819e-05
1.53e+08	153500000	0.0102980787784934	-0.00428530823419882	2.69134903820989e-05
153500000	1.54e+08	0.0102980787784448	-0.00428530823666995	2.69134922212828e-05
1.54e+08	154500000	0.0102980787789054	-0.00428530823865461	2.6913492765526e-05
154500000	1.55e+08	0.0100140473816865	-0.00425167782770528	4.74389544752017e-05
1.55e+08	155500000	0.0105821101765086	-0.00431893864853806	6.38803092518401e-06
155500000	1.56e+08	0.010695171695752	-0.00435636156664922	-1.90212875956122e-05
1.56e+08	156500000	0.0102773837063574	-0.00425266326450461	6.66312045046286e-05
156500000	1.57e+08	0.00992168093324754	-0.00424689988229549	3.3130561110247e-05
1.57e+08	157500000	0.0102980787787761	-0.00428530823830056	2.69134925469364e-05
157500000	1.58e+08	0.0102980787805253	-0.00428530823661792	2.69134939475425e-05
1.58e+08	158500000	0.0102980787781035	-0.00428530823983794	2.6913491830734e-05
158500000	1.59e+08	0.0102980787776168	-0.00428530823686826	2.69134937444622e-05
1.59e+08	159500000	0.0102980787784839	-0.00428530823660951	2.69134934293482e-05
159500000	1.6e+08	0.0102980787765593	-0.00428530823843167	2.691349147685e-05
1.6e+08	160500000	0.0102980787775466	-0.00428530823806568	2.69134926745322e-05
160500000	1.61e+08	0.0102980787784442	-0.00428530823899692	2.6913493996794e-05
1.61e+08	161500000	0.0102980787795073	-0.00428530823810546	2.69134913136641e-05
161500000	1.62e+08	0.0102980787795215	-0.00428530823615136	2.6913493685576e-05
1.62e+08	162500000	0.0102976827198125	-0.00428582409695556	2.0353425811606e-05
162500000	1.63e+08	0.010298078776674	-0.00428530822912743	2.69135026585741e-05
1.63e+08	163500000	0.010298078777211	-0.0042853082378568	2.69134934190813e-05
163500000	1.64e+08	0.0102980787780623	-0.00428530824540364	2.69134849335486e-05
1.64e+08	164500000	0.0102980787788186	-0.00428530823681489	2.69134937852673e-05
164500000	1.65e+08	0.0102980787780753	-0.00428530823853057	2.69134923621829e-05
1.65e+08	165500000	0.0102972358212114	-0.00428435772388248	2.56046818695771e-05
165500000	1.66e+08	0.0103141138107167	-0.00428571848700954	3.35108657361151e-05
1.66e+08	166500000	0.0102832644101172	-0.00428609300357474	2.51139757100758e-05
166500000	1.67e+08	0.0102987315419788	-0.00428593259316669	2.83793040450082e-05
1.67e+08	167500000	0.00471831827650244	-0.0158534080540863	-0.0155392567604756
167500000	1.68e+08	0.0158787568203497	0.00728206955314701	0.0155957500881708
1.68e+08	168500000	0.0102986009888458	-0.0042858077218051	2.80861413162334e-05
168500000	1.69e+08	0.010298600989105	-0.00428580772309986	2.80861436308193e-05
1.69e+08	169500000	0.0102986009921236	-0.00428580772420734	2.80861458750753e-05
169500000	1.7e+08	0.0102986009908667	-0.00428580772313665	2.80861439017406e-05
1.7e+08	170500000	0.0113967329620723	-0.00154962525556688	0.0150346413653995
170500000	1.71e+08	0.00515731301028271	-0.0102505987020661	-0.0105604652408104
1.71e+08	171500000	0.0143417570005776	-0.00105719921275938	-0.00438991769246485
171500000	1.72e+08	0.0102986009907961	-0.00428580772300196	2.80861435601777e-05
1.72e+08	172500000	0.0102986009910571	-0.00428580772424887	2.80861449769785e-05
172500000	1.73e+08	0.0102986009911893	-0.0042858077260069	2.80861468606673e-05
1.73e+08	173500000	0.0102986009911786	-0.00428580772301005	2.80861448528306e-05
173500000	1.74e+08	0.0102986009904467	-0.00428580772383635	2.80861434693616e-05
1.74e+08	174500000	0.0102986009904465	-0.00428580772279971	2.8086146962761e-05
174500000	1.75e+08	0.0102986009904213	-0.004285807722309	2.80861429677576e-05
1.75e+08	175500000	0.010298600990885	-0.00428580772430605	2.80861467620544e-05
175500000	1.76e+08	0.0102986009904111	-0.00428580772316691	2.80861464020732e-05
1.76e+08	176500000	0.0102986009905546	-0.00428580772366197	2.80861465637025e-05
176500000	1.77e+08	0.0102986009896039	-0.00428580772348886	2.80861442958712e-05
1.77e+08	177500000	0.010298600990246	-0.00428580772379008	2.80861427607647e-05
177500000	1.78e+08	0.0102986009902757	-0.00428580772433677	2.80861436785571e-05
1.78e+08	178500000	0.0102986009923194	-0.00428580772352434	2.80861478997576e-05
178500000	1.79e+08	0.0102986009905884	-0.00428580772396554	2.80861465861278e-05
1.79e+08	179500000	0.0102986009908364	-0.00428580772376584	2.8086144259257e-05
179500000	1.8e+08	0.0102986020565399	-0.00428580614587786	2.8082967492834e-05
1.8e+08	180500000	0.0102985999218812	-0.00428580930382536	2.80893221794258e-05
180500000	1.81e+08	0.0102986009903105	-0.00428580772297528	2.8086146552062e-05
1.81e+08	181500000	0.0102986009905428	-0.00428580772437272	2.80861439108026e-05
181500000	1.82e+08	0.0102771418900649	-0.00428488039983166	3.86520871590302e-05
1.82e+08	182500000	0.010320060088615	-0.00428673504945375	1.75202033388525e-05
182500000	1.83e+08	0.0102986009910628	-0.00428580772445823	2.80861455514002e-05
1.83e+08	183500000	0.010298600990864	-0.00428580772454676	2.8086146011854e-05
183500000	1.84e+08	0.0102986009901861	-0.00428580772235647	2.80861443920512e-05
1.84e+08	184500000	0.0102986009915821	-0.00428580772328913	2.80861473514481e-05
184500000	1.85e+08	0.0102986009900728	-0.00428580772457453	2.80861450431587e-05
1.85e+08	185500000	0.0102986009903331	-0.00428580772486166	2.80861441060409e-05
185500000	1.86e+08	0.0102975896656868	-0.00428011561987722	2.20879338046531e-05
1.86e+08	186500000	0.0102996123162963	-0.00429149982891131	3.40843516428459e-05
186500000	1.87e+08	0.0103034794423589	-0.00430533723124577	4.26236648274234e-05
1.87e+08	187500000	0.010274130997259	-0.00435421049357411	4.3199337058613e-05
187500000	1.88e+08	0.0103181925307785	-0.00419787544968055	-1.56456567189733e-06
1.88e+08	188500000	0.0102986009898692	-0.00428580772402795	2.80861452911271e-05
188500000	1.89e+08	0.0102986009909519	-0.00428580772408578	2.80861447168019e-05
1.89e+08	189500000	0.0102986009909392	-0.00428580772354648	2.80861474518072e-05
189500000	1.9e+08	0.010298600989769	-0.00428580772403116	2.80861443866714e-05
1.9e+08	190500000	0.010298600990584	-0.00428580772333983	2.80861467551372e-05
190500000	1.91e+08	0.0102986009902283	-0.0042858077238259	2.80861445666304e-05
1.91e+08	191500000	-0.112132232076565	-0.0845992812728426	0.0169145367437553
191500000	1.92e+08	-0.0117083168500008	-0.0630873270408038	-0.0180259879197802
1.92e+08	192500000	0.00162577522364317	-0.0421021396108544	0.0250559787550087
192500000	1.93e+08	0.106034501773399	-0.025416289086971	-0.0449275251577516
1.93e+08	193500000	-0.0703695279869583	0.0597220370576458	-0.0403196764089731
193500000	1.94e+08	0.0103600689353725	-0.00402959407165144	-9.71173375358974e-06
1.94e+08	194500000	0.0102986009901353	-0.00428580772368058	2.80861449196675e-05
194500000	1.95e+08	0.0102986009899011	-0.00428580772486109	2.80861418109408e-05
1.95e+08	195500000	0.0102986009900872	-0.00428580772419571	2.80861435177206e-05
195500000	1.96e+08	0.0102986009910266	-0.00428580772485732	2.80861459096466e-05
1.96e+08	196500000	0.0102986009905792	-0.00428580772479099	2.80861433296358e-05
196500000	1.97e+08	0.0108503737046013	-0.00329973575669617	-4.53784694520261e-05
1.97e+08	197500000	0.0102985948163268	-0.00428581625189433	2.80893748186285e-05
197500000	1.98e+08	0.00974683445052508	-0.00527187116510084	0.000101547524389367
1.98e+08	198500000	0.0102986009935748	-0.00428580771893245	2.80861360057299e-05
198500000	1.99e+08	0.0102986009952857	-0.0042858077923537	2.8086149996276e-05
1.99e+08	199500000	0.0102986009639303	-0.00428580777634628	2.80862084350706e-05
199500000	2e+08	0.0102986009632964	-0.00428580770635411	2.80861945046411e-05
2e+08	200500000	0.0102986009778007	-0.00428580774751831	2.80861732148273e-05
200500000	2.01e+08	0.0500139931364641	-0.00023422374383718	0.012220508859553
2.01e+08	201500000	-0.0294167911808663	-0.00833739175116883	-0.012164336513735
201500000	2.02e+08	0.0102986009777964	-0.00428580774759088	2.80861732392475e-05
2.02e+08	202500000	-0.043939772271366	0.0608387251140141	-0.052575073955777
202500000	2.03e+08	-0.0690129905257352	0.13941603748681	0.173352925365601
2.03e+08	203500000	-0.041407520926856	-0.0338135426032582	0.0114986442955153
203500000	2.04e+08	0.0107016395185023	-0.00409743351212802	0.00924028724110407
2.04e+08	204500000	0.0616016843425954	0.0250535528729278	-0.0206546730176485
204500000	2.05e+08	0.51187524373824	0.432571881561044	-0.369722631390168
2.05e+08	205500000	-0.306948867712584	0.00912140386722926	-0.177958684861542
205500000	2.06e+08	-0.174030573092101	-0.454550708670974	0.54776557477112
2.06e+08	206500000	0.0513366339032786	0.141154695791471	-0.0872590876547635
206500000	2.07e+08	0.0955809043301464	-0.007349913587376	0.0777331779531734
2.07e+08	207500000	0.16550722678135	-0.0863686694886759	-0.0784099529347446
207500000	2.08e+08	0.108635583398492	-0.0482170088847233	0.0750426071703995
2.08e+08	208500000	-0.0980360418471161	-0.0956767729804856	-0.0462070901449756
208500000	2.09e+08	0.0102945768301568	-0.00426897819795728	5.09608160410756e-05
2.09e+08	209500000	0.0103348183058965	-0.00443727369303343	-0.000177785616286789
209500000	2.1e+08	0.0103146975688066	-0.00435312594729309	-6.34123978518705e-05
2.1e+08	210500000	0.0103146975687498	-0.00435312594783813	-6.34123977234006e-05
210500000	2.11e+08	0.0103146975674952	-0.00435312594562101	-6.34123988042679e-05
2.11e+08	211500000	0.0103146975674329	-0.00435312594397643	-6.3412398669248e-05
211500000	2.12e+08	0.0103146975685992	-0.00435312594620751	-6.34123978085022e-05
2.12e+08	212500000	0.0103146975694027	-0.00435312594820803	-6.34123972752102e-05
212500000	2.13e+08	0.128995505319125	0.0856407474336222	-0.0319694494799854
2.13e+08	213500000	-0.0293084134528631	0.211488570952945	0.0812480217621231
213500000	2.14e+08	0.00559147724677373	-0.00633874623115399	-0.0389049470278341
2.14e+08	214500000	-0.151282387486311	0.0386608306923495	0.00743506756842282
214500000	2.15e+08	-0.131354722268284	-0.000779858343449577	-0.227892581040148
2.15e+08	215500000	-0.208170764929402	0.77330502741102	1.23982580609011
215500000	2.16e+08	-0.00986747260856951	-0.070532311562575	0.0299110219563074
2.16e+08	216500000	0.0103146975691707	-0.00435312594786328	-6.34123972220833e-05
216500000	2.17e+08	0.010314697568131	-0.00435312594651326	-6.34123996079046e-05
2.17e+08	217500000	0.0103146975697966	-0.00435312594860243	-6.34123967812396e-05
217500000	2.18e+08	0.0103146975687858	-0.00435312594635379	-6.34124000090917e-05
2.18e+08	218500000	0.0103146975697539	-0.00435312594787423	-6.34123958522e-05
218500000	2.19e+08	0.0103146975683315	-0.00435312594733325	-6.34123984926565e-05
2.19e+08	219500000	0.0103146975685946	-0.00435312594790822	-6.34123985493478e-05
219500000	2.2e+08	0.0103146975692334	-0.00435312594771052	-6.34123986071627e-05
2.2e+08	220500000	0.0103146975694082	-0.00435312594949018	-6.34123979968873e-05
220500000	2.21e+08	0.0103146975611514	-0.00435312596061095	-6.34124111218961e-05
2.21e+08	221500000	0.0103146975808518	-0.00435312584098402	-6.34124048092891e-05
221500000	2.22e+08	0.0103146929739913	-0.00435311922088249	-6.3411891931748e-05
2.22e+08	222500000	0.0103147001629663	-0.00435313322866415	-6.34110662618855e-05
222500000	2.23e+08	0.010314700426615	-0.00435312617563242	-6.34133652149916e-05
2.23e+08	223500000	0.00998640834430591	-0.0970168754623385	0.00744699998867801
223500000	2.24e+08	0.146541687359416	-0.0319493311368262	0.0688051488601481
2.24e+08	224500000	0.180340565371868	-0.0703811579238989	0.0642336157015598
224500000	2.25e+08	0.201406119831478	0.0214608473994241	-0.225130796037145
2.25e+08	225500000	0.173073291998091	0.0464439101175686	0.440271330420883
225500000	2.26e+08	-0.181860212779663	-0.956592291632522	-1.41610360475352
2.26e+08	226500000	0.0103146998572742	-0.00435312612687917	-6.34131693049374e-05
226500000	2.27e+08	0.0103146998464304	-0.0043531261419143	-6.34131818123596e-05
2.27e+08	227500000	0.0103146998454766	-0.00435312614130902	-6.34131817625594e-05
227500000	2.28e+08	0.0103146998468918	-0.00435312614333884	-6.34131812646113e-05
2.28e+08	228500000	0.0602668550877482	0.0440688395632194	-0.0118596683209533
228500000	2.29e+08	-0.057616909122506	0.0590466457312003	-0.0124611386470844
2.29e+08	229500000	0.010315545859823	-0.00435332317983328	-6.32769959481739e-05
229500000	2.3e+08	0.00197035271964842	-0.0288443934479995	-0.00493221479887952
2.3e+08	230500000	0.016235131475279	0.00967064076361778	0.015192927918655
230500000	2.31e+08	0.01031460094053	-0.00435300867952113	-6.33756544869122e-05
2.31e+08	231500000	0.010315282146189	-0.00435298560144543	-6.30574257573012e-05
231500000	2.32e+08	0.0100740798971376	-0.00382394971811725	-2.04890569660017e-05
2.32e+08	232500000	0.0103154683944688	-0.00435477021544121	-6.3326413690185e-05
232500000	2.33e+08	0.0103133116039373	-0.00433955441932677	-6.25595415878287e-05
2.33e+08	233500000	0.0258422425825253	-0.083450282967952	0.0295852158425472
233500000	2.34e+08	0.0103598317752748	-0.00435268418437943	-5.07923452056e-05
2.34e+08	234500000	0.00461471203367682	-0.000133444257275589	-0.00187382651133737
234500000	2.35e+08	0.0103180063988977	-0.00434199197392722	-6.14278876678643e-05
2.35e+08	235500000	0.0102730714751692	-0.00433144548074902	-7.25941284236473e-05
235500000	2.36e+08	0.0102955677486846	-0.00433670909868965	-6.7013318914959e-05
2.36e+08	236500000	0.0102737773372541	-0.0043544124719444	-0.000165180463150605
236500000	2.37e+08	0.0103173695068294	-0.00431900164781573	3.11527963917039e-05
2.37e+08	237500000	0.0337648060403554	0.00881932989018002	0.0250916557490653
237500000	2.38e+08	-0.00695773167917301	-0.00965026899897772	0.0508912131503602
2.38e+08	238500000	0.0102714237780304	-0.00436823208762927	-0.000182763846253447
238500000	2.39e+08	0.0149410598317947	-0.03906054472893	-0.0898385818708284
2.39e+08	239500000	0.0103130098343663	-0.00432254270474839	1.1519392226682e-05
239500000	2.4e+08	0.0103130098775497	-0.0043225428190699	1.15194700947673e-05
