0	5e+05	-0.294661252668817	1.98089902332368	-3.27084515210798
5e+05	1e+06	-0.269993077187095	2.02208281502257	-3.24975571908954
1e+06	1500000	-0.217168933098026	2.111384163357	-3.20405499026261
1500000	2e+06	-0.161184718893361	2.20681469825217	-3.15524460209739
2e+06	2500000	-0.10236452628311	2.30765164601565	-3.10365795105717
2500000	3e+06	-0.0448388529278135	2.40608975266267	-3.05331856136567
3e+06	3500000	0.0182946389717686	2.5142519518893	-2.99796194397087
3500000	4e+06	0.0936558817892113	2.64409508128436	-2.93166701836338
4e+06	4500000	0.170269636580294	2.77648140706968	-2.86410942680982
4500000	5e+06	0.246376192998133	2.90817307951842	-2.79657343839497
5e+06	5500000	0.295502178159652	2.97064369815233	-2.72178168543646
5500000	6e+06	0.317568434794777	2.95604703652906	-2.62911190826096
6e+06	6500000	0.314065129841686	2.86466029961963	-2.51354841751353
6500000	7e+06	0.319286575123384	2.7995161100695	-2.39530815322898
7e+06	7500000	0.347703191913483	2.79936268530563	-2.28004692863288
7500000	8e+06	0.419355538921822	2.8300136676539	-2.18591757894188
8e+06	8500000	0.504427204194587	2.86368320367469	-2.09043647527758
8500000	9e+06	0.608028480474549	2.8903751951498	-1.98100705746736
9e+06	9500000	0.749014503822427	2.9367331408529	-1.90506561727821
9500000	1e+07	0.901449946522542	2.97668594935897	-1.87001604310676
1e+07	10500000	1.09180210855725	3.01792259152095	-1.87791531682756
10500000	1.1e+07	1.21815506329075	3.05399747687507	-1.90097889850176
1.1e+07	11500000	1.29692250804158	3.09360055070473	-1.97123143432843
11500000	1.2e+07	1.31304055554515	3.13290831076096	-2.09395695215269
1.2e+07	12500000	1.26659578180687	3.14336531629377	-2.21009421392706
12500000	1.3e+07	1.19137155846331	3.1319853496136	-2.30947922000945
1.3e+07	13500000	1.1261150138468	3.07053635697645	-2.39826906403896
13500000	1.4e+07	1.10797623221364	3.00147296988668	-2.5050283554369
1.4e+07	14500000	1.09889358161855	2.90708317853457	-2.57120797237791
14500000	1.5e+07	1.09845763047407	2.82099521629515	-2.57893640659045
1.5e+07	15500000	1.11175270959689	2.71138908362987	-2.53501137068827
15500000	1.6e+07	1.16942930789441	2.59312665280407	-2.48247578213692
1.6e+07	16500000	1.21778142828646	2.44658650482164	-2.42898296256914
16500000	1.7e+07	1.25203298817014	2.34687355062024	-2.35021183778757
1.7e+07	17500000	1.27354903520915	2.27807437655162	-2.21619305524633
17500000	1.8e+07	1.27952848980615	2.24999224821244	-2.06768671862308
1.8e+07	18500000	1.29615563706729	2.16414241535619	-1.96363419619801
18500000	1.9e+07	1.32002263193674	2.03773232231282	-1.91525458436485
1.9e+07	19500000	1.32014292737056	1.8907618360812	-1.88065865062349
19500000	2e+07	1.31337693301736	1.83032040133366	-1.79567531807085
2e+07	20500000	1.30105054662335	1.83409847233212	-1.67640353642891
20500000	2.1e+07	1.32251818520852	1.88446013749472	-1.53077061127165
2.1e+07	21500000	1.29809625195764	1.91274719868014	-1.39175127393944
21500000	2.2e+07	1.24731108113843	1.93757775246353	-1.26288673310485
2.2e+07	22500000	1.18352215610916	1.95104910491314	-1.14149440271991
22500000	2.3e+07	1.15975313446892	1.96384790965514	-0.993964752966962
2.3e+07	23500000	1.18718990606553	1.97112449057571	-0.856263411551689
23500000	2.4e+07	1.22710567760466	1.93108755835808	-0.75593469175427
2.4e+07	24500000	1.29518477674447	1.83565395271839	-0.692448868454703
24500000	2.5e+07	1.35531304108952	1.69928416981717	-0.636726953060093
2.5e+07	25500000	1.42731051592262	1.56159023412615	-0.559252266474967
25500000	2.6e+07	1.49415708751358	1.43594246104301	-0.490173289727479
2.6e+07	26500000	1.55962806944162	1.31277873924135	-0.422776416128933
26500000	2.7e+07	1.60112504473669	1.18388862421201	-0.387899193024732
2.7e+07	27500000	1.63429071124608	1.02799404407143	-0.368056267305441
27500000	2.8e+07	1.65696890902848	0.859493409467043	-0.36538023822913
2.8e+07	28500000	1.66461064653966	0.716146906987855	-0.396109669299348
28500000	2.9e+07	1.60764485820608	0.630690923100149	-0.436632229971907
2.9e+07	29500000	1.5030240151093	0.588786934512449	-0.450276378357623
29500000	3e+07	1.37382374446478	0.614430804130125	-0.434439507841723
3e+07	30500000	1.25697573719581	0.679937175180754	-0.417652248112437
30500000	3.1e+07	1.13040753812149	0.768655521432126	-0.419256832179065
3.1e+07	31500000	1.0281302627895	0.858727600991314	-0.377035865289694
31500000	3.2e+07	0.929843411266244	0.935878470808683	-0.294151543921359
3.2e+07	32500000	0.827860278364311	1.00014068777043	-0.216086475547528
32500000	3.3e+07	0.696999951169673	1.05685152344122	-0.188752019741232
3.3e+07	33500000	0.584871131096432	1.14353039377789	-0.18620191648932
33500000	3.4e+07	0.487943754652147	1.22953233116936	-0.154873504042668
3.4e+07	34500000	0.446984835905152	1.29961211167042	-0.0572698403533633
34500000	3.5e+07	0.405369888519017	1.30887284612444	0.0744939745656113
3.5e+07	35500000	0.418496371064506	1.27616143591594	0.195402717107172
35500000	3.6e+07	0.427453905195352	1.18895563601679	0.326354453357312
3.6e+07	36500000	0.46056412675257	1.0900806657347	0.44609116376045
36500000	3.7e+07	0.480147130359456	0.991519811110246	0.524458907105882
3.7e+07	37500000	0.502449758814224	0.865576791885245	0.555926354503186
37500000	3.8e+07	0.526795756197163	0.715068024564672	0.560137171164304
3.8e+07	38500000	0.551425136377292	0.57463916667823	0.583960994469152
38500000	3.9e+07	0.57120497363882	0.46012568678668	0.601987611866379
3.9e+07	39500000	0.589736583577829	0.353431610527087	0.617505815338132
39500000	4e+07	0.6114753696944	0.227586907961035	0.635916554440489
4e+07	40500000	0.633212368315835	0.101471651230073	0.654584269919233
40500000	4.1e+07	0.65644457121212	-0.033782589685398	0.674597291098988
4.1e+07	41500000	0.679790727468787	-0.169336698145972	0.694599720602387
41500000	4.2e+07	0.706573014311105	-0.32527901868968	0.717394067845511
4.2e+07	42500000	0.732330677810716	-0.474435406996585	0.739060012054978
42500000	4.3e+07	0.764984373797643	-0.662929841458803	0.766224587683007
4.3e+07	43500000	0.795200733802217	-0.835882082890788	0.79106199506259
43500000	4.4e+07	0.813992102303933	-0.975595659426065	0.764835966867381
4.4e+07	44500000	0.861857767352573	-1.02942450194259	0.676865339383199
44500000	4.5e+07	0.933811355089811	-1.05756276705775	0.536276066112561
4.5e+07	45500000	1.00956539087285	-1.04714352437313	0.401308106461623
45500000	4.6e+07	1.04945977549803	-0.990676998397727	0.33373426419696
4.6e+07	46500000	1.08853551148975	-0.874536036548708	0.329949345477004
46500000	4.7e+07	1.1500353320688	-0.747080083135532	0.378255443409622
4.7e+07	47500000	1.2258591570565	-0.623694324796455	0.42118345981
47500000	4.8e+07	1.29712974520122	-0.495452323344523	0.462400564150707
4.8e+07	48500000	1.36714478146537	-0.369297404451945	0.503035917856851
48500000	4.9e+07	1.44951378710282	-0.221461058332748	0.551445706690006
4.9e+07	49500000	1.99282948817188	0.758158343938845	0.869109137658651
49500000	5e+07	2.3061474693758	0.790516218691339	0.973808029681983
5e+07	50500000	2.63230176041842	0.743856977343062	1.07324725975495
50500000	5.1e+07	2.50657148865411	-0.199008094653539	0.898710399961654
5.1e+07	51500000	2.63652001217789	-0.254447279900041	0.938806969159444
51500000	5.2e+07	2.74270598780826	-0.265728649057615	0.965910897942805
5.2e+07	52500000	2.81988960077644	-0.210143988737057	0.97841694813397
52500000	5.3e+07	2.87445681034172	-0.0817676420534831	0.977160836069672
5.3e+07	53500000	2.9334085900143	0.0715719339669477	0.97504742857542
53500000	5.4e+07	2.99743645707742	0.218821397149022	0.975100923871275
5.4e+07	54500000	3.05331359203238	0.359584552802861	0.974187483339517
54500000	5.5e+07	3.09531091338651	0.487743181080857	0.971186674522488
5.5e+07	55500000	3.15654997460115	0.662196292115387	0.966926911341687
55500000	5.6e+07	3.21988350818984	0.845084774529256	0.961868862550455
5.6e+07	56500000	3.25978185155858	1.02381794770138	0.918699573029602
56500000	5.7e+07	3.23695636077005	1.14801321526374	0.888855706157105
5.7e+07	57500000	3.13456043095554	1.20952430545153	0.869521886891103
57500000	5.8e+07	3.00741612615138	1.21304273161062	0.875928184577018
5.8e+07	58500000	2.91490132513508	1.15836202264858	0.811320549689148
58500000	5.9e+07	2.85237497323543	1.08429821376211	0.679707295302371
5.9e+07	59500000	2.80322781033008	1.00717798207684	0.519592394607897
59500000	6e+07	2.7798118327117	0.934943278452246	0.373297724184859
6e+07	60500000	2.82723830693861	0.854528812902303	0.285700275804723
60500000	6.1e+07	2.95030719975024	0.827297264644135	0.241453570172877
6.1e+07	61500000	3.10016989187966	0.815429661814871	0.230733328153292
61500000	6.2e+07	3.25384318892373	0.845040681559867	0.242795908781278
6.2e+07	62500000	3.38034018159797	0.880033127673075	0.282625033052141
62500000	6.3e+07	3.52653130911602	0.961302193261888	0.381797048086927
6.3e+07	63500000	3.66869030350108	1.06178343785787	0.482041542590436
63500000	6.4e+07	3.76750770235576	1.15456863184513	0.597789352485901
6.4e+07	64500000	3.77601083205465	1.25688758022626	0.668324342258482
64500000	6.5e+07	3.74047077067343	1.37576346028008	0.675225672312902
6.5e+07	65500000	3.70723247846889	1.51897021843886	0.598133856731094
65500000	6.6e+07	3.68088406208125	1.64474465501626	0.495835035462529
6.6e+07	66500000	3.64854340203085	1.77824169601882	0.39828504962524
66500000	6.7e+07	3.61910333621324	1.90422808272337	0.30846675055971
6.7e+07	67500000	3.55274333335483	1.99611820288258	0.246528456399904
67500000	6.8e+07	3.44389459637397	2.06262409971369	0.208470012930169
6.8e+07	68500000	3.30016992848383	2.10673222942561	0.191063996233615
68500000	6.9e+07	3.14722856463031	2.17344587837022	0.157659706092943
6.9e+07	69500000	3.00957465721558	2.18562372167105	0.162510686702736
69500000	7e+07	2.88311386816675	2.16819480489176	0.2102268115334
7e+07	70500000	2.78028779707068	2.1015762396112	0.292671814615067
70500000	7.1e+07	2.67500642349576	2.03951358727083	0.377466520673208
7.1e+07	71500000	2.56732092116613	1.96178516090656	0.456720813778642
71500000	7.2e+07	2.45954587651805	1.88765878469666	0.537081832082997
7.2e+07	72500000	2.35186972792468	1.81330388942338	0.61730556800222
72500000	7.3e+07	2.24320364342158	1.73784745844443	0.698328838520412
7.3e+07	73500000	2.14013189639136	1.66558206977494	0.775076894619198
73500000	7.4e+07	2.03693902341087	1.59317606947426	0.852101332051064
7.4e+07	74500000	1.93064602564919	1.51832921378659	0.931530579442854
74500000	7.5e+07	1.82121079235688	1.44134060625856	1.01327914378616
7.5e+07	75500000	1.71766069541483	1.36860852602427	1.09043047832566
75500000	7.6e+07	1.61430796340315	1.29633616663242	1.16733525515415
7.6e+07	76500000	1.49856851857983	1.21570077614958	1.25326262572704
76500000	7.7e+07	1.38297713242413	1.13792956008301	1.2909236371785
7.7e+07	77500000	1.26134780158579	1.05588926317859	1.33032379658523
77500000	7.8e+07	1.13019396087575	0.998419924635765	1.32008383409291
7.8e+07	78500000	1.00538133362781	0.969353342967246	1.29241739353899
78500000	7.9e+07	0.895786022549828	0.97396507205836	1.20493109650992
7.9e+07	79500000	0.776205219186701	0.960438608693695	1.15795524128968
79500000	8e+07	0.643102529937289	0.928778363042687	1.15358767945652
8e+07	80500000	0.488986422823751	0.887596329943619	1.15473171684159
80500000	8.1e+07	0.346816664595544	0.859196323874278	1.12071746085211
8.1e+07	81500000	0.206668958806337	0.834150099888087	1.07269623545612
81500000	8.2e+07	0.0523307692903086	0.803977211024973	1.02848489212769
8.2e+07	82500000	-0.0943193454510824	0.774966649810503	0.986408280796646
82500000	8.3e+07	-0.262786897167876	0.741148604949733	0.937895725652354
8.3e+07	83500000	-0.437887364153151	0.705444739047071	0.887714381954816
83500000	8.4e+07	-0.604568705702465	0.671190028750466	0.839744101958018
8.4e+07	84500000	-0.757869891085113	0.589447784875464	0.781653911789438
84500000	8.5e+07	-0.869503953476753	0.496556800149983	0.729677543443963
8.5e+07	85500000	-0.980979443745662	0.382169338035397	0.671772295709166
85500000	8.6e+07	-1.089476791067	0.288370181418091	0.62057144361396
8.6e+07	86500000	-1.1989074023566	0.191343836676575	0.567997708223406
86500000	8.7e+07	-1.30966992852243	0.092104450016658	0.514666404783
8.7e+07	87500000	-1.4152004156402	-0.0035960462695123	0.463337105894103
87500000	8.8e+07	-1.52703663330205	-0.104260667345267	0.409519893910838
8.8e+07	88500000	-1.64383700818316	-0.209358471410688	0.353114577119282
88500000	8.9e+07	-1.7612035613959	-0.314930627675974	0.296714164331012
8.9e+07	89500000	-1.89303519615546	-0.376615730797902	0.241633009729933
89500000	9e+07	-1.98086464138601	-0.393904658445965	0.152658878557001
9e+07	90500000	-2.00016820668638	-0.330467852666032	0.067754004588501
90500000	9.1e+07	-1.94755910763103	-0.225935584557886	-0.0399372188836561
9.1e+07	91500000	-1.88259710303718	-0.0906102254723673	-0.123632513721432
91500000	9.2e+07	-1.79865601578099	0.034946146808822	-0.185437808535008
9.2e+07	92500000	-1.69499204110174	0.150622812378041	-0.214981485187316
92500000	9.3e+07	-1.5721498058646	0.262496711327324	-0.221496676469916
9.3e+07	93500000	-1.43694848354793	0.398631445970203	-0.243255875759222
93500000	9.4e+07	-1.30762600023796	0.526910585997577	-0.262260421374696
9.4e+07	94500000	-1.21526925427003	0.652698625646761	-0.233747082241003
94500000	9.5e+07	-1.14599844103322	0.732060703289829	-0.153172330678466
9.5e+07	95500000	-1.0691678685114	0.745433920493265	-0.0524816756626234
95500000	9.6e+07	-1.0180052355073	0.686488461361476	0.0285882753160565
9.6e+07	96500000	-0.998475967287017	0.54911941583677	0.128195569031519
96500000	9.7e+07	-1.01704902416612	0.41495822423746	0.238477938856327
9.7e+07	97500000	-0.975061978967873	0.282574252798531	0.321501872961589
97500000	9.8e+07	-0.915065637183184	0.17157894292176	0.357143197159908
9.8e+07	98500000	-0.820027082629046	0.0277812966317561	0.381801777075416
98500000	9.9e+07	-0.733851682825148	-0.122412143647108	0.421955654033587
9.9e+07	99500000	-0.647835881920475	-0.265159370144432	0.454723570766272
99500000	1e+08	-0.596615894535114	-0.35952903191097	0.431532091001482
1e+08	100500000	-0.519394085187439	-0.428616305247779	0.375626531036025
100500000	1.01e+08	-0.431744669366295	-0.478648440216817	0.292890132397689
1.01e+08	101500000	-0.305794643412039	-0.536417909102694	0.218217609573074
101500000	1.02e+08	-0.192336392891665	-0.597442919575999	0.135261014211296
1.02e+08	102500000	-0.0596844487323785	-0.667525922061925	0.0329473054268321
102500000	1.03e+08	0.0385634059143364	-0.716314698287876	-0.0688104817165163
1.03e+08	103500000	0.125119020372823	-0.758978976157003	-0.158793888073147
103500000	1.04e+08	0.19330535536376	-0.792555857996781	-0.234118671779323
1.04e+08	104500000	0.295413654738821	-0.846765405010612	-0.306759457381801
104500000	1.05e+08	0.421609866678782	-0.913312490901829	-0.399809206894529
1.05e+08	105500000	0.556746934793133	-0.984297216014659	-0.500183738009428
105500000	1.06e+08	0.691918094030008	-1.05514454992668	-0.600529248853067
1.06e+08	106500000	0.809825961203056	-1.11679621160511	-0.687136418268776
106500000	1.07e+08	0.88253967952254	-1.20374699503657	-0.777556687560637
1.07e+08	107500000	0.928974987696953	-1.30735724175242	-0.871684113003881
107500000	1.08e+08	0.951696573579033	-1.42162302062937	-0.965815827306774
1.08e+08	108500000	0.987385583999256	-1.51798505473999	-1.05089531713512
108500000	1.09e+08	1.02421431053062	-1.63276306159294	-1.14981606080585
1.09e+08	109500000	1.06161716602402	-1.75768998966619	-1.25641559383769
109500000	1.1e+08	1.04737800426914	-1.88123076122436	-1.36560307437474
1.1e+08	110500000	0.97559902927565	-1.98919566951859	-1.4666271857305
110500000	1.11e+08	0.867949864092285	-2.08416102574667	-1.55934884031937
1.11e+08	111500000	0.760257187174993	-2.19395542389168	-1.66493388829188
111500000	1.12e+08	0.672772322696	-2.28530843469541	-1.75304765788147
1.12e+08	112500000	0.592779994015837	-2.39974075757595	-1.78994463757673
112500000	1.13e+08	0.534735537434311	-2.51026175308838	-1.77722982305357
1.13e+08	113500000	0.46290653237372	-2.67031076990669	-1.73026707085083
113500000	1.14e+08	0.38912920430431	-2.82066577433618	-1.70250495894206
1.14e+08	114500000	0.324918146558004	-2.96701542860643	-1.6439174051743
114500000	1.15e+08	0.286284226759718	-3.07569412360158	-1.56383165487476
1.15e+08	115500000	0.258171301912187	-3.18096760230499	-1.44978402363701
115500000	1.16e+08	0.217760611378957	-3.29114655189127	-1.39401081284937
1.16e+08	116500000	0.137574682903767	-3.35560322952558	-1.38571239352974
116500000	1.17e+08	-0.0259748048881227	-3.41739190888057	-1.4288704028239
1.17e+08	117500000	-0.210278077754987	-3.45331161600779	-1.45860008019438
117500000	1.18e+08	-0.395205077955936	-3.51635553275714	-1.48875944337012
1.18e+08	118500000	-0.551370097982264	-3.56688642178634	-1.52413064011167
118500000	1.19e+08	-0.707292374963804	-3.59849406920801	-1.54738205504574
1.19e+08	119500000	-0.835404392821475	-3.5692911447632	-1.57027133259594
119500000	1.2e+08	-0.942610789038721	-3.47663647726531	-1.59011650447376
1.2e+08	120500000	-1.04241389871023	-3.35402297255547	-1.6258631902367
120500000	1.21e+08	-1.15298219406924	-3.23628353835503	-1.65775561847325
1.21e+08	121500000	-1.2636838683231	-3.1122718977142	-1.68951536660872
121500000	1.22e+08	-1.36590165046549	-2.99241051896599	-1.71837284168345
1.22e+08	122500000	-1.4672941170714	-2.87540016321864	-1.74652213014327
122500000	1.23e+08	-1.56490929470336	-2.76326223616433	-1.77294419332168
1.23e+08	123500000	-1.68068610459391	-2.68274783535282	-1.75798025148745
123500000	1.24e+08	-1.81589550540713	-2.62198101160219	-1.7113189991386
1.24e+08	124500000	-1.95194936704149	-2.62585138096906	-1.6806387037599
124500000	1.25e+08	-2.08272422987277	-2.67192390144829	-1.69422003125823
1.25e+08	125500000	-2.13551223088649	-2.77196090344663	-1.71348919474808
125500000	1.26e+08	-2.1639997875853	-2.94975041317197	-1.69040244197866
1.26e+08	126500000	-2.15946531515919	-3.14221770386932	-1.64879857221796
126500000	1.27e+08	-2.1845053396204	-3.33664592169945	-1.61817257649434
1.27e+08	127500000	-2.20208680903165	-3.49096932671506	-1.59481561174518
127500000	1.28e+08	-2.22036875906239	-3.64584052091924	-1.5712705759899
1.28e+08	128500000	-2.24110848666699	-3.81273721661092	-1.54652896481244
128500000	1.29e+08	-2.26799930051254	-3.96287300543281	-1.49538995213592
1.29e+08	129500000	-2.30473671532241	-4.10705422044298	-1.41121236679811
129500000	1.3e+08	-2.36455634958133	-4.19905893639409	-1.30583306311789
1.3e+08	130500000	-2.4102033032648	-4.2111757791156	-1.20702882911781
130500000	1.31e+08	-2.40640710696309	-4.12879762831985	-1.11680268823147
1.31e+08	131500000	-2.35208530689686	-3.99542672256478	-1.00264449079819
131500000	1.32e+08	-2.28230355279786	-3.86261130104143	-0.881267778816111
1.32e+08	132500000	-2.26889497957578	-3.74491436190237	-0.751299447401713
132500000	1.33e+08	-2.29071173162993	-3.70121655688391	-0.628602776598256
1.33e+08	133500000	-2.35155589277323	-3.70529103822193	-0.481571728060196
133500000	1.34e+08	-2.42677685074172	-3.75953302476459	-0.338901459681178
1.34e+08	134500000	-2.5292046374426	-3.77469982648066	-0.206764341878345
134500000	1.35e+08	-2.61016354991331	-3.73176747894364	-0.137746742645921
1.35e+08	135500000	-2.69366617964542	-3.59651190816382	-0.0724233576397184
135500000	1.36e+08	-2.75686356227721	-3.44257255012812	-0.0258647704446759
1.36e+08	136500000	-2.84207587325037	-3.29222541275837	0.0423775722933301
136500000	1.37e+08	-2.92704201548149	-3.22083073167538	0.0506162194000434
1.37e+08	137500000	-3.05886637244987	-3.1596996597383	0.0295808597256964
137500000	1.38e+08	-3.22532692004451	-3.12168879774443	-0.0228412788440612
1.38e+08	138500000	-3.38962480665804	-3.06012125844983	-0.0581692233746925
138500000	1.39e+08	-3.52855503272436	-3.01046769024151	-0.0900195950918977
1.39e+08	139500000	-3.69006474055633	-2.95419201571534	-0.127686991248561
139500000	1.4e+08	-3.84523231148798	-2.90008047416327	-0.163814711006955
1.4e+08	140500000	-3.94524905984911	-2.80298769486323	-0.2085116983884
140500000	1.41e+08	-3.95253274165938	-2.7100748727924	-0.204482589381979
1.41e+08	141500000	-3.91735922936213	-2.58618068880169	-0.14506350816147
141500000	1.42e+08	-3.88398085134994	-2.47040221840473	-0.0444906734134964
1.42e+08	142500000	-3.8445761006221	-2.30515420304878	0.0699897913884638
142500000	1.43e+08	-3.80832184269085	-2.15431529365109	0.160170723224604
1.43e+08	143500000	-3.76810859220802	-2.02800448149819	0.285733137426048
143500000	1.44e+08	-3.73516465570084	-1.95358416610396	0.405890832110676
1.44e+08	144500000	-3.69954341420806	-1.88606695493938	0.538476377882732
144500000	1.45e+08	-3.66885465253905	-1.82231953791366	0.650410405592343
1.45e+08	145500000	-3.63510173898004	-1.75164831082547	0.774315034234897
145500000	1.46e+08	-3.61903707262483	-1.70784638357516	0.923450304829183
1.46e+08	146500000	-3.5889806576209	-1.64199377107044	1.07026445028943
146500000	1.47e+08	-3.55319837092691	-1.57009020338792	1.19830321462251
1.47e+08	147500000	-3.47369362460718	-1.45245558018085	1.2749038373408
147500000	1.48e+08	-3.38629410788596	-1.33773672117623	1.33439166365281
1.48e+08	148500000	-3.27925321700143	-1.21001496087293	1.38200664758835
148500000	1.49e+08	-3.18406101885207	-1.09249301962671	1.43226673322903
1.49e+08	149500000	-3.07646300200786	-0.961170872673438	1.48695409870936
149500000	1.5e+08	-2.97949175190457	-0.843218318085489	1.53623178360828
1.5e+08	150500000	-2.8829709181049	-0.726320349103227	1.5848553646987
150500000	1.51e+08	-2.81026742215969	-0.638668535375865	1.62149793027333
1.51e+08	151500000	-2.73353677906619	-0.546282971750531	1.66022888078116
151500000	1.52e+08	-2.65529920075528	-0.45186421507267	1.69996351348675
1.52e+08	152500000	-2.55980429598908	-0.336597863602655	1.74855731998133
152500000	1.53e+08	-2.4583017133868	-0.213687954274228	1.80016833453833
1.53e+08	153500000	-2.35382982978502	-0.0871898362344586	1.85318879650814
153500000	1.54e+08	-2.25922092530975	0.0274129312890433	1.90086155767586
1.54e+08	154500000	-2.16855221919305	0.1365012912375	1.94605571755614
154500000	1.55e+08	-2.0647590846669	0.202251797348656	1.97504362850583
1.55e+08	155500000	-1.94262629194621	0.241007253749052	1.95026086228262
155500000	1.56e+08	-1.81511058672006	0.248886186805824	1.88319783795711
1.56e+08	156500000	-1.6777801240122	0.277048235983594	1.78706622804507
156500000	1.57e+08	-1.52736485072513	0.310883127929283	1.69387975992434
1.57e+08	157500000	-1.39442014135019	0.343770344220159	1.60677829179496
157500000	1.58e+08	-1.32357583125797	0.424619584336303	1.48864760429843
1.58e+08	158500000	-1.31671787189735	0.522190219223087	1.37479235784979
158500000	1.59e+08	-1.2899858352565	0.635404935050619	1.26263458900552
1.59e+08	159500000	-1.19551981197154	0.717005132030107	1.18692581846006
159500000	1.6e+08	-1.06615318859182	0.786272971996308	1.12885557453713
1.6e+08	160500000	-0.925242186808278	0.806924623522996	1.09083149716453
160500000	1.61e+08	-0.789185595640319	0.789954702236133	1.07414893878717
1.61e+08	161500000	-0.642336666597124	0.770670810194896	1.05163565957503
161500000	1.62e+08	-0.505903057928385	0.781292405958081	1.01090060414885
1.62e+08	162500000	-0.367130899130468	0.795407464550994	0.965783570923506
162500000	1.63e+08	-0.265875282665201	0.837758437994777	0.907222509709087
1.63e+08	163500000	-0.179259009299773	0.908017272525737	0.830335127230082
163500000	1.64e+08	-0.109675837952437	1.01155698337179	0.732187866419931
1.64e+08	164500000	-0.0160318381026403	1.11661681447679	0.625979161603166
164500000	1.65e+08	0.0660708529765279	1.21297941703894	0.529059213036745
1.65e+08	165500000	0.11021456613504	1.24474833720926	0.428572135501625
165500000	1.66e+08	0.123817270239525	1.18405323750698	0.354867758553424
1.66e+08	166500000	0.131865751278911	1.04760246569971	0.256907367548766
166500000	1.67e+08	0.146754234708615	0.915053820732258	0.162686482306252
1.67e+08	167500000	0.17006859843322	0.801913029490109	0.058585187107356
167500000	1.68e+08	0.210577247320602	0.687328824351126	0.0311057719088346
1.68e+08	168500000	0.278370236918167	0.539412009142905	0.0532982281557817
168500000	1.69e+08	0.359730017219829	0.383394524189057	0.112593005021941
1.69e+08	169500000	0.418476919608287	0.221966596703756	0.145429221772993
169500000	1.7e+08	0.421875420549883	0.114951578025867	0.182109524764853
1.7e+08	170500000	0.382361969999163	0.042478488719227	0.257944912134904
170500000	1.71e+08	0.299998511632431	0.0187983235692283	0.364024402376685
1.71e+08	171500000	0.206661128139321	-0.00153281820543395	0.481372927565921
171500000	1.72e+08	0.129994994395823	-0.00305160527735261	0.600726672031848
1.72e+08	172500000	0.0439002493344659	-0.0187644052852775	0.711743034483927
172500000	1.73e+08	-0.0460749536093409	-0.0359745767840402	0.823418141068442
1.73e+08	173500000	-0.155997457535467	-0.0765599355478941	0.911328323899459
173500000	1.74e+08	-0.258046343103748	-0.102362782984039	1.02300902788559
1.74e+08	174500000	-0.351965890658488	-0.12342498974416	1.13230030202569
174500000	1.75e+08	-0.44652702362776	-0.143957855109092	1.24491382273921
1.75e+08	175500000	-0.539271952764876	-0.175437760903442	1.35234104246641
175500000	1.76e+08	-0.6391331065254	-0.215533704063444	1.46780651893512
1.76e+08	176500000	-0.747652654820074	-0.279996847748858	1.5504569027779
176500000	1.77e+08	-0.85719863409725	-0.345338396000151	1.62671249325604
1.77e+08	177500000	-0.943509944008883	-0.379417002624888	1.69587213700094
177500000	1.78e+08	-1.02773652809526	-0.353671686878115	1.78226173487518
1.78e+08	178500000	-1.10953503383972	-0.279055522875241	1.85780243322816
178500000	1.79e+08	-1.18524027845725	-0.165412157489187	1.91026691012324
1.79e+08	179500000	-1.24601221954645	-0.025313763509595	1.96460803253043
179500000	1.8e+08	-1.2882428958276	0.136076475022776	2.010641236059
1.8e+08	180500000	-1.29264363411101	0.25208106734355	2.06985855456057
180500000	1.81e+08	-1.23395938847877	0.324140200050159	2.1021084755362
1.81e+08	181500000	-1.11742458871277	0.367935614568705	2.12342545108621
181500000	1.82e+08	-0.984399327904606	0.426810188602073	2.1267822701312
1.82e+08	182500000	-0.847854187679855	0.496696774380487	2.1434428525705
182500000	1.83e+08	-0.722522610467205	0.563502310734961	2.1501294978987
1.83e+08	183500000	-0.607305392203172	0.6289178602212	2.14582926029597
183500000	1.84e+08	-0.499713627208299	0.69885525122308	2.12746512006796
1.84e+08	184500000	-0.371935740063287	0.7834070562473	2.10344150162404
184500000	1.85e+08	-0.231723996085807	0.878156688022211	2.07403102254962
1.85e+08	185500000	-0.091961811025876	0.971923207195779	2.04554153029444
185500000	1.86e+08	0.0324778037228024	1.00354262977343	2.00554038038719
1.86e+08	186500000	0.0882225818751505	1.0016628108695	1.93374526786931
186500000	1.87e+08	0.100746377487075	0.926963164035213	1.87503066375858
1.87e+08	187500000	0.0824913395337091	0.863594771124771	1.87896788546862
187500000	1.88e+08	0.135654616529853	0.792632020691102	1.92811795867563
1.88e+08	188500000	0.506644130182229	0.445823955144341	2.16694396363068
188500000	1.89e+08	0.716387832639764	0.277150925165655	2.26764477030752
