0	5e+05	-0.434094938041686	0.16601926946812	0.771628406427069
5e+05	1e+06	-0.444115349348393	0.0867799030849971	0.790343842709835
1e+06	1500000	-0.491711353095577	0.122131227619058	0.781272738119325
1500000	2e+06	-0.464896321770266	0.0288236932878528	0.780407722969488
2e+06	2500000	-0.461354856622271	0.101278373186456	0.7720584971619
2500000	3e+06	-0.421290731302187	0.0464193855848129	0.779032601009381
3e+06	3500000	-0.420777094822635	0.167794191604982	0.761792324400572
3500000	4e+06	-0.398786825392898	0.136700905337287	0.714616760815492
4e+06	4500000	-0.403351228685575	0.10190237438392	0.737882876014707
4500000	5e+06	-0.422406702849077	0.0933528011242285	0.736192730140087
5e+06	5500000	-0.445855238123266	0.088369320993936	0.752357854151544
5500000	6e+06	-0.447282936266102	0.0995957227070183	0.725277223773852
6e+06	6500000	-0.676238496750744	0.169608628069282	0.938412165308381
6500000	7e+06	-0.668891195178954	0.155051498144505	0.941527531790507
7e+06	7500000	-0.432357840533468	-0.0061449364434606	0.715101644146995
7500000	8e+06	-0.192487194035079	-0.181066797698157	0.486025605246787
8e+06	8500000	-0.22458944489854	-0.163726145319343	0.495500891882932
8500000	9e+06	-0.453752980304837	-0.0453615477686856	0.716205813306882
9e+06	9500000	-0.484402520258584	0.00723142074283044	0.717688236681868
9500000	1e+07	-0.44424721873831	-0.00736616701825726	0.703168307033772
1e+07	10500000	-0.467946413962442	0.0602803450607496	0.705005045145515
10500000	1.1e+07	-0.434714433368576	0.0221635895608034	0.705626260153994
1.1e+07	11500000	-0.484092357013919	-0.0101043197143131	0.668871688704649
11500000	1.2e+07	-0.422026136691056	-0.0112390511808203	0.684888106100157
1.2e+07	12500000	-0.448100052442808	-0.0162088135924127	0.64873226170405
12500000	1.3e+07	-0.381927099112033	0.0451547206232912	0.684840085041042
1.3e+07	13500000	-0.469647475180801	0.00414086235362839	0.625691980776688
13500000	1.4e+07	-0.402538133023086	0.0548799385412746	0.641318708968024
1.4e+07	14500000	-0.468041194790925	0.0182662815894421	0.595025785426667
14500000	1.5e+07	-0.39905299393876	0.0554163060018599	0.605077844991128
1.5e+07	15500000	-0.478491258879077	-0.0127950443422489	0.584238658615894
15500000	1.6e+07	-0.388987827216228	0.0174582070146737	0.61579248456537
1.6e+07	16500000	-0.420134874713153	0.014194934553483	0.608581283592873
16500000	1.7e+07	-0.388223188588949	0.0267033070160103	0.589658333575112
1.7e+07	17500000	-0.465426901240703	0.0403711117471112	0.503073831798067
17500000	1.8e+07	-0.474698557056967	0.00750813841636918	0.473809114841043
1.8e+07	18500000	-0.47243640719422	0.0275813862445586	0.457795090024595
18500000	1.9e+07	-0.421077508184783	0.0354442893588331	0.479933056475239
1.9e+07	19500000	-0.410840564759463	0.0310640601689121	0.456221488053089
19500000	2e+07	-0.402127117271577	0.0216981747573201	0.450639834471815
2e+07	20500000	-0.433693961884323	-0.0387311562599968	0.434973517633837
20500000	2.1e+07	-0.410182149381637	0.0433244336074883	0.431299034426456
2.1e+07	21500000	-0.878151955259178	0.285695024374788	0.2859507367247
21500000	2.2e+07	-0.359511594540098	0.116637063326955	0.379216521983767
2.2e+07	22500000	-0.361716033131278	0.109530855290981	0.378416557229347
22500000	2.3e+07	0.0981102446568103	-0.0509560961449253	0.504047470304402
2.3e+07	23500000	-0.406238749857284	0.123462765608923	0.416871131395128
23500000	2.4e+07	-0.416897251835386	0.11493534225933	0.408089446602592
2.4e+07	24500000	-0.433770796066856	0.113350913172098	0.447490688048304
24500000	2.5e+07	-0.43671836518302	0.198504868639575	0.430385748117853
2.5e+07	25500000	-0.409150232852215	0.200274972887192	0.399445262737545
25500000	2.6e+07	-0.485022286254288	0.450696801650589	0.165689910460515
2.6e+07	26500000	-0.467509569661471	0.670380101693681	-0.00751559449820021
26500000	2.7e+07	-0.560817830335581	0.970687329046568	-0.164694006873088
2.7e+07	27500000	-0.434566265099728	0.933641545824567	-0.15363622620695
27500000	2.8e+07	-0.516149263811356	0.982800885921875	-0.10676358459954
2.8e+07	28500000	-0.509711628681129	0.979411071197447	-0.0821056321014859
28500000	2.9e+07	-0.547942615717815	0.967341790118099	-0.0734906597196783
2.9e+07	29500000	-0.526961282113936	0.941910421008775	-0.159971687469945
29500000	3e+07	-0.527835985843995	0.945345986500938	-0.232921683055942
3e+07	30500000	-0.561238183254831	0.996709916055281	-0.245142316603085
30500000	3.1e+07	-0.78210846544246	1.07321758865356	-0.764797087735718
3.1e+07	31500000	-0.749119994960885	1.10098356383177	-0.77196556268251
31500000	3.2e+07	-0.517806686085079	1.12582142197663	-0.306933152401346
3.2e+07	32500000	-0.263815312992678	1.11699048802212	0.227159445371689
32500000	3.3e+07	-0.274233652860578	1.11533591011746	0.234222556253023
3.3e+07	33500000	-0.49850183902629	1.0975627581337	-0.304201357939729
33500000	3.4e+07	-0.517856293604596	1.11099267064615	-0.332017350716661
3.4e+07	34500000	-0.517459286330009	1.14929304403631	-0.320128983136058
34500000	3.5e+07	-0.489986168314147	1.22118625824775	-0.229340527295075
3.5e+07	35500000	-0.467647297971256	1.23091280096804	-0.275739586490636
35500000	3.6e+07	-0.443806792138138	1.21621722173941	-0.278016333952952
3.6e+07	36500000	-0.452029965714031	1.1837457492566	-0.299568134404977
36500000	3.7e+07	-0.199877938227068	0.711277623825629	0.246845591649659
3.7e+07	37500000	0.0629253903341388	0.248249128833827	0.725049716189783
37500000	3.8e+07	0.119202736756557	0.207163698338358	0.723160253614922
3.8e+07	38500000	-0.240031183013819	0.843219365397192	-0.214619188788591
38500000	3.9e+07	-0.734277244677849	1.51022419445565	-0.90974292127358
3.9e+07	39500000	-0.832261987415191	1.53342058586334	-0.732104098804093
39500000	4e+07	-0.785024976942916	1.30820718665526	-0.0402000685547039
4e+07	40500000	-0.586059175152135	1.01542945642862	0.388071611339391
40500000	4.1e+07	-0.602121372660805	0.980654804054238	0.418140278916754
4.1e+07	41500000	-0.575788745489428	0.941450683512319	0.411484560456151
41500000	4.2e+07	-0.626178924153691	0.969987238958201	0.438201578755731
4.2e+07	42500000	-0.548363651102762	0.950109799363401	0.395426858760247
42500000	4.3e+07	-0.528192716912176	0.980587637444911	0.381701605974855
4.3e+07	43500000	-0.463065710074098	0.994581848850661	0.365326130244333
43500000	4.4e+07	-0.534941082402805	0.998064413542811	0.433508128424629
4.4e+07	44500000	-0.328684304162194	0.482917956436771	0.449470294494999
44500000	4.5e+07	-0.0933518721782141	-0.022764764148687	0.429625357730433
4.5e+07	45500000	0.133989714840955	-0.500344724717811	0.449095575761364
45500000	4.6e+07	0.1158357193407	-0.521004563444863	0.498217965891876
4.6e+07	46500000	0.132067051979496	-0.558485327986468	0.560832677573876
46500000	4.7e+07	0.167883898320257	-0.588281010476602	0.491114495449459
4.7e+07	47500000	0.185733082261539	-0.629876348844858	0.497767566801456
47500000	4.8e+07	0.128903008095899	-0.634345141463737	0.43757240772253
4.8e+07	48500000	0.129993171614162	-0.663556640394814	0.483491365136238
48500000	4.9e+07	0.127999356617519	-0.628695753081693	0.4215772351218
4.9e+07	49500000	0.168100257580903	-0.639753793916758	0.44306309948921
49500000	5e+07	0.164719519499685	-0.635181243998306	0.433808138072626
5e+07	50500000	0.183984502582482	-0.642896308006741	0.377102463330395
50500000	5.1e+07	0.143002673312688	-0.670460549468863	0.419626465696583
5.1e+07	51500000	0.141078854513669	-0.657551093890015	0.399433145719856
51500000	5.2e+07	0.147270895107579	-0.652371705299247	0.428026799115929
5.2e+07	52500000	0.193755856142938	-0.624431295902822	0.374681729794784
52500000	5.3e+07	0.162561432994305	-0.657066244718868	0.393112059494448
5.3e+07	53500000	0.150833626339225	-0.680914575472222	0.407734158018578
53500000	5.4e+07	0.176715320888557	-0.691249731240149	0.429003452256769
5.4e+07	54500000	0.160340144017351	-0.707705795587649	0.412536873072178
54500000	5.5e+07	0.132152079909117	-0.703625265354425	0.397341532218566
5.5e+07	55500000	0.102033053948363	-0.715870525810799	0.390313043450632
55500000	5.6e+07	0.172959720250911	-0.740125556983431	0.354384291605143
5.6e+07	56500000	0.169990665179357	-0.78519014230902	0.360371470773759
56500000	5.7e+07	0.132641023277982	-0.825454756760918	0.328794654358141
5.7e+07	57500000	0.111604843140353	-0.855368879103006	0.341808215983214
57500000	5.8e+07	0.134728501616147	-0.921134527520388	0.301465108877057
5.8e+07	58500000	0.180109819749602	-0.951161442864074	0.330083275163087
58500000	5.9e+07	0.153692614279168	-0.966750391348616	0.258837670752683
5.9e+07	59500000	0.15248988468033	-0.963090198107583	0.254814527412187
59500000	6e+07	0.111879180299169	-0.972624635505206	0.217357503462797
6e+07	60500000	0.0962451892586496	-0.971246621996646	0.237348735470639
60500000	6.1e+07	0.108155923891265	-0.988343754336008	0.237054313621459
6.1e+07	61500000	-0.0936550604796314	-0.985192452364135	0.140020810860371
61500000	6.2e+07	0.135673515558915	-1.01487933020967	0.182529868299067
6.2e+07	62500000	0.0898567061452416	-1.04702190301631	0.165436251030804
62500000	6.3e+07	0.313191302164389	-1.10077036990545	0.216601819508597
6.3e+07	63500000	0.39643935936606	-0.875530651603767	0.0518229290691621
63500000	6.4e+07	0.0995613080439217	-1.07306530707372	0.111857239113643
6.4e+07	64500000	0.0947602756146933	-1.0748207835519	0.112398711565966
64500000	6.5e+07	-0.200565752022449	-1.32822662079838	0.214451759950461
6.5e+07	65500000	0.182602929428636	-1.14709718068576	0.114665697001059
65500000	6.6e+07	0.168712934554254	-1.15112964011342	0.0981924008843975
6.6e+07	66500000	0.160893578022224	-1.14982318162539	0.118957786806589
66500000	6.7e+07	0.0942083107213448	-1.13466095800728	0.137083538079779
6.7e+07	67500000	0.127852260161976	-1.13126446109977	0.101122429081462
67500000	6.8e+07	0.110212436393405	-1.15785820485854	0.0881822574647362
6.8e+07	68500000	0.134905892423565	-1.17945441202986	0.0733541483263009
68500000	6.9e+07	0.101951304158371	-1.2111738884722	0.123582211471522
6.9e+07	69500000	0.120043404625547	-1.23017191095422	0.15352560869909
69500000	7e+07	0.0798469760482798	-1.25759189926132	0.172748845099051
7e+07	70500000	0.0746963901116223	-1.24883682974979	0.0234782930877441
70500000	7.1e+07	0.102298271617478	-1.23568248242061	-0.0289343903684753
7.1e+07	71500000	0.114961187065708	-1.22107786075004	-0.11092419820956
71500000	7.2e+07	0.0972193083577646	-1.26433020970719	0.0458129538168927
7.2e+07	72500000	0.0455436327095075	-1.27315782320365	-0.00498356497210214
72500000	7.3e+07	0.0493489713325224	-1.27156942887517	0.0145423386417875
7.3e+07	73500000	0.0589737393631407	-1.251588923124	-0.0417271596323226
73500000	7.4e+07	0.0954089906848307	-1.23428744183179	0.0181247034411907
7.4e+07	74500000	0.0701366115398105	-1.26859115385143	-0.00909133954276535
74500000	7.5e+07	0.0273822258270123	-1.34311571245196	-0.00447454724940681
7.5e+07	75500000	0.000652262503611769	-1.40559638177762	-0.0888446230005079
75500000	7.6e+07	-0.000368130040034876	-1.40184758102074	-0.0887588080333414
7.6e+07	76500000	0.00376857333817873	-1.35499038980053	-0.102028241430407
76500000	7.7e+07	-0.0116653371927051	-1.39230401075667	-0.0884468579332092
7.7e+07	77500000	-0.0475768380858245	-1.37984512560839	-0.0417107154306506
77500000	7.8e+07	-0.0520907712330578	-1.40317418127159	-0.0473959222494752
7.8e+07	78500000	-0.0610179505212319	-1.36564808523943	-0.0575015378457043
78500000	7.9e+07	-0.048194091699413	-1.41930011243468	-0.0911397351886606
7.9e+07	79500000	-0.00992899437295078	-1.4773897466979	-0.134959696258776
79500000	8e+07	-0.0447696051136806	-1.50081923446583	-0.136283877655139
8e+07	80500000	-0.0691241212840834	-1.46233749665049	-0.117523287117853
80500000	8.1e+07	-0.105077265918605	-1.45076562747371	-0.132957901748994
8.1e+07	81500000	-0.0902240783416321	-1.44231540857876	-0.128791390823661
81500000	8.2e+07	-0.107578630887023	-1.45813337039619	-0.200518413111914
8.2e+07	82500000	-0.117407001116834	-1.42587119640546	-0.174829326535859
82500000	8.3e+07	-0.122847266265042	-1.4521459206292	-0.181994351007
8.3e+07	83500000	-0.0931084390454587	-1.51336827285004	-0.101663547652028
83500000	8.4e+07	-0.105721432846225	-1.53965765311817	-0.115886782721443
8.4e+07	84500000	-0.129663906831033	-1.51975269935483	-0.155324669415417
84500000	8.5e+07	-0.16836731652226	-1.48701876340322	-0.251280182144685
8.5e+07	85500000	-0.266768961313703	-1.49124125571869	-0.21146428567598
85500000	8.6e+07	-0.246829801790055	-1.50856536159175	-0.233873473110842
8.6e+07	86500000	-0.290372427308594	-1.53420442796362	-0.174132565006895
86500000	8.7e+07	-0.245459732905871	-1.52785997617493	-0.23940063859372
8.7e+07	87500000	-0.295614634651845	-1.55626640767514	-0.260901421433034
87500000	8.8e+07	-0.312025417573722	-1.53518203711335	-0.319255380399069
8.8e+07	88500000	-0.324622669085994	-1.51851289652624	-0.281925547032748
88500000	8.9e+07	-0.33703123386313	-1.45741608908989	-0.306785669534886
8.9e+07	89500000	-0.360306351270384	-1.47271658774853	-0.295355056380661
89500000	9e+07	-0.362903584100552	-1.46772814654456	-0.380987983127852
9e+07	90500000	-0.397397019441496	-1.485574341031	-0.329572538790328
90500000	9.1e+07	-0.382665551001523	-1.47720232196514	-0.33258649625885
9.1e+07	91500000	-0.415298247072015	-1.65825517677331	-0.477606317504063
91500000	9.2e+07	-0.408965252390418	-1.67249692512945	-0.472799713749487
9.2e+07	92500000	-0.403956838227471	-1.43821620616688	-0.228017786056049
92500000	9.3e+07	-0.41628205600146	-1.26846907697198	-0.0491773872161606
9.3e+07	93500000	-0.388813046870674	-1.23723367681872	-0.0692734223335019
93500000	9.4e+07	-0.392598228930856	-1.42809419764219	-0.284327612867834
9.4e+07	94500000	-0.354595842095129	-1.40546495301194	-0.325872054722147
94500000	9.5e+07	-0.375693073054486	-1.4052941802242	-0.332810942547893
9.5e+07	95500000	-0.383563961721465	-1.42298276434922	-0.346264435864103
95500000	9.6e+07	-0.421338277254226	-1.41541628209695	-0.359774684123061
9.6e+07	96500000	-0.444192453583678	-1.42900748538852	-0.315866435851187
96500000	9.7e+07	-0.445700769744239	-1.41547947015325	-0.381491638452876
9.7e+07	97500000	-0.42269301176223	-1.42890195336047	-0.344735706721649
97500000	9.8e+07	-0.405033889126172	-1.42898241698049	-0.416381908650215
9.8e+07	98500000	-0.431142404977247	-1.39102701431851	-0.354966952730916
98500000	9.9e+07	-0.470833950023593	-1.35533213988438	-0.344694417674025
9.9e+07	99500000	-0.483547495419035	-1.30112325981287	-0.372667460594699
99500000	1e+08	-0.458387444940076	-1.32360855741614	-0.424363940370262
1e+08	100500000	-0.449291449011366	-1.31325490531178	-0.418744250692485
100500000	1.01e+08	-0.494232601825085	-1.34219985335139	-0.417231132596255
1.01e+08	101500000	-0.489080300633884	-1.32154191913876	-0.366641773406124
101500000	1.02e+08	-0.481059114070111	-1.32768929299361	-0.402958232266339
1.02e+08	102500000	-0.471924959035861	-1.32581527415469	-0.38207780453497
102500000	1.03e+08	-0.510374853373336	-1.33036513728966	-0.464790338043926
1.03e+08	103500000	-0.611307518632987	-1.26700812317624	-0.56327049167615
103500000	1.04e+08	-0.682555492530752	-1.13283275155286	-0.636078967773221
1.04e+08	104500000	-0.745308444574578	-1.02672508052942	-0.634000843984787
104500000	1.05e+08	-0.725065025839059	-0.998846038240135	-0.593547441241
1.05e+08	105500000	-0.707070660398222	-1.03025558310543	-0.56220758880905
105500000	1.06e+08	-0.687341549805474	-1.0020441069262	-0.672466623125564
1.06e+08	106500000	-0.679692977814458	-0.995365767120235	-0.693830838814969
106500000	1.07e+08	-0.684202179212087	-0.936005013747997	-0.658624435998619
1.07e+08	107500000	-0.698550714159137	-0.959626038444492	-0.611087720119756
107500000	1.08e+08	-0.724062527521638	-0.940379376596465	-0.591621780184264
1.08e+08	108500000	-0.715671307282122	-0.99733533977238	-0.713038553078965
108500000	1.09e+08	-0.720641268183791	-1.00795964089284	-0.712598218894719
1.09e+08	109500000	-0.688846948847488	-0.986017075452534	-0.700454763380742
109500000	1.1e+08	-0.595014534450907	-0.827493527104376	-0.702703768624597
1.1e+08	110500000	-0.456766830864692	-0.741373188412198	-0.729018090301992
110500000	1.11e+08	-0.347768624075345	-0.688726949052911	-0.822689126109478
1.11e+08	111500000	-0.334278300284856	-0.693680827723005	-0.803768430809226
111500000	1.12e+08	-0.366616831861726	-0.635558095747783	-0.826513489996831
1.12e+08	112500000	-0.354235438660197	-0.619621040699609	-0.794211631910974
112500000	1.13e+08	-0.362724871474737	-0.595592653586681	-0.806460761552972
1.13e+08	113500000	-0.352079994624513	-0.610178028667092	-0.809411564886927
113500000	1.14e+08	-0.349856117586399	-0.607598485410488	-0.85822590090913
1.14e+08	114500000	-0.306626148564196	-0.624832445056988	-0.871343141072127
114500000	1.15e+08	-0.269469398412085	-0.602920542016426	-0.89089356547242
1.15e+08	115500000	-0.240439284248104	-0.512701577972126	-0.849731740008893
115500000	1.16e+08	-0.245744777980994	-0.51854373387153	-0.838181360942511
1.16e+08	116500000	-0.263082294944045	-0.531154794286284	-0.797514882441504
116500000	1.17e+08	-0.331422982460131	-0.586021488700697	-0.821591779189665
1.17e+08	117500000	-0.287740261758466	-0.536547796865123	-0.834615532827277
117500000	1.18e+08	-0.231974459657204	-0.47541987175556	-0.85635135362968
1.18e+08	118500000	-0.168519695797214	-0.4457077534029	-0.895489495359046
118500000	1.19e+08	-0.179901490589999	-0.449609278955431	-0.906044634735355
1.19e+08	119500000	-0.231739698266953	-0.494209519438227	-0.924510969528958
119500000	1.2e+08	-0.190068331008379	-0.493344122988502	-0.898739256473877
1.2e+08	120500000	-0.188064324035763	-0.478871067260819	-0.859286084807727
120500000	1.21e+08	-0.15706156080357	-0.413411011919612	-0.858317507050977
1.21e+08	121500000	-0.166924903300845	-0.38898809119231	-0.845925393797272
121500000	1.22e+08	-0.136364845398048	-0.404526370273663	-0.90828578861549
1.22e+08	122500000	-0.12834649165844	-0.408437948079609	-0.88800547302254
122500000	1.23e+08	0.0166816042458391	-0.178086487241039	-0.888398414892635
1.23e+08	123500000	0.132341055095093	0.0224725789018665	-0.813699905514593
123500000	1.24e+08	0.299603328553293	0.184973327489645	-0.799931747418135
1.24e+08	124500000	0.331180436448337	0.159706996302083	-0.808112358979014
124500000	1.25e+08	0.332597853503341	0.169828877557878	-0.838215800180059
1.25e+08	125500000	0.34204125677407	0.177129864675787	-0.85850131188069
125500000	1.26e+08	0.337077282758169	0.224715449167441	-0.834685449638007
1.26e+08	126500000	0.341269253302645	0.229820867185547	-0.834524409015526
126500000	1.27e+08	0.340439102183078	0.239825882871662	-0.775057065905961
1.27e+08	127500000	0.344067796535765	0.210280515647804	-0.793688109277512
127500000	1.28e+08	0.352773684007362	0.390773437732639	-0.790674655694799
1.28e+08	128500000	0.424633316435748	0.275587347019295	-0.840173183842121
128500000	1.29e+08	0.424452266206517	0.278155533291185	-0.839080774744079
1.29e+08	129500000	0.442714156508336	0.13428748481866	-0.803426198041803
129500000	1.3e+08	0.415834140913397	0.270823648448392	-0.841876352158266
1.3e+08	130500000	0.39756738676342	0.274798910794238	-0.787973514903709
130500000	1.31e+08	0.178690032380381	0.562579256187156	-0.76367980913658
1.31e+08	131500000	0.361486922042066	0.484242444908808	-0.598114752354386
131500000	1.32e+08	0.341470164293692	0.708432398316139	-0.467920820427704
1.32e+08	132500000	0.530892493763069	0.578889560195731	-0.292431603415985
132500000	1.33e+08	0.309450629576603	0.894906735917732	-0.242492102681504
1.33e+08	133500000	0.334403718606112	0.874008064181662	-0.20912717853282
133500000	1.34e+08	0.384587180149893	0.946500520712897	-0.277846936242832
1.34e+08	134500000	0.4134336767118	0.90186998951182	-0.247075962210454
134500000	1.35e+08	0.387097914324359	0.925470302195474	-0.270316346047172
1.35e+08	135500000	0.330007103947818	0.949929768909893	-0.234131274045267
135500000	1.36e+08	0.274362243991826	0.994364211271243	-0.226332179400187
1.36e+08	136500000	0.285469043729096	0.991325868136924	-0.204390177017154
136500000	1.37e+08	0.340063808365762	0.954017033398406	-0.17003255594707
1.37e+08	137500000	0.327981800117727	1.00779916514972	-0.218110821774443
137500000	1.38e+08	0.316898597848599	1.05076501713087	-0.198053089120409
1.38e+08	138500000	0.345120103168887	1.04996096492563	-0.18545513664029
138500000	1.39e+08	0.338382118265405	1.05607669772925	-0.153520061944151
1.39e+08	139500000	0.365978684053035	1.0439272890115	-0.139868024864576
139500000	1.4e+08	0.301485269471497	1.07648447828917	-0.134261361042597
1.4e+08	140500000	0.343704602535858	1.0954290384431	-0.0954950893670967
140500000	1.41e+08	0.303804155385384	1.09473304753785	-0.103860972217962
1.41e+08	141500000	0.30346007590131	1.10534398575725	-0.0982632432658664
141500000	1.42e+08	0.32771509342968	1.08271856638736	-0.0658742853171323
1.42e+08	142500000	0.346693453256514	1.11182282765784	-0.106832109367965
142500000	1.43e+08	0.368852676431656	1.16649987307564	-0.105340646569805
1.43e+08	143500000	0.348624434277416	1.21022412318312	-0.112525339126163
143500000	1.44e+08	0.357818835004415	1.22823215873245	-0.0220947968938913
1.44e+08	144500000	0.345297901327478	1.19876361797851	0.0140459780680188
144500000	1.45e+08	0.341124771003704	1.16446834222499	-0.0148765758083907
1.45e+08	145500000	0.341512702198219	1.16067313805896	0.000554720957705196
145500000	1.46e+08	0.380087606637124	1.20747187867903	-0.0264085346192478
1.46e+08	146500000	0.410063588801706	1.24613919128393	0.0254783197376048
146500000	1.47e+08	0.409525863665327	1.26187159193113	0.0380079795080025
1.47e+08	147500000	0.344229670136312	1.2390413028914	0.0785594559268703
147500000	1.48e+08	0.344303075277331	1.27455158306606	0.0670972702294338
1.48e+08	148500000	0.364875083693055	1.30130200084311	0.0831520414705843
148500000	1.49e+08	0.38500300571276	1.30726232235476	0.101470926477784
1.49e+08	149500000	0.400010979623229	1.26455026009898	0.109214314174117
149500000	1.5e+08	0.395475566023808	1.26464440587118	0.10315509673639
1.5e+08	150500000	0.403739001560148	1.29167999310996	0.0942750042927035
150500000	1.51e+08	0.317570373256159	1.33741288478607	0.154150857097368
1.51e+08	151500000	0.314737636921793	1.34815398714937	0.169545301889863
151500000	1.52e+08	0.366052835131306	1.34814278970071	0.172199172265034
1.52e+08	152500000	0.358493213736086	1.33915909910867	0.154996947500684
152500000	1.53e+08	0.347721900571744	1.35357155331446	0.165693596086304
1.53e+08	153500000	0.282582558726561	1.37649357224485	0.167193286566048
153500000	1.54e+08	0.366193366709484	1.40916110036092	0.155564897992602
1.54e+08	154500000	0.389950237200823	1.42223796435492	0.158951896834185
154500000	1.55e+08	0.442184509025777	1.42587384806814	0.204059899559505
1.55e+08	155500000	0.393179493539318	1.4125558142595	0.240439123307886
155500000	1.56e+08	0.407322320543218	1.39991290311083	0.257781807001746
1.56e+08	156500000	0.359836587824315	1.42117665766346	0.238898752019204
156500000	1.57e+08	0.441775773644681	1.44766891622098	0.240708658206835
1.57e+08	157500000	0.398023816170199	1.49505645822557	0.249340562414091
157500000	1.58e+08	0.465846764736408	1.50502753501027	0.264853791289497
1.58e+08	158500000	0.365510358835271	1.50326386440536	0.293538903593386
158500000	1.59e+08	0.380892034251052	1.5093260382069	0.294464943884199
1.59e+08	159500000	0.353748008519688	1.52616031971617	0.320837591188299
159500000	1.6e+08	0.466594013688417	1.52621448323429	0.315750046019423
1.6e+08	160500000	0.499668135838105	1.5265835037733	0.331068602945962
160500000	1.61e+08	0.457004649642074	1.49244743591206	0.344836067450257
1.61e+08	161500000	0.423705037495657	1.55302198596058	0.331289591271887
161500000	1.62e+08	0.399960045808815	1.5555271798515	0.320392831417907
1.62e+08	162500000	0.403864824082264	1.57371545634191	0.31527386570074
162500000	1.63e+08	0.434017077624145	1.54307976744131	0.351460018559372
1.63e+08	163500000	0.464098589847966	1.56616867838161	0.37788475479246
163500000	1.64e+08	0.498864879111694	1.59203933703242	0.379014139224886
1.64e+08	164500000	0.405808072024112	1.58760091691024	0.383338288228375
164500000	1.65e+08	0.437073926708481	1.58697636706971	0.374359130778653
1.65e+08	165500000	0.421061418515995	1.56321791076638	0.38013256372429
165500000	1.66e+08	0.450061515538379	1.53295755924036	0.403918456160004
1.66e+08	166500000	0.461991468202488	1.53774767991289	0.405559959593498
166500000	1.67e+08	0.434084029281293	1.55017509023471	0.401739645695812
1.67e+08	167500000	0.487322320140522	1.60677676269752	0.381916808386497
167500000	1.68e+08	0.398736751679735	1.59631893839977	0.385097129740355
1.68e+08	168500000	0.324859453224801	1.58591911465588	0.523247474994094
168500000	1.69e+08	0.212200347391417	1.55244744257773	0.579903392811464
