0	5e+05	-2.77084993261008	-0.0102263160452443	-1.82112753775624
5e+05	1e+06	-2.74765503125503	-0.018736346132117	-1.82016027545683
1e+06	1500000	-2.73005821622634	0.00157299784913266	-1.79499646952875
1500000	2e+06	-2.76705045673418	0.0303930584651739	-1.83330174876437
2e+06	2500000	-2.82003234186769	0.090218507651909	-1.83765522407696
2500000	3e+06	-2.84856799484291	0.0787507820320204	-1.83095139107642
3e+06	3500000	-2.80272327569128	0.0864261808401928	-1.79476646399173
3500000	4e+06	-2.7423126282365	0.0438780645255091	-1.75590095130561
4e+06	4500000	-2.67554033785048	0.0736846799686524	-1.73554452950292
4500000	5e+06	-2.72170760746788	0.0508283159809817	-1.71214944221087
5e+06	5500000	-2.70847456401279	0.0561905847492831	-1.72873173128092
5500000	6e+06	-2.70740932174105	0.0464662458736961	-1.72173305418234
6e+06	6500000	-2.70616499502983	0.0614465943050998	-1.71522352360751
6500000	7e+06	-2.80313248099726	0.0737571042436701	-1.67123551337716
7e+06	7500000	-2.80566684221743	0.0832041902644314	-1.63269108188011
7500000	8e+06	-2.82457404575874	0.0909575156474231	-1.61895311137763
8e+06	8500000	-3.65349502518665	0.0115997451478554	-1.90156074329235
8500000	9e+06	-2.83140186341096	0.105376558460842	-1.50754197498222
9e+06	9500000	-2.82149310710687	0.100133630514098	-1.40820608595628
9500000	1e+07	-1.93645100613542	0.182243105621331	-1.024765716057
1e+07	10500000	-2.81175945610843	0.0857466387627398	-1.3274587126396
10500000	1.1e+07	-2.75080146831665	0.093814617730896	-1.35077366695913
1.1e+07	11500000	-2.74634629115363	0.106312423909331	-1.34711831193148
11500000	1.2e+07	-2.78482704893234	0.108346776135483	-1.32270974517895
1.2e+07	12500000	-2.84421839295968	0.143699604657777	-1.27670775558444
12500000	1.3e+07	-2.83621154262797	0.141098757359432	-1.25341931055756
1.3e+07	13500000	-2.73487329023152	0.0860462851117656	-1.25786615446191
13500000	1.4e+07	-2.79365211688412	0.092279688295568	-1.2428098901728
1.4e+07	14500000	-2.80004576818726	0.0791998590289012	-1.24187329375455
14500000	1.5e+07	-2.87052343396087	0.128844441285035	-1.21656557049077
1.5e+07	15500000	-2.81902239705385	0.0935435970475885	-1.18275219885258
15500000	1.6e+07	-2.76424090683185	0.116964614266263	-1.18658369164397
1.6e+07	16500000	-2.75113733101505	0.129430213104739	-1.17532853338351
16500000	1.7e+07	-2.78555788204618	0.139876166933078	-1.15666044028019
1.7e+07	17500000	-2.85540534497667	0.127041749790702	-1.10880176211322
17500000	1.8e+07	-2.82651840966546	0.130190465175313	-1.10163010098548
1.8e+07	18500000	-2.82748211196127	0.153609553763029	-1.0910335312639
18500000	1.9e+07	-2.80047421361341	0.153462340213408	-1.07420433825804
1.9e+07	19500000	-2.77303580513649	0.134504388916812	-1.05154961495871
19500000	2e+07	-2.68813651140963	0.110342068206651	-1.06824471391494
2e+07	20500000	-2.73987660907394	0.130253083485589	-1.07079789981356
20500000	2.1e+07	-2.77872292186998	0.163835461999735	-1.08043924315402
2.1e+07	21500000	-2.80612100656769	0.196932353192205	-1.01734383616821
21500000	2.2e+07	-2.72295958597971	0.181355392242649	-1.01630825842023
2.2e+07	22500000	-2.68292315480051	0.172726886027797	-0.969186397077052
22500000	2.3e+07	-2.64615871973774	0.164650001926348	-0.985422328786144
2.3e+07	23500000	-2.6777066231573	0.247230706724097	-0.978142570711845
23500000	2.4e+07	-2.68018218865074	0.293117630843719	-0.987856684705602
2.4e+07	24500000	-2.67746743027122	0.262944809084219	-0.961552218768504
24500000	2.5e+07	-2.68302581798018	0.270851120531035	-0.958174095459639
2.5e+07	25500000	-2.65438770898983	0.224258443667138	-0.92625693968063
25500000	2.6e+07	-2.62929702365127	0.260672735429795	-0.969857573247886
2.6e+07	26500000	-2.58296397680799	0.215652689594184	-0.960220920541141
26500000	2.7e+07	-2.57447118271012	0.296114404438489	-0.979157071355853
2.7e+07	27500000	-2.5440445699821	0.275544797599699	-0.955438316324356
27500000	2.8e+07	-2.53571576825252	0.333555159051841	-0.932327842746983
2.8e+07	28500000	-2.52090176830351	0.288895152088011	-0.935786368969954
28500000	2.9e+07	-2.51080130175771	0.333350700528084	-0.919258340356586
2.9e+07	29500000	-2.50658277896671	0.348793463090669	-0.915454411212065
29500000	3e+07	-2.46720283352323	0.320627360963367	-0.907969680585313
3e+07	30500000	-2.47701242177703	0.355883026760373	-0.918652504416028
30500000	3.1e+07	-2.41923921597475	0.273637192198267	-0.905878390502741
3.1e+07	31500000	-2.46116531210471	0.332718465445607	-0.901596655566639
31500000	3.2e+07	-2.45658678138259	0.348870004196545	-0.890202444537733
3.2e+07	32500000	-2.46664006039959	0.358137966611743	-0.916682434277291
32500000	3.3e+07	-2.34289473835973	0.341142005401019	-0.990569355230002
3.3e+07	33500000	-2.10315040743698	0.565118079148742	-0.87656201070431
33500000	3.4e+07	-1.87322131387477	0.873142395376684	-0.771731620080012
3.4e+07	34500000	-1.72593123530965	1.17200116573765	-0.646972596546137
34500000	3.5e+07	-1.73194884317916	1.11708583101073	-0.675709619367641
3.5e+07	35500000	-1.73140790748159	1.09476511755204	-0.67458840960067
35500000	3.6e+07	-1.73108303459578	1.05876381844196	-0.621851418394697
3.6e+07	36500000	-1.72147104606135	1.09110868845011	-0.597536009376897
36500000	3.7e+07	-1.71305753417015	1.11098571837752	-0.615369846318967
3.7e+07	37500000	-1.73721980491913	1.06284241285498	-0.614074266624213
37500000	3.8e+07	-1.74172641397033	1.09606063044269	-0.6843597537847
3.8e+07	38500000	-1.78966758915131	1.03548511792311	-0.667020027601675
38500000	3.9e+07	-1.78319875080922	1.05543863207456	-0.68353284816118
3.9e+07	39500000	-1.67017476973841	0.0696809581564114	-0.550003689356561
39500000	4e+07	-0.801056265470283	0.888224281386214	-0.130167007839669
4e+07	40500000	-0.383420984253629	0.81201542495999	-0.105371876128129
40500000	4.1e+07	-0.416831711191326	2.17047593352821	0.748712800164442
4.1e+07	41500000	-0.827737547059503	1.28119760792212	0.348864382614315
41500000	4.2e+07	-1.39630840268717	1.47120013495488	1.10828452601871
4.2e+07	42500000	-1.48944519257045	0.490918408451074	0.950445005399044
42500000	4.3e+07	-1.59487688671593	0.478542196888777	0.936802054527477
4.3e+07	43500000	-1.15064096446441	0.286336937421007	0.141936394127846
43500000	4.4e+07	-0.815278496545233	0.731462044278682	-0.709061049841987
4.4e+07	44500000	-0.826645464711709	0.772719091853252	-0.766296916827051
44500000	4.5e+07	-0.765653687931574	0.77350240271905	-0.789871105671759
4.5e+07	45500000	-0.711139305071882	0.0743440346141509	-0.998373885572375
45500000	4.6e+07	-1.15973269273621	-0.475176185558592	-0.329797878960243
4.6e+07	46500000	-0.621722747101659	-0.125520771352835	-1.07834291366677
46500000	4.7e+07	-0.673507220851975	0.625372431319832	-0.859333036349284
4.7e+07	47500000	0.0539726936204654	0.666715764275357	-1.97956516175619
47500000	4.8e+07	-0.508925443331754	0.348224368539526	-1.23382988655558
4.8e+07	48500000	-0.480726140142768	0.341897524431309	-1.23543486265851
48500000	4.9e+07	-0.662489493333061	0.838205793790936	-0.715630101044222
4.9e+07	49500000	-0.397142309658455	0.921154120461172	-1.41834426363057
49500000	5e+07	-0.38044835966291	0.896829283141868	-1.4249403325172
5e+07	50500000	-0.441717990871465	0.873739725871951	-1.49151001128269
50500000	5.1e+07	-0.70733868413426	0.768544140233081	-0.781325991418738
5.1e+07	51500000	-0.755668042513631	0.806928308968225	-0.744392809925121
51500000	5.2e+07	-0.101259136964291	1.35023326966888	-1.15547877719806
5.2e+07	52500000	0.204131352857841	1.36301248218784	-0.806231810482927
52500000	5.3e+07	0.442163194015654	1.69527682273405	-0.608351249933253
5.3e+07	53500000	0.208576602568347	0.703908500870632	0.435998467697508
53500000	5.4e+07	0.301129852584984	0.598794281755681	0.541931803267452
5.4e+07	54500000	0.497064755668702	0.219757413314875	0.82657400499083
54500000	5.5e+07	0.454252746395166	0.571392279075334	0.687061380843264
5.5e+07	55500000	0.46441871909506	0.586113186039281	0.708495259865135
55500000	5.6e+07	0.461947220134021	0.514935325625645	0.696833613793736
5.6e+07	56500000	0.51254111331384	0.56368535158397	0.663553297729563
56500000	5.7e+07	0.485793847677271	0.525287861805942	0.706155615614679
5.7e+07	57500000	0.465704377433377	0.542717717508695	0.740636666110978
57500000	5.8e+07	0.442384154284485	0.57218045164744	0.767273919420478
5.8e+07	58500000	0.494573548335865	0.58424262788935	0.722583448216797
58500000	5.9e+07	0.528324835912403	0.565911125019671	0.693193710608902
5.9e+07	59500000	0.501328398797756	0.488856961176001	0.758722438300254
59500000	6e+07	0.522306028738045	0.490142759861643	0.747817937237904
6e+07	60500000	0.515044189731222	0.486629005835369	0.775364313679205
60500000	6.1e+07	0.562947665540226	0.482759847666276	0.763635435940037
6.1e+07	61500000	0.551404638565651	0.484808704115969	0.845843816838868
61500000	6.2e+07	0.568069671320256	0.504476923786379	0.899629918993135
6.2e+07	62500000	0.579599795326293	0.471435757839575	0.897336095694428
62500000	6.3e+07	0.590970138588256	0.442179719839298	0.94610653947554
6.3e+07	63500000	0.630111757580924	0.411171854887963	0.932860294200799
63500000	6.4e+07	0.684893735702923	0.419462761802124	0.935921237974812
6.4e+07	64500000	0.694049800018649	0.428061124085627	0.932756572480484
64500000	6.5e+07	0.672156412025287	0.411235873839801	0.977355943985871
6.5e+07	65500000	0.655357912224505	0.408026309616639	0.98994543740943
65500000	6.6e+07	0.684549607598903	0.365735181929374	0.958667218891459
6.6e+07	66500000	0.672517212810886	0.390505889728426	0.97652505745041
66500000	6.7e+07	0.681807923119244	0.373386903049205	0.960576793372422
6.7e+07	67500000	0.665792854703228	0.39889568175431	0.970926058788723
67500000	6.8e+07	0.72640482834509	0.34446013338636	0.939722030975741
6.8e+07	68500000	0.750176993781619	0.324982175129295	1.03636152709812
68500000	6.9e+07	0.803027262165369	0.284394224671716	1.09931332648355
6.9e+07	69500000	0.82723734452539	0.294356954372789	1.08431968651728
69500000	7e+07	0.854319375767955	0.285506307935824	1.10460734037408
7e+07	70500000	0.882445988107008	0.262412676845658	1.13444425677633
70500000	7.1e+07	0.912040445367889	0.209395989690396	1.19229029345053
7.1e+07	71500000	0.960736106517087	0.198087478507324	1.24844038109018
71500000	7.2e+07	0.980247221820023	0.192352606857352	1.22816915706619
7.2e+07	72500000	1.04668505805323	0.173790826694571	1.29777332955772
72500000	7.3e+07	1.0211139707293	0.156048863090999	1.27234395240539
7.3e+07	73500000	1.03058315990042	0.107275773114092	1.26710755938887
73500000	7.4e+07	1.03570710890837	0.113736313430223	1.31211819459651
7.4e+07	74500000	1.04061911723184	0.0650731970707835	1.27742742956734
74500000	7.5e+07	1.08470632189585	0.0884335530521081	1.33878712944517
7.5e+07	75500000	1.10496518157797	0.0966607891811008	1.35830936846383
75500000	7.6e+07	1.13170757504818	0.0933087436239342	1.39735069888386
7.6e+07	76500000	1.14376589337343	0.058710588613234	1.40993617892361
76500000	7.7e+07	1.1262830578225	0.00320712968381798	1.34388373593998
7.7e+07	77500000	1.14756185296869	-0.00580196702155933	1.44075707281121
77500000	7.8e+07	1.18570611015191	-0.00856219590533347	1.41546670778728
7.8e+07	78500000	1.19048778402374	-0.0212253155758146	1.48644568596555
78500000	7.9e+07	1.21172172843715	-0.0543173551940497	1.41468241845152
7.9e+07	79500000	1.21848569308446	-0.0718977021422441	1.50936172288396
79500000	8e+07	1.22847352803972	-0.10266352651672	1.42607093361843
8e+07	80500000	1.23666896719393	-0.0934482440679182	1.52087132043421
80500000	8.1e+07	1.22172356576749	-0.106312520140128	1.46779341361815
8.1e+07	81500000	1.239198899753	-0.101036838846348	1.49148872943822
81500000	8.2e+07	1.22113714592444	-0.122054635720301	1.48567082254927
8.2e+07	82500000	1.23409829713392	-0.194286838807484	1.49820712040201
82500000	8.3e+07	1.24910975161358	-0.225373501685422	1.52689290004093
8.3e+07	83500000	1.24263331714018	-0.27982114977734	1.51737186505198
83500000	8.4e+07	1.2830856563351	-0.271282029135182	1.51234983053679
8.4e+07	84500000	1.2497477827786	-0.356450884416244	1.5144478201272
84500000	8.5e+07	1.29763665595851	-0.39101987648436	1.47390616421405
8.5e+07	85500000	1.27063896218209	-0.530329514655895	1.48394430724856
85500000	8.6e+07	1.28127703785656	-0.600644879611939	1.44840132214155
8.6e+07	86500000	1.29597775791617	-0.682928581614353	1.44643773481372
86500000	8.7e+07	1.29400478046341	-0.707188839821201	1.4661381108917
8.7e+07	87500000	1.35712642565701	-0.728207806784662	1.56803202989827
87500000	8.8e+07	1.36310959391246	-0.734015371919753	1.57240854297278
8.8e+07	88500000	1.33826088523522	-0.728251219162104	1.48748948150179
88500000	8.9e+07	1.29630728847965	-0.739747228760669	1.39317839875725
8.9e+07	89500000	1.27694111184316	-0.747650424128522	1.38081504608714
89500000	9e+07	1.3097631116031	-0.749652650302275	1.44680418041424
9e+07	90500000	1.34665292381095	-0.789748535512871	1.46977349825118
90500000	9.1e+07	1.35413448927301	-0.828303014880465	1.43134930564554
9.1e+07	91500000	1.39498548244423	-0.858785223382305	1.44480189144089
91500000	9.2e+07	1.36143245972357	-0.858623649523944	1.40861454696081
9.2e+07	92500000	1.39993065560106	-0.895303459119744	1.48522194051253
92500000	9.3e+07	1.36615571949578	-0.908670888811185	1.43248582492647
9.3e+07	93500000	1.46232651758714	-0.913446500122661	1.48526867032995
93500000	9.4e+07	1.47636858660946	-0.916622074309672	1.45206037462744
9.4e+07	94500000	1.50944073625939	-0.945919173522561	1.43711936797189
94500000	9.5e+07	1.46365804664293	-0.983069410297762	1.38242397884929
9.5e+07	95500000	1.50039166563331	-1.00682855480845	1.45182694793958
95500000	9.6e+07	1.51882098944009	-1.03468681163239	1.4732278596991
9.6e+07	96500000	1.50441376701412	-1.06995782834717	1.47688572978545
96500000	9.7e+07	1.52172152951043	-1.06881672875636	1.43279392952896
9.7e+07	97500000	1.50653473243388	-1.04246199407854	1.42450586471982
97500000	9.8e+07	1.55457639793546	-1.0175344347875	1.43616404581238
9.8e+07	98500000	1.52826947526924	-1.02501865151594	1.37131315345124
98500000	9.9e+07	1.56797836857377	-1.09909771541014	1.35640350044783
9.9e+07	99500000	1.58060004103103	-1.11747010009667	1.36113317616393
99500000	1e+08	1.59594894237565	-1.14834847534717	1.36100023237301
1e+08	100500000	1.61839650897487	-1.1431246259856	1.33674548726253
100500000	1.01e+08	1.6149737474013	-1.14588966501478	1.24275236899822
1.01e+08	101500000	1.61828099637766	-1.16200128186988	1.24150016771218
101500000	1.02e+08	1.58467854630108	-1.14819880159331	1.21974078702832
1.02e+08	102500000	1.55139591541587	-1.18018023235149	1.24060944058007
102500000	1.03e+08	1.55897227412093	-1.18828674506418	1.21116111700467
1.03e+08	103500000	1.61457131897701	-1.20831925939937	1.23540208956695
103500000	1.04e+08	1.69829665108219	-1.19792008104861	1.27287526131836
1.04e+08	104500000	1.70662676651366	-1.14785332257587	1.25828518894094
104500000	1.05e+08	1.99131117364716	-0.95035162314393	0.809058673492986
1.05e+08	105500000	2.24695324202341	-0.779085918488902	0.334272608153107
105500000	1.06e+08	2.52291468879212	-0.673955837887427	-0.0657387346706254
1.06e+08	106500000	2.50930080675845	-0.705742797586088	-0.0966118558720905
106500000	1.07e+08	2.49407295248085	-0.742484923349798	-0.128848123972337
1.07e+08	107500000	2.53335820391763	-0.688890836429772	-0.182669097417498
107500000	1.08e+08	2.55039003411719	-0.646906307577118	-0.187959997715039
1.08e+08	108500000	2.58812546204448	-0.61705375435697	-0.170581289882505
108500000	1.09e+08	2.5848896134572	-0.670164448569839	-0.150014057419436
1.09e+08	109500000	2.64018007032723	-0.731635881559262	-0.165869069230714
109500000	1.1e+08	2.65757781034875	-0.697641260194999	-0.189734456914792
1.1e+08	110500000	2.67287319077767	-0.627402230031576	-0.247438375534375
110500000	1.11e+08	2.65202095601172	-0.626761755824991	-0.244103936703629
1.11e+08	111500000	2.76914798715228	-0.612467842107623	-0.33106455130244
111500000	1.12e+08	2.83097864113249	-0.6515025805888	-0.455716795258897
1.12e+08	112500000	2.93365959849525	-0.576438855162861	-0.556465430704577
112500000	1.13e+08	2.94137722916682	-0.61360265187307	-0.590586266356692
1.13e+08	113500000	2.95780649087322	-0.528083987718721	-0.595099399835898
113500000	1.14e+08	2.97222031926184	-0.51707530327422	-0.607886076426751
1.14e+08	114500000	2.96889728952158	-0.49642993121685	-0.630505218963782
114500000	1.15e+08	2.99827620311366	-0.585622381274797	-0.687036490513788
1.15e+08	115500000	2.97483912148496	-0.582241773690164	-0.730169703075247
115500000	1.16e+08	2.97885939814833	-0.505317645670549	-0.716187151426292
1.16e+08	116500000	3.00062399748408	-0.468845527071522	-0.661991097069806
116500000	1.17e+08	3.02676340622242	-0.471487367571583	-0.683076186142531
1.17e+08	117500000	3.03440818220613	-0.565786666218953	-0.739942001283831
117500000	1.18e+08	3.04536461139688	-0.561227307274325	-0.809629429517175
1.18e+08	118500000	3.0365299372265	-0.552995423830432	-0.792103684825233
118500000	1.19e+08	3.02503773286292	-0.549259835261631	-0.852349584870395
1.19e+08	119500000	3.0292800878869	-0.516708417225055	-0.778627913032149
119500000	1.2e+08	3.03876030287836	-0.523454082046537	-0.815536053580266
1.2e+08	120500000	3.07364116537243	-0.493384865688265	-0.778998795036548
120500000	1.21e+08	3.10524488642253	-0.455689746861027	-0.785976114873064
1.21e+08	121500000	3.1073125767607	-0.490619456352513	-0.790327263071927
121500000	1.22e+08	3.0982926258244	-0.42395018495362	-0.788657507100852
1.22e+08	122500000	3.07339435163641	-0.455485129697813	-0.839870126313983
122500000	1.23e+08	3.11967717344798	-0.359200078448998	-0.835875558184016
1.23e+08	123500000	3.14992524998806	-0.3738507345815	-0.821056045287242
