0	5e+05	-4.5704585046026	-0.928946916535049	1.8022116090975
5e+05	1e+06	-4.52123451352085	-0.884225032439408	1.78646515253378
1e+06	1500000	-4.42532873445252	-0.797525292092443	1.75563544317209
1500000	2e+06	-4.31569554029674	-0.69871256410668	1.72039451564825
2e+06	2500000	-4.20823478938283	-0.602030420532964	1.68563970777844
2500000	3e+06	-4.07465909641055	-0.481420910683799	1.64234902948665
3e+06	3500000	-3.94636879014099	-0.365598102218781	1.60048818440786
3500000	4e+06	-3.81293719667988	-0.24516152070223	1.55695504067856
4e+06	4500000	-3.68816010075425	-0.132794362093458	1.51610274707906
4500000	5e+06	-3.55175019323895	-0.00884842774077466	1.47142318505649
5e+06	5500000	-3.3929374542601	0.136008481352426	1.41904698713898
5500000	6e+06	-3.2391880477514	0.276958785946091	1.36840603859911
6e+06	6500000	-3.09563611958695	0.354714787522466	1.37474421141256
6500000	7e+06	-2.95860452763062	0.415296816033321	1.39438665244927
7e+06	7500000	-2.83924461300989	0.407586482706293	1.38709807815578
7500000	8e+06	-2.75551659958006	0.364246854089165	1.36905168226871
8e+06	8500000	-2.63889851820998	0.187213041982236	1.37355961268353
8500000	9e+06	-2.51593930993655	5.19590423085804e-05	1.42482244649051
9e+06	9500000	-2.36386958827016	-0.188788781697674	1.45515994201805
9500000	1e+07	-2.25341528176603	-0.268513276206247	1.46191338723643
1e+07	10500000	-2.12503509400904	-0.309582184301554	1.45815713625581
10500000	1.1e+07	-1.95735469444332	-0.305817273751828	1.44042088473658
1.1e+07	11500000	-1.78256409887683	-0.316973849951785	1.42559329746451
11500000	1.2e+07	-1.58453443097713	-0.332172432104503	1.40935195981214
1.2e+07	12500000	-1.39794509944907	-0.345108185176089	1.39388431147118
12500000	1.3e+07	-1.1971475160231	-0.358889310243903	1.37735292917051
1.3e+07	13500000	-1.05708922400501	-0.395735665085504	1.34000656698695
13500000	1.4e+07	-0.986066110557067	-0.501070935148139	1.23834230693377
1.4e+07	14500000	-0.976723389872736	-0.627065804168156	1.11795754714503
14500000	1.5e+07	-0.958926026665718	-0.838096824264561	0.916640371387955
1.5e+07	15500000	-0.930672124376313	-1.02240168946086	0.741674917270585
15500000	1.6e+07	-0.901439286072804	-1.20967607384943	0.56399050630937
1.6e+07	16500000	-0.859326024763275	-1.50202882908237	0.285666624265456
16500000	1.7e+07	-0.835801183626897	-1.70542645717671	0.0586964224266771
1.7e+07	17500000	-0.817080950728717	-1.87475823491425	-0.187949195573818
17500000	1.8e+07	-0.826161557533752	-1.83685487868406	-0.282995683839109
1.8e+07	18500000	-0.797006310953507	-1.67838335751647	-0.384470218143747
18500000	1.9e+07	-0.808617507851795	-1.50733281142709	-0.480734819571257
1.9e+07	19500000	-0.858246647253447	-1.28103685115622	-0.564787352647235
19500000	2e+07	-0.965838295107794	-1.19572220423103	-0.686318948304141
2e+07	20500000	-1.06217057973274	-1.05405049820115	-0.811159449921946
20500000	2.1e+07	-1.14333434740997	-0.923256696880252	-0.91513556575134
2.1e+07	21500000	-1.23685916828549	-0.7267524952201	-1.04502126497305
21500000	2.2e+07	-1.28660578475224	-0.590812721645457	-1.08364699977776
2.2e+07	22500000	-1.32453879705663	-0.569299447250131	-1.1726419083125
22500000	2.3e+07	-1.34216584154891	-0.624656874977898	-1.25941697463311
2.3e+07	23500000	-1.39973000239837	-0.695638666430682	-1.46793198768785
23500000	2.4e+07	-1.46537478325974	-0.695115281747234	-1.64724971159869
2.4e+07	24500000	-1.5255232912413	-0.700841256767267	-1.82801163281256
24500000	2.5e+07	-1.57558077256894	-0.703953909758095	-1.98873559409589
2.5e+07	25500000	-1.63593044945131	-0.696902358410446	-2.182488652863
25500000	2.6e+07	-1.69402011623057	-0.69419787958172	-2.37025341996709
2.6e+07	26500000	-1.68890580013466	-0.658679474955582	-2.50887500735558
26500000	2.7e+07	-1.59224061094849	-0.577917316595844	-2.56316102337885
2.7e+07	27500000	-1.41633120717528	-0.533827386122665	-2.58264499706261
27500000	2.8e+07	-1.23030413376586	-0.527248606772244	-2.61002948184031
2.8e+07	28500000	-1.02609538668337	-0.571085226142842	-2.66162203304376
28500000	2.9e+07	-0.82838374424562	-0.583224720872474	-2.70508994879528
2.9e+07	29500000	-0.625176403670475	-0.597263147496129	-2.74866303249743
29500000	3e+07	-0.460505234664041	-0.610326695444455	-2.78486550073803
3e+07	30500000	-0.30811945324137	-0.622369006148651	-2.81864084349081
30500000	3.1e+07	-0.147288559635414	-0.63445111058446	-2.85432615401022
3.1e+07	31500000	0.0334522257499177	-0.647981093747599	-2.89447266212266
31500000	3.2e+07	0.303360984055702	-0.668141814785245	-2.95484497297153
3.2e+07	32500000	0.556470514818851	-0.68695672000194	-3.01160763145579
32500000	3.3e+07	0.735901626153334	-0.652694484228873	-2.98935568964451
3.3e+07	33500000	0.80607265837651	-0.659765151777565	-2.92067475096789
33500000	3.4e+07	1.01081258538881	-0.799061453524591	-2.75228119268959
3.4e+07	34500000	1.21663680424497	-1.01551744202784	-2.68023117016216
34500000	3.5e+07	1.41458543275288	-1.223594305404	-2.64225623509566
3.5e+07	35500000	1.50967989593057	-1.11560720269089	-2.61919496095641
35500000	3.6e+07	1.73274444214157	-0.854963286475553	-2.50790664287893
3.6e+07	36500000	1.97741565997509	-0.509749218790582	-2.36165041672631
36500000	3.7e+07	2.16411715825383	-0.312406756523792	-2.27449034475799
3.7e+07	37500000	2.18209235156298	-0.235538195503281	-2.20355215568545
37500000	3.8e+07	2.14031882052554	-0.17366871013156	-2.10306721124531
3.8e+07	38500000	2.04819151349127	-0.111934336194539	-1.96339226707799
38500000	3.9e+07	1.97982652958634	-0.0282657314484703	-1.81807787734682
3.9e+07	39500000	1.89672148201914	0.0681734434921751	-1.64710630999035
39500000	4e+07	1.84404740498368	0.139417040185964	-1.48554251892833
4e+07	40500000	1.87844625834473	0.16645697659568	-1.29530189156784
40500000	4.1e+07	1.9794623379673	0.149143221681756	-1.1296382166036
4.1e+07	41500000	2.11645655548808	0.117802577173111	-0.935030919814423
41500000	4.2e+07	2.21637227567452	0.100196685871943	-0.771811497407948
4.2e+07	42500000	2.30269596581568	0.0966159148010944	-0.575800068676313
42500000	4.3e+07	2.36513411484491	0.103389825519289	-0.388936637588228
4.3e+07	43500000	2.41104461861954	0.117011352670268	-0.18065784408445
43500000	4.4e+07	2.49272024935094	0.145121092705123	-0.0349476594459062
4.4e+07	44500000	2.52319222930622	0.224990320464783	0.0461561922141707
44500000	4.5e+07	2.5184587857699	0.3628201162223	0.104629173132796
4.5e+07	45500000	2.43661736202427	0.533556588665859	0.170591353066861
45500000	4.6e+07	2.35584745096208	0.725694978266558	0.273494196301885
4.6e+07	46500000	2.27945966526311	0.906468024196873	0.357523824792215
46500000	4.7e+07	2.2068975244124	1.08351905981967	0.440693894238952
4.7e+07	47500000	2.14485144468464	1.23335391991207	0.511397122567695
47500000	4.8e+07	2.08076531212981	1.38877997391204	0.584677725604852
4.8e+07	48500000	1.99786544908829	1.58963373001493	0.679219531494733
48500000	4.9e+07	1.91260609389675	1.79669509111021	0.776829259782396
4.9e+07	49500000	1.83407315386622	1.94444877336493	0.909679606534735
49500000	5e+07	1.73357531957854	1.97713197004258	0.993124860431304
5e+07	50500000	1.64510541253355	1.88900688759551	1.06648981615317
50500000	5.1e+07	1.61274092512685	1.77121361037241	1.1137365098475
5.1e+07	51500000	1.63985889517729	1.69304481607067	1.22693696283719
51500000	5.2e+07	1.67753513974647	1.67272947425601	1.38734162832618
5.2e+07	52500000	1.61305532973511	1.70535884913716	1.52449316575242
52500000	5.3e+07	1.48903770307727	1.73249637230762	1.64175273556244
5.3e+07	53500000	1.3129128796997	1.73020465767852	1.7033926832717
53500000	5.4e+07	1.1613681136802	1.72766779895658	1.70929603802563
5.4e+07	54500000	1.0854438124523	1.66850151142351	1.62076125697911
54500000	5.5e+07	1.03436063917135	1.60832246416087	1.4703989131754
5.5e+07	55500000	1.00591837546039	1.49642053834308	1.30807113943823
55500000	5.6e+07	0.944000916556798	1.3787903298796	1.12330990642845
5.6e+07	56500000	0.893283359317796	1.26356192016871	0.934867375023664
56500000	5.7e+07	0.840949010007917	1.14784054619865	0.747015741257228
5.7e+07	57500000	0.798423209943207	1.05344773441762	0.594698504537936
57500000	5.8e+07	0.756721160620991	0.961357443988907	0.445843144256153
5.8e+07	58500000	0.720675366033913	0.881729769732734	0.317033885918413
58500000	5.9e+07	0.684087949977719	0.800927604927679	0.186427515386783
5.9e+07	59500000	0.639222470480043	0.702932876517731	0.0297019191805814
59500000	6e+07	0.596200846869429	0.609010019035192	-0.120155648393365
6e+07	60500000	0.533132237944491	0.470878163244462	-0.339566833142882
60500000	6.1e+07	0.498431069771851	0.334309522801291	-0.459402877445607
6.1e+07	61500000	0.463679960243969	0.144805173890237	-0.578365717759042
61500000	6.2e+07	0.454058356451032	-0.0322941684477967	-0.607704100801734
6.2e+07	62500000	0.401133677429935	-0.186757752586159	-0.65595724466717
62500000	6.3e+07	0.341228765937249	-0.316934892610276	-0.651202305957191
6.3e+07	63500000	0.296004362024805	-0.403161041436763	-0.562727526272833
63500000	6.4e+07	0.289474731144523	-0.498372653581011	-0.393671700075113
6.4e+07	64500000	0.298085069213464	-0.569034125952475	-0.198486790655999
64500000	6.5e+07	0.298493436097538	-0.652196726948656	-0.00835402168003886
6.5e+07	65500000	0.298797875912912	-0.731465199930387	0.174386635037689
65500000	6.6e+07	0.263982469968176	-0.814662206568491	0.321011965091273
6.6e+07	66500000	0.180779246536412	-0.832474451313805	0.429896485601711
66500000	6.7e+07	0.0472144529122024	-0.802231302529598	0.501412012346043
6.7e+07	67500000	-0.103987267179322	-0.72692747562367	0.592672733154618
67500000	6.8e+07	-0.270935824684574	-0.668694033271874	0.703505488394999
6.8e+07	68500000	-0.411968914857807	-0.586384706093503	0.805455651775854
68500000	6.9e+07	-0.477218829871508	-0.52938456588405	0.932628693557279
6.9e+07	69500000	-0.443064439952034	-0.45782695841267	1.02969122280478
69500000	7e+07	-0.357577242276116	-0.368082166583885	1.07952893909355
7e+07	70500000	-0.242760724508076	-0.187368041273585	1.07324144421001
70500000	7.1e+07	-0.14173929284382	-0.00934108024352704	1.05719961048573
7.1e+07	71500000	0.0228664295793169	0.101282557215727	1.02983701232797
71500000	7.2e+07	0.198840917219173	0.130245077517133	0.979358414215364
7.2e+07	72500000	0.385757524344818	0.164159127838087	0.913237916423015
72500000	7.3e+07	0.542188690080594	0.233797860331391	0.913205667913609
7.3e+07	73500000	0.691216081247258	0.330298182306702	0.954538499109433
73500000	7.4e+07	0.860810371046989	0.415403600616611	1.03051072851947
7.4e+07	74500000	1.02394951560815	0.502599579950966	1.09230012621317
74500000	7.5e+07	1.17284915830706	0.582562295713578	1.14836020344185
7.5e+07	75500000	1.31382706491203	0.658307537638228	1.20222212314346
75500000	7.6e+07	1.45090391741641	0.731414703020249	1.2547840818712
7.6e+07	76500000	1.58345005030327	0.808291975283373	1.28869424385956
76500000	7.7e+07	1.72403077400308	0.897831923841831	1.3032066398082
7.7e+07	77500000	1.86049883460756	0.991625150532796	1.29863543732184
77500000	7.8e+07	2.01265973280747	1.09563756906324	1.29607151951507
7.8e+07	78500000	2.14686996473969	1.18705113836499	1.29527244205687
78500000	7.9e+07	2.2722422588521	1.27293449173715	1.29414737959412
7.9e+07	79500000	2.38967078391431	1.35340059951308	1.29324429559595
79500000	8e+07	2.44907054355822	1.39411034834486	1.29285928639773
