0	5e+05	0.000643589415985198	-0.00023972333609003	7.23811788787637e-05
5e+05	1e+06	0.000637142783513861	-0.000234311177423286	7.41809726453889e-05
1e+06	1500000	0.000624542416545862	-0.000243924119014606	7.90485075402334e-05
1500000	2e+06	0.000842797541195615	-0.000154904497173641	2.13957971400921e-05
2e+06	2500000	0.000825460053496177	-0.00036115275341591	-3.63269496295045e-05
2500000	3e+06	0.000618993896152085	-0.000245902345935222	7.84668564811886e-05
3e+06	3500000	0.000305154325867621	-0.000188729397811801	-5.90838034716584e-05
3500000	4e+06	0.000402671662723078	-0.000488063611856724	-2.36755146569157e-05
4e+06	4500000	0.000519208704044592	-0.000746895079987301	-0.000117501499608788
4500000	5e+06	0.000624123136629086	-0.000289917198783045	5.78872424821965e-05
5e+06	5500000	0.000612469351448943	-0.000197652040662191	9.20308833219607e-05
5500000	6e+06	0.000791065366533842	-0.000313571762671511	0.000176919598496229
6e+06	6500000	0.000624077825238651	-0.000241413232168308	0.000137809696131133
6500000	7e+06	0.000625362283302466	-0.000250932884199525	2.58159269645726e-05
7e+06	7500000	0.000655164945555633	-8.3418730297418e-05	-0.000268549717610072
7500000	8e+06	0.000924717194499198	-0.000426447969456558	-0.000398200140741591
8e+06	8500000	0.000539977819868974	-0.000555061094504468	0.000243208480612486
8500000	9e+06	0.000820976111610398	-0.000462954423494268	0.000308419480085821
9e+06	9500000	0.000421726937593234	-0.000291260472225424	0.000423281270365086
9500000	1e+07	0.000525696475827829	0.000143798840646387	1.97410302001401e-05
1e+07	10500000	0.000627099494406683	1.71490206710354e-06	-0.000196002060894974
10500000	1.1e+07	0.000498307094102494	-0.00016539579233416	0.000247162482041244
1.1e+07	11500000	0.000744773244106332	-0.000324336313527151	-8.93015483058177e-05
11500000	1.2e+07	0.000621971214882885	-0.000244920578298242	7.8582945955732e-05
1.2e+07	12500000	0.000510623285715489	-0.000163717870060208	0.000146271814397138
12500000	1.3e+07	0.000500156417495367	-0.000284566994886328	0.000137657056573776
1.3e+07	13500000	0.000619127469684212	-0.000244351885811049	8.11156083905948e-05
13500000	1.4e+07	0.000384675028238439	8.49800153655359e-05	-7.79966656683264e-05
1.4e+07	14500000	0.00069759223033733	0.000128536053669906	7.89846287830829e-05
14500000	1.5e+07	0.000663486550386661	-0.000155414305172084	0.000152405878551545
1.5e+07	15500000	0.000504038290195892	-0.000707615868803264	5.2408481305741e-06
15500000	1.6e+07	0.000751237735862303	0.000212781190806034	5.30162032358029e-05
1.6e+07	16500000	0.00060011286892338	-0.000625135306679213	0.000159935623343936
16500000	1.7e+07	9.53508136309474e-05	-0.000262966283642023	0.000138656552653108
1.7e+07	17500000	0.000675975872684931	-0.000381879074859317	0.000271440655265119
17500000	1.8e+07	0.000551355353902728	3.19889589643303e-05	0.000445131716844069
1.8e+07	18500000	0.000621667367020325	-0.000244785705775337	7.88286659817169e-05
18500000	1.9e+07	0.000788032286205794	-0.000239536713241976	0.000262743135960562
1.9e+07	19500000	0.000605351470221141	-0.000218509295951404	-4.5300315153467e-05
19500000	2e+07	0.00068695713970789	-0.000349963762201062	0.000575361163488157
2e+07	20500000	0.000686957196835179	-0.000349963880906008	0.000575361062233178
20500000	2.1e+07	0.000686957139287494	-0.000349963763125527	0.000575361163782318
2.1e+07	21500000	0.000686957140120819	-0.000349963762374815	0.000575361163362208
21500000	2.2e+07	0.000686957138489514	-0.000349963763099182	0.000575361163963898
2.2e+07	22500000	0.000686957140431208	-0.000349963762797016	0.000575361163490584
22500000	2.3e+07	0.000686957149948905	-0.000349963765332252	0.00057536117084095
2.3e+07	23500000	0.000686957139624161	-0.000349963762666031	0.000575361163384164
23500000	2.4e+07	0.000686957139328855	-0.000349963763081196	0.000575361163823809
2.4e+07	24500000	0.000686957140364031	-0.000349963762672796	0.000575361163757527
24500000	2.5e+07	0.000686957138327439	-0.000349963762599099	0.000575361164378473
2.5e+07	25500000	0.000686957140588401	-0.000349963762547612	0.00057536116348912
25500000	2.6e+07	0.000686957138879303	-0.000349963762760663	0.000575361164008939
2.6e+07	26500000	0.000686697887209451	-0.00034966973898753	0.000575121165817538
26500000	2.7e+07	0.000687216390622051	-0.000350257784473033	0.00057560116159737
2.7e+07	27500000	0.000686957139850182	-0.000349963762757699	0.00057536116340411
27500000	2.8e+07	0.000686957138486802	-0.000349963762596961	0.000575361163499854
2.8e+07	28500000	0.00068695714068564	-0.00034996376288662	0.000575361163852795
28500000	2.9e+07	0.000686957138262547	-0.000349963762687382	0.000575361164080003
2.9e+07	29500000	0.000686957140004253	-0.000349963762553177	0.000575361163694608
29500000	3e+07	0.000686835172869523	-0.000349980191031717	0.000575365150830034
3e+07	30500000	0.000693652400385271	-0.000347297661871006	0.000585108581463265
30500000	3.1e+07	0.00068695713929983	-0.000349963762640764	0.000575361164036648
3.1e+07	31500000	0.000608129537848582	-0.00052102611381175	0.000883477390832607
31500000	3.2e+07	0.000391797945394172	-0.000239012334593752	0.000368140480764624
3.2e+07	32500000	0.000992738865950628	-0.000311557037741355	0.000433930185843953
32500000	3.3e+07	0.000686957140285977	-0.00034996376277199	0.000575361163711795
3.3e+07	33500000	0.000959995754356079	-0.000237943618989318	0.00100084083294365
33500000	3.4e+07	0.000430422963212347	-0.000427984843286599	0.000109143541647051
3.4e+07	34500000	0.000686957140100986	-0.000349963762767878	0.000575361163777818
34500000	3.5e+07	0.000686957142496075	-0.000349963759730797	0.000575361163564586
3.5e+07	35500000	0.000686957140106926	-0.000349963762927547	0.000575361163669718
35500000	3.6e+07	0.000686957138394255	-0.000349963765498261	0.000575361163758376
3.6e+07	36500000	0.000698615788046921	-0.000530560775235073	0.000828691890712321
36500000	3.7e+07	0.000686957140464837	-0.000349963762891918	0.000575361163614294
3.7e+07	37500000	0.000699708355329211	-0.000372518856084018	0.00058367680588282
37500000	3.8e+07	0.000521615857692077	-0.00057109515243461	0.000689618815227357
3.8e+07	38500000	0.000357561191622482	-0.0003730764582286	0.000468956175597532
38500000	3.9e+07	-9.50251017123363e-05	-0.000187799346775903	0.000590057761102083
3.9e+07	39500000	0.000686799956093205	-0.000349946732729006	0.000575373018470746
39500000	4e+07	0.000673816027919512	-0.000322853883570529	0.000541880601694803
4e+07	40500000	0.000699878845098849	-0.000377028442790669	0.000608557743601832
40500000	4.1e+07	0.000686894876146759	-0.000350080193076165	0.000575207363078036
4.1e+07	41500000	0.000766966859461964	-0.000707246728319322	0.000564594122402167
41500000	4.2e+07	0.000606877171927023	6.99516606117892e-06	0.000586197963164263
4.2e+07	42500000	0.000724869411307654	-0.000495197903081839	0.000784377575321155
42500000	4.3e+07	0.000752973628882612	-0.000264293990152994	0.000700478163025179
4.3e+07	43500000	0.000647572111139244	-0.00032528217106387	0.000792617375838857
43500000	4.4e+07	0.000525150906317803	-0.000183507872353823	0.000764089354791669
4.4e+07	44500000	0.000485499510110269	0.000381257424844525	0.000530734140281912
44500000	4.5e+07	0.00058668238315335	-0.000345716969306311	8.49658192214738e-05
4.5e+07	45500000	0.000758770071735929	-0.00043351183536829	0.000229208725119483
45500000	4.6e+07	-7.2777783595991e-05	-0.000226837708538763	-0.000145057728583098
4.6e+07	46500000	0.000176748311708491	9.0030969455912e-05	-7.31488648916597e-05
46500000	4.7e+07	8.19724131749398e-05	9.15497099131606e-05	-0.000337743939056163
4.7e+07	47500000	0.000258536656010275	-0.000276143300746107	0.000224210657511171
47500000	4.8e+07	5.04699889627115e-05	-0.000192971342660589	2.57785992250348e-05
4.8e+07	48500000	0.000150230976492921	-4.65333789987925e-05	-0.000221142387786358
48500000	4.9e+07	0.000216509903528688	0.000269953549342597	2.98935461402291e-05
4.9e+07	49500000	-9.92196219488496e-07	3.16089073937148e-06	-1.4371280496493e-06
49500000	5e+07	-1.80039028640672e-06	-7.20147298015586e-07	-1.78970958162488e-06
5e+07	50500000	-1.38768817554179e-06	1.206107800898e-06	-1.60543369247127e-06
50500000	5.1e+07	-1.28825729156474e-06	1.07757772607233e-06	-1.51700140404943e-06
5.1e+07	51500000	-1.39361400825175e-06	1.21570202719493e-06	-1.61045949440987e-06
51500000	5.2e+07	-1.34338676462925e-06	2.36733306789741e-06	-2.11739303456159e-06
5.2e+07	52500000	-2.23649969069643e-06	2.0186424686345e-06	-5.39232027511077e-07
52500000	5.3e+07	-1.39361364574626e-06	1.21570170871277e-06	-1.61045882503475e-06
5.3e+07	53500000	-1.39361386825713e-06	1.21570333827285e-06	-1.61045504022196e-06
53500000	5.4e+07	-1.39361362611514e-06	1.21570183132815e-06	-1.61046001729864e-06
5.4e+07	54500000	-1.39361349988783e-06	1.21570243836672e-06	-1.61045887940175e-06
54500000	5.5e+07	-1.39361372848068e-06	1.21570227989344e-06	-1.61045906380681e-06
5.5e+07	55500000	-1.39361473339499e-06	1.21570164795379e-06	-1.61045966435999e-06
55500000	5.6e+07	-1.39361367224574e-06	1.21570118384221e-06	-1.61045937762581e-06
5.6e+07	56500000	-1.39361356174817e-06	1.2157011774879e-06	-1.61045978588817e-06
56500000	5.7e+07	-1.39361394641564e-06	1.21570235993599e-06	-1.61045924845846e-06
5.7e+07	57500000	0.00111530201790038	0.000494320147143161	0.000494997115203432
57500000	5.8e+07	-0.00111808924613325	-0.000491888742705641	-0.000498218034101854
5.8e+07	58500000	-1.39361383167414e-06	1.21570209914871e-06	-1.6104593064763e-06
58500000	5.9e+07	-1.39361405720797e-06	1.21570399536877e-06	-1.61045882145746e-06
5.9e+07	59500000	-1.39361421039749e-06	1.21570155780659e-06	-1.61045896420206e-06
59500000	6e+07	-1.39361366695813e-06	1.2157033538304e-06	-1.61045874864571e-06
6e+07	60500000	-1.39360021930137e-06	1.21558577434813e-06	-1.61052378122452e-06
60500000	6.1e+07	-1.39361407421067e-06	1.2157021244936e-06	-1.61045912131115e-06
6.1e+07	61500000	-1.39361462737253e-06	1.21570321337482e-06	-1.61045897478136e-06
61500000	6.2e+07	-1.39357508877209e-06	1.21564101893274e-06	-1.61047439035705e-06
6.2e+07	62500000	-1.39355619726387e-06	1.2156831192204e-06	-1.6104914693897e-06
62500000	6.3e+07	0.000102050140544119	-8.30820172638351e-05	-2.080998286313e-05
6.3e+07	63500000	0.000253740612099421	-1.12344712519757e-05	1.24786455781474e-05
63500000	6.4e+07	-0.000249301447712664	-8.66555761830418e-05	-0.000302833750496451
6.4e+07	64500000	-0.000112063511245162	0.000185835930840538	0.000304722954830156
64500000	6.5e+07	-1.39361308634778e-06	1.21572448849482e-06	-1.61044876588838e-06
6.5e+07	65500000	-1.3936138115081e-06	1.21570297983088e-06	-1.61045983084077e-06
65500000	6.6e+07	-1.39361459133477e-06	1.21570184000974e-06	-1.61045818715909e-06
6.6e+07	66500000	-1.39361451117075e-06	1.21570293925896e-06	-1.61045844729452e-06
66500000	6.7e+07	-1.39361289643372e-06	1.21570363307414e-06	-1.61045920554933e-06
6.7e+07	67500000	-1.39361490274091e-06	1.21570228897391e-06	-1.61045801936928e-06
67500000	6.8e+07	-1.39361459165626e-06	1.21570238156509e-06	-1.6104587575306e-06
6.8e+07	68500000	-1.39361319424689e-06	1.21570402433424e-06	-1.61045974645609e-06
68500000	6.9e+07	-1.3936145001413e-06	1.21570261251633e-06	-1.61045857138427e-06
6.9e+07	69500000	-1.39361374898874e-06	1.21570144741066e-06	-1.61045957897041e-06
69500000	7e+07	-1.3936143510615e-06	1.21570233045657e-06	-1.61045856385586e-06
7e+07	70500000	0.000303025125777949	0.000112474740909071	-0.000138154612691569
70500000	7.1e+07	-0.000305812357206164	-0.00011004334268015	0.000134933689751451
7.1e+07	71500000	-1.39361412305166e-06	1.21570246486761e-06	-1.6104591894157e-06
71500000	7.2e+07	-1.39361427378979e-06	1.21570236944366e-06	-1.61045966212568e-06
7.2e+07	72500000	-1.39361423904135e-06	1.21570243183062e-06	-1.61045900313413e-06
72500000	7.3e+07	-1.39361383795281e-06	1.21570351954308e-06	-1.61045935720121e-06
7.3e+07	73500000	-1.39361382128716e-06	1.21570354350836e-06	-1.61045907962816e-06
73500000	7.4e+07	-1.39361409184442e-06	1.21570168199747e-06	-1.61045827458503e-06
7.4e+07	74500000	-1.39368949659062e-06	1.21571569488954e-06	-1.61045779136529e-06
74500000	7.5e+07	-1.39361438669716e-06	1.21570285090878e-06	-1.61045850503493e-06
7.5e+07	75500000	-1.39361414471901e-06	1.21570245285457e-06	-1.61045919116038e-06
75500000	7.6e+07	-1.39361111717365e-06	1.21573063828387e-06	-1.61047612727063e-06
7.6e+07	76500000	-1.39358520302994e-06	1.21567941653322e-06	-1.61040914187224e-06
76500000	7.7e+07	-1.39361340100271e-06	1.21570192248781e-06	-1.61045894236656e-06
7.7e+07	77500000	-1.39361453294368e-06	1.21570303001203e-06	-1.61045879482786e-06
77500000	7.8e+07	-8.47156676891413e-07	1.01895582077952e-06	-8.17826415168792e-07
7.8e+07	78500000	-1.95733166631979e-06	1.41312252295852e-06	-2.40731066640202e-06
78500000	7.9e+07	-1.39361456191318e-06	1.21570321810337e-06	-1.61045882515946e-06
7.9e+07	79500000	-1.37628557579048e-06	1.21504583631604e-06	-1.60623002780575e-06
79500000	8e+07	-1.39367782608489e-06	1.21570881824312e-06	-1.61046464615722e-06
8e+07	80500000	-1.39361316172946e-06	1.21570289294365e-06	-1.61045880603024e-06
80500000	8.1e+07	-1.39356725292696e-06	1.21568151653057e-06	-1.61046328786599e-06
8.1e+07	81500000	-1.39361469977071e-06	1.21570186160843e-06	-1.61045915183491e-06
81500000	8.2e+07	-1.39361428133082e-06	1.21570246414236e-06	-1.61045897446374e-06
8.2e+07	82500000	-1.39361418438809e-06	1.21570256314093e-06	-1.61045878450079e-06
82500000	8.3e+07	-1.39361370552844e-06	1.21570294469971e-06	-1.61045894798095e-06
8.3e+07	83500000	-1.39361437640864e-06	1.21570178466037e-06	-1.61045833650327e-06
83500000	8.4e+07	-1.39361313967188e-06	1.21570328414458e-06	-1.61045878759157e-06
8.4e+07	84500000	-1.39359544304518e-06	1.21562213957344e-06	-1.61047111724978e-06
84500000	8.5e+07	-1.39363346212026e-06	1.21578318021441e-06	-1.6104461002893e-06
8.5e+07	85500000	-1.39361445920012e-06	1.21570252681461e-06	-1.61045957662741e-06
85500000	8.6e+07	-1.39361383592039e-06	1.21570287960646e-06	-1.6104587663317e-06
8.6e+07	86500000	-1.3936135038975e-06	1.21570271096818e-06	-1.61045928022334e-06
86500000	8.7e+07	-1.39361443710177e-06	1.21570151217027e-06	-1.61045832577495e-06
8.7e+07	87500000	-1.3936129664137e-06	1.21570350096518e-06	-1.61045841804717e-06
87500000	8.8e+07	-1.39361419411582e-06	1.21570249592237e-06	-1.61045847747991e-06
8.8e+07	88500000	-1.3936141422204e-06	1.21570215165923e-06	-1.61045825841789e-06
88500000	8.9e+07	-1.39361387096093e-06	1.21570193913968e-06	-1.61045889101338e-06
8.9e+07	89500000	-1.39361335299604e-06	1.21570366499116e-06	-1.61045886304288e-06
89500000	9e+07	-1.39361353288048e-06	1.21570412037904e-06	-1.6104589331903e-06
9e+07	90500000	-1.39362131330685e-06	1.21569954890484e-06	-1.61045215170908e-06
90500000	9.1e+07	-1.39361316727213e-06	1.21570333886731e-06	-1.61045932733107e-06
9.1e+07	91500000	-1.39360823168217e-06	1.21570244639172e-06	-1.61046450925165e-06
91500000	9.2e+07	-1.39361390169667e-06	1.21570345984047e-06	-1.61045870399368e-06
9.2e+07	92500000	-1.39361356262727e-06	1.2157023913969e-06	-1.61045904289273e-06
92500000	9.3e+07	-6.06123060588747e-06	5.97025538592728e-07	-4.82285515811912e-06
9.3e+07	93500000	2.86797521344544e-06	2.15570825920567e-06	1.65079579517335e-06
93500000	9.4e+07	-1.39361367710323e-06	1.21570227608127e-06	-1.6104587427103e-06
9.4e+07	94500000	-1.46259255513148e-06	4.29524560450855e-06	1.10445323101377e-06
94500000	9.5e+07	-9.15764407751423e-07	-2.18730796346348e-06	-4.37211055996817e-06
9.5e+07	95500000	-1.39361399540469e-06	1.21570285084057e-06	-1.61045912787083e-06
95500000	9.6e+07	-1.39644712823217e-06	1.21786646900964e-06	-1.61261399971895e-06
9.6e+07	96500000	-1.39361221028062e-06	1.21570179738619e-06	-1.61045790742143e-06
96500000	9.7e+07	-1.39361367710927e-06	1.21570261820218e-06	-1.61045859777498e-06
9.7e+07	97500000	-1.39361489013437e-06	1.21570315419505e-06	-1.61045899022252e-06
97500000	9.8e+07	-1.39361406830099e-06	1.21570296550776e-06	-1.61045882220539e-06
9.8e+07	98500000	-1.39361955887251e-06	1.21570036267405e-06	-1.61047857213078e-06
98500000	9.9e+07	-1.39185516708653e-06	1.21556605292158e-06	-1.60929809995978e-06
9.9e+07	99500000	-1.40400588577917e-06	1.24248637876046e-06	-1.61288670008265e-06
99500000	1e+08	-1.39435256761733e-06	1.22112877140506e-06	-1.60053609516266e-06
1e+08	100500000	-1.38989568241936e-06	1.22392381039485e-06	-1.61013754254648e-06
100500000	1.01e+08	-1.38818335058492e-06	1.22748234943088e-06	-1.61028364201141e-06
1.01e+08	101500000	-1.39435575453252e-06	1.22546827130591e-06	-1.62294696518318e-06
101500000	1.02e+08	-1.39518979157006e-06	1.21097710534701e-06	-1.62369294564728e-06
1.02e+08	102500000	-1.39631222354898e-06	1.219224387223e-06	-1.64889559664406e-06
102500000	1.03e+08	-1.26669006341326e-06	1.13069941075323e-06	-1.79781971081239e-06
1.03e+08	103500000	-3.00009343477082e-07	1.45743127492496e-06	-2.29583260306151e-06
103500000	1.04e+08	-1.93035395813457e-05	0.00015132519857852	3.47565477463956e-05
1.04e+08	104500000	-1.39361338152124e-06	1.21570252568604e-06	-1.61045855640797e-06
104500000	1.05e+08	-0.00034971848236522	-0.00023415546835971	-0.000319178320332472
1.05e+08	105500000	-0.000324284758950407	1.38590763842389e-05	-0.000136868670145267
105500000	1.06e+08	-0.00028005350970931	-0.000187081233983328	-0.000255664748719159
1.06e+08	106500000	-0.000576468496559351	-0.000509061793527587	-0.000128310656961612
106500000	1.07e+08	-0.000494756631644272	-0.00039056220654384	-0.000293614128171695
1.07e+08	107500000	-0.00063584474139453	-0.000282894535553259	-0.000223913177753172
107500000	1.08e+08	-0.000343003539874838	-0.000119367613597505	-0.000457410743860123
1.08e+08	108500000	-0.000219008827430455	-0.000306876993604164	-0.000695389108496214
108500000	1.09e+08	-0.000230806674417791	-0.000389415119740876	-0.000449728624849828
1.09e+08	109500000	-0.000407109967859613	-0.000275813499794133	-0.000328952200413613
109500000	1.1e+08	0.000255430771229164	-0.00084034068018118	-0.000359058317946866
1.1e+08	110500000	0.000483536582881597	-0.000480034249496484	-0.00129197114444099
110500000	1.11e+08	0.00068427684625116	-0.000373331284174002	-0.000655118840399232
1.11e+08	111500000	0.000423357265062719	-0.000641151194763672	-0.000740693696077554
111500000	1.12e+08	0.000773684521601211	-0.000651730000895344	-0.00081364670884442
1.12e+08	112500000	0.000538262049067241	-0.000808467039974798	-0.00097920964644291
112500000	1.13e+08	0.000427787094441381	-0.000642300868969926	-0.000736735840687164
1.13e+08	113500000	0.00063948379304729	-0.000818158567612066	-0.000800958121529031
113500000	1.14e+08	0.000417004974452739	-0.000681876473688006	-0.000666556478389279
1.14e+08	114500000	0.000771810350102421	-0.000436846610695276	-0.000675448043277946
114500000	1.15e+08	0.00056802730236069	-0.000159137387500447	-0.00120706305967867
1.15e+08	115500000	0.000431272001096311	-0.000302418402715149	-0.00122379317630065
115500000	1.16e+08	0.000442669244381698	-0.000463852429351308	-0.00123209797090562
1.16e+08	116500000	0.00046828823727199	-0.000483184194361328	-0.00101948749550456
116500000	1.17e+08	0.000584539503152556	-0.000442574349314082	-0.0008422578206916
1.17e+08	117500000	0.000378082911393341	-0.000527948182887953	-0.00120484692139748
117500000	1.18e+08	0.000829109362802829	-0.000304130442498146	-0.000278050587563895
1.18e+08	118500000	0.000829109455795256	-0.000304129346626085	-0.000278050174433502
118500000	1.19e+08	0.00113776758540419	-0.000735225837248671	-0.000414882796090345
1.19e+08	119500000	0.000495263312706591	0.000120101555239379	-0.000124241965275892
119500000	1.2e+08	0.000829109456622557	-0.000304129362035991	-0.000278050182120628
1.2e+08	120500000	0.000696262363772814	0.000221411864783026	0.000430167053267925
120500000	1.21e+08	0.000775888120574803	-7.84166586123979e-06	0.000166363206456302
1.21e+08	121500000	0.000510606408767286	0.000612884931187198	0.00077716523212242
121500000	1.22e+08	0.000510607449012189	0.000612885361111026	0.000777163412688344
1.22e+08	122500000	0.000502174637868125	0.000847391295870941	0.00120957784316529
122500000	1.23e+08	0.000587952728687212	0.000698066545866799	0.000927359643157009
1.23e+08	123500000	0.000503860788946496	0.000800489901573163	0.00112309568340962
123500000	1.24e+08	0.000368041303410815	0.000874720685976443	0.001433181710824
1.24e+08	124500000	0.000216250392271779	0.000663049823766431	0.00115398029625416
124500000	1.25e+08	-0.000254436171728365	0.000628690482000225	0.000905470794154287
1.25e+08	125500000	0.000340449524561446	0.00131412201635249	0.00119480728636817
125500000	1.26e+08	0.000558086254100528	0.00132352504420556	0.00117778704940727
1.26e+08	126500000	0.000388958082667876	0.00113004365016323	0.0012020734142944
126500000	1.27e+08	0.000312173247893163	0.00142416154515542	0.00112956175754339
1.27e+08	127500000	0.000293211112855979	0.00139901010166599	0.00135681217252945
127500000	1.28e+08	0.000322820478107531	0.00161158103560912	0.00132842408438181
1.28e+08	128500000	0.000215985408929109	0.00155212764329086	0.00118282298065292
128500000	1.29e+08	0.000309827572246256	0.00153680389293067	0.00109402933502916
1.29e+08	129500000	0.000422443165313865	0.00175997813920047	0.00119519675829426
129500000	1.3e+08	0.000192339843918451	0.00130865447861636	0.00100572041332701
1.3e+08	130500000	0.000309827577170889	0.00153680388953536	0.00109402934346512
130500000	1.31e+08	0.000453958377062628	0.0016690344318849	0.00110167662060539
1.31e+08	131500000	0.000355008382270286	0.00163077634633186	0.00113983074269746
