0	5e+05	-2.0984867790849	3.14086030090261	-0.341956322228948
5e+05	1e+06	-2.09378593691375	3.18994389314414	-0.243524510777946
1e+06	1500000	-2.05738486613725	3.28920931641603	-0.293990627414792
1500000	2e+06	-2.0424654921064	3.33909021387298	-0.251663677838119
2e+06	2500000	-2.11580069661142	3.35638014514488	-0.388882155842758
2500000	3e+06	-2.24550747238554	3.35142918480458	-0.414529541009944
3e+06	3500000	-2.37887606429823	3.50637553077332	-0.474802560029983
3500000	4e+06	-2.43842464740868	3.71126372766349	-0.47024511554865
4e+06	4500000	-2.44153990474164	3.94927858864267	-0.449733905657934
4500000	5e+06	-2.41614626926524	4.04205059425005	-0.40733068527896
5e+06	5500000	-2.40013605067128	4.08412641733573	-0.332494951190275
5500000	6e+06	-2.45700181000459	4.0930112482706	-0.2567954223498
6e+06	6500000	-2.55501516466358	4.12475242187447	-0.263247809884824
6500000	7e+06	-2.6711761108304	4.14008276075852	-0.33192565916909
7e+06	7500000	-2.7499591177312	4.15253741098063	-0.440633522571026
7500000	8e+06	-2.82148874935389	4.09166985099524	-0.521977213048535
8e+06	8500000	-2.87883910557564	4.0003509515444	-0.614567478347925
8500000	9e+06	-2.85805431182738	3.83135161969561	-0.663216621560705
9e+06	9500000	-2.7953057996127	3.67902131231598	-0.700743790492909
9500000	1e+07	-2.66027433617999	3.59391805227723	-0.708020753277796
1e+07	10500000	-2.53629719639686	3.38046447563921	-1.08485687963851
10500000	1.1e+07	-2.44873073582862	3.21942019433908	-1.42196932358654
1.1e+07	11500000	-2.41038024405311	3.05895896845896	-1.71721873783062
11500000	1.2e+07	-2.43857463932219	3.13009453238915	-1.5833611553158
1.2e+07	12500000	-2.30781292473629	3.06876023453616	-1.52978972513192
12500000	1.3e+07	-2.15127380023098	2.99048444296115	-1.47874225251381
1.3e+07	13500000	-1.95667853795033	2.880407329922	-1.4461642645802
13500000	1.4e+07	-1.87723403522675	2.87537676130413	-1.332671375238
1.4e+07	14500000	-1.78623808111386	2.86479304289099	-1.21464563913825
14500000	1.5e+07	-1.6870529877035	2.8493895293966	-1.09581066955769
1.5e+07	15500000	-1.59086100615427	2.83551351684239	-0.978873225906728
15500000	1.6e+07	-1.49111540129488	2.82176316054341	-0.856475693357772
1.6e+07	16500000	-1.38701107668509	2.83290902710781	-0.795355191848745
16500000	1.7e+07	-1.30493127451528	2.88198659218694	-0.795503216852732
1.7e+07	17500000	-1.24095676871488	2.96054493423566	-0.765244733541503
17500000	1.8e+07	-1.15904319168367	3.00885699868783	-0.720396398868465
1.8e+07	18500000	-1.04110987526818	3.02758339163343	-0.645810867615934
18500000	1.9e+07	-0.880482927099015	3.03180885310579	-0.618859173047302
1.9e+07	19500000	-0.74096380001136	3.04918789326885	-0.578881282042974
19500000	2e+07	-0.584934929688714	3.06259592111635	-0.537627121963488
2e+07	20500000	-0.44023326571045	3.06684010007182	-0.511715691102117
20500000	2.1e+07	-0.28584841579989	3.06941452672911	-0.487637335236389
2.1e+07	21500000	-0.149607886174882	3.07313364675486	-0.46416186508656
21500000	2.2e+07	-0.0177191394923821	3.07657105498206	-0.441359865226797
2.2e+07	22500000	0.11471777013887	3.07973538051178	-0.418572301998366
22500000	2.3e+07	0.24160593108992	3.08260370541986	-0.396756879836242
2.3e+07	23500000	0.365213626625357	3.08460751162231	-0.375517442051166
23500000	2.4e+07	0.520307194473518	3.08658401714191	-0.348929909653853
2.4e+07	24500000	0.676812628866398	3.08820285858783	-0.322161720569644
24500000	2.5e+07	0.837579930118689	3.09017637960316	-0.294699901429858
2.5e+07	25500000	0.97545097501026	3.09175637946498	-0.271081102921719
25500000	2.6e+07	1.22152361522461	3.09480882454065	-0.228789712232643
2.6e+07	26500000	1.47230118338259	3.09807716984995	-0.185483222256768
26500000	2.7e+07	1.68349645482747	3.07426370827634	-0.131123278831227
2.7e+07	27500000	1.7361917643304	3.00108132639949	-0.130636191034984
27500000	2.8e+07	1.7106911883326	2.89281960134136	-0.14196073396083
2.8e+07	28500000	1.64882943344521	2.74709316406838	-0.182063969391022
28500000	2.9e+07	1.58077332793088	2.60651504512662	-0.199918814522768
2.9e+07	29500000	1.52389412340736	2.45408814188728	-0.221790485612273
29500000	3e+07	1.45618892787512	2.35482181835498	-0.215516742169231
3e+07	30500000	1.36317315232042	2.29376330178235	-0.1572515153937
30500000	3.1e+07	1.25981435742409	2.26999590906065	-0.0647881369304886
3.1e+07	31500000	1.14962147621363	2.24585525748148	0.0420511633682804
31500000	3.2e+07	1.04242827354946	2.21541687778797	0.138662910823644
3.2e+07	32500000	0.927423560015694	2.18393175867639	0.242809284266353
32500000	3.3e+07	0.806641571480157	2.15187960312139	0.352645827676701
3.3e+07	33500000	0.689922329220383	2.12066924214645	0.458762788995743
33500000	3.4e+07	0.557603430557425	2.08551771704625	0.578879174705575
3.4e+07	34500000	0.43859392374802	2.05409792408131	0.686880273271974
34500000	3.5e+07	0.3566699053485	2.00077451875152	0.745796054596295
3.5e+07	35500000	0.317059189165277	1.89846086033686	0.737632907658706
35500000	3.6e+07	0.296591681864939	1.75316205077628	0.688723084139614
3.6e+07	36500000	0.263498817669928	1.59151091410336	0.644993331726089
36500000	3.7e+07	0.232225825787366	1.44968724505075	0.608694852122996
3.7e+07	37500000	0.193849177587411	1.32458059357292	0.576373946473166
37500000	3.8e+07	0.140398706292768	1.19121053729492	0.541820410554897
3.8e+07	38500000	0.0672567489075426	1.03462464647908	0.501363582501566
38500000	3.9e+07	-0.00224507951028714	0.87785130552468	0.460918013386461
3.9e+07	39500000	-0.0596087510124251	0.74633388738668	0.426838067082446
39500000	4e+07	-0.0960403867714465	0.607766392525076	0.473428503501163
4e+07	40500000	-0.136577657004752	0.454701019952843	0.527391270082839
40500000	4.1e+07	-0.173489958178327	0.297302017343038	0.599483931525319
4.1e+07	41500000	-0.208280307472337	0.170953811060065	0.639756798925613
41500000	4.2e+07	-0.175094479706193	0.0742040246349412	0.691281877093334
4.2e+07	42500000	-0.107687072435551	-0.0250937788236086	0.764604450538168
42500000	4.3e+07	-0.00955556570063975	-0.116929403230925	0.8331625469768
4.3e+07	43500000	0.0658621101615678	-0.223139139533396	0.918120892595938
43500000	4.4e+07	0.139090638058765	-0.320323529632324	0.993157530904609
4.4e+07	44500000	0.218183080195114	-0.423494329329178	1.07287752585324
44500000	4.5e+07	0.292155949043647	-0.520270692666038	1.14749270561533
4.5e+07	45500000	0.368560188635027	-0.620939222242601	1.22483398501999
45500000	4.6e+07	0.435761650460391	-0.7093590425941	1.29265237104335
4.6e+07	46500000	0.504681944512337	-0.800279990368606	1.36216346873207
46500000	4.7e+07	0.577209600765315	-0.895830506330597	1.43520664363102
4.7e+07	47500000	0.647427301946781	-0.988563408849395	1.50562026087822
47500000	4.8e+07	0.714858088509868	-1.07773949906995	1.57330941762824
4.8e+07	48500000	0.787600818152482	-1.1741942961133	1.64678792949129
48500000	4.9e+07	0.86452684703427	-1.27611343320121	1.72487962397416
4.9e+07	49500000	0.948135667701434	-1.38656605835994	1.8099342596871
49500000	5e+07	1.02080728128438	-1.48252329885469	1.88387795465457
5e+07	50500000	1.06318932078765	-1.57639022616626	1.91932184194969
50500000	5.1e+07	1.07255787832902	-1.70112682755183	1.90498684006028
5.1e+07	51500000	1.05450788071806	-1.83374295443218	1.85337984123791
51500000	5.2e+07	1.03909898364019	-1.98955692058243	1.79957132351935
5.2e+07	52500000	1.02561876409194	-2.12861941498442	1.75181268516322
52500000	5.3e+07	1.01184039736368	-2.28207301679564	1.69978355328328
5.3e+07	53500000	0.997123672813386	-2.43044171725042	1.64732452015108
53500000	5.4e+07	0.981973825700696	-2.57939814363805	1.59417590968582
5.4e+07	54500000	0.967631961766971	-2.7180143476645	1.54474429352447
54500000	5.5e+07	0.953838043826593	-2.85237132521397	1.49735325717379
5.5e+07	55500000	0.940845874120953	-2.97838400860756	1.45282353529358
55500000	5.6e+07	0.927455456284649	-3.1093564997751	1.40644561496193
5.6e+07	56500000	0.913053720835215	-3.25101746210872	1.35621283273569
56500000	5.7e+07	0.899467581657407	-3.38466783556569	1.30829816500117
5.7e+07	57500000	0.88713908608606	-3.50653614138295	1.26424184134187
57500000	5.8e+07	0.874826056183358	-3.62785217022662	1.21984706152321
5.8e+07	58500000	0.862000889176267	-3.75471226615445	1.1736656515444
58500000	5.9e+07	0.846861490348031	-3.90262059665353	1.11977830538832
5.9e+07	59500000	0.831216923570679	-4.05458543063854	1.06434863181537
59500000	6e+07	0.81525644548942	-4.20935280135237	1.008057211139
6e+07	60500000	0.770069410310378	-4.29650886457834	0.920801209292855
60500000	6.1e+07	0.709603556942679	-4.33563609766266	0.81986899525827
6.1e+07	61500000	0.629318307320285	-4.34328398046493	0.694838218333126
61500000	6.2e+07	0.561235048055848	-4.36931100458971	0.584526363308986
6.2e+07	62500000	0.486325753616628	-4.39512362589329	0.46375248334189
62500000	6.3e+07	0.36057465137506	-4.2990290656384	0.334973491064681
6.3e+07	63500000	0.259372650171386	-4.1735918767832	0.214253844041011
63500000	6.4e+07	0.184721739534584	-3.99454595841726	0.101599019585799
6.4e+07	64500000	0.182365647352144	-3.90216061180136	0.013352867006869
64500000	6.5e+07	0.103843388606435	-3.76993547146287	-0.111665165967233
6.5e+07	65500000	0.00491492073972015	-3.65625155552609	-0.226015732159227
65500000	6.6e+07	-0.114069114639764	-3.54120210230997	-0.344380438822542
6.6e+07	66500000	-0.200783298931067	-3.43952418940749	-0.446458008204386
66500000	6.7e+07	-0.292298009246831	-3.33305417170633	-0.553215035236308
6.7e+07	67500000	-0.384474784986738	-3.22491515810867	-0.662304607140034
67500000	6.8e+07	-0.395794595560266	-3.1730995543375	-0.748826543493288
6.8e+07	68500000	-0.333555908566847	-3.18579492445965	-0.78961185742927
68500000	6.9e+07	-0.173691684746059	-3.25364789383161	-0.82795985120852
6.9e+07	69500000	-0.00317259292305855	-3.33375524168293	-0.854187081131191
69500000	7e+07	0.171377907764036	-3.40107535805057	-0.909002584139539
7e+07	70500000	0.313263933498869	-3.45842494841015	-0.948502143945836
70500000	7.1e+07	0.438824764913155	-3.50955133071727	-0.982527600392195
7.1e+07	71500000	0.574508627955407	-3.56463425550103	-1.01947812540616
71500000	7.2e+07	0.72289585161715	-3.62467119994906	-1.05996537081029
7.2e+07	72500000	0.873861838900355	-3.65127077664399	-1.10134125834784
72500000	7.3e+07	1.00958427097939	-3.62716644227175	-1.13858581591846
7.3e+07	73500000	1.13966036479079	-3.57971412259071	-1.17418432937533
73500000	7.4e+07	1.28200910455981	-3.55564928586852	-1.21197227337211
7.4e+07	74500000	1.3800066741418	-3.50257184519316	-1.24236360404074
74500000	7.5e+07	1.48190274181302	-3.40893859164382	-1.27692714599553
7.5e+07	75500000	1.5775426449134	-3.27213967641365	-1.31361044337892
75500000	7.6e+07	1.70057870290475	-3.16021359772196	-1.35507372285505
7.6e+07	76500000	1.76064592234996	-3.05935515759468	-1.36804228252245
76500000	7.7e+07	1.72952617416311	-2.99246434177045	-1.33653864056658
7.7e+07	77500000	1.63190519546876	-2.97689143394469	-1.30149951479359
77500000	7.8e+07	1.51805782736882	-3.01309596607344	-1.23956540651824
7.8e+07	78500000	1.42413329744006	-3.03254665911807	-1.17320927114471
78500000	7.9e+07	1.31823771639691	-3.01849370114049	-1.04662042188959
7.9e+07	79500000	1.20922886923863	-2.9765085700933	-0.926149485528938
79500000	8e+07	1.1079721251618	-2.95166653637194	-0.816464152776935
8e+07	80500000	1.01141353075234	-2.97464468966899	-0.711012866136951
80500000	8.1e+07	0.913366439705335	-2.98771181393571	-0.603740557235786
8.1e+07	81500000	0.80820383275297	-2.99562277446435	-0.48884416085872
81500000	8.2e+07	0.724446063300211	-2.96408539648412	-0.397828570268827
8.2e+07	82500000	-0.0710232152193462	-2.83681936787318	0.473658119176575
82500000	8.3e+07	-0.466011829488771	-2.77657019482463	0.906462988951539
