0	5e+05	-4.41868097793498	2.1741742959566	-0.864999737593706
5e+05	1e+06	-2.93624398537037	1.42012781317953	-0.555528435528648
1e+06	1500000	0.0291777454401229	-0.0878753445217242	0.0634665932299893
1500000	2e+06	0.0330295624510662	-0.0872571928866859	0.0638253292141548
2e+06	2500000	0.0374125439658096	-0.0865505043494811	0.0642343786849093
2500000	3e+06	0.0413225265105702	-0.085825424167059	0.0639225011267561
3e+06	3500000	0.0437957595346571	-0.0851243040694535	0.0619174959110114
3500000	4e+06	0.0466542877816949	-0.0844514888846007	0.0605894615702556
4e+06	4500000	0.0492228876551225	-0.083998678266459	0.0608663524264197
4500000	5e+06	0.0517861525790066	-0.0849600714378972	0.0628234761763861
5e+06	5500000	0.0520276297716572	-0.0863864838491219	0.0653115773236819
5500000	6e+06	0.0506813396936014	-0.0887105101967496	0.0682940046477645
6e+06	6500000	0.0484166791712563	-0.0906198364421275	0.0724564427589227
6500000	7e+06	0.0466675077087197	-0.0930135410727085	0.0764558604252516
7e+06	7500000	0.0452246061660708	-0.0949581067071187	0.0797264848687925
7500000	8e+06	0.0433735762736645	-0.0970403437944263	0.0832439905787135
8e+06	8500000	0.0409983526414729	-0.0988760659112537	0.0864961986311125
8500000	9e+06	0.0385511346229279	-0.100917205406314	0.0900933194095788
9e+06	9500000	0.0365599188844882	-0.10257275024001	0.0930077420343996
9500000	1e+07	0.0345897335399373	-0.1042033530371	0.0958777075471002
1e+07	10500000	0.0326497467896385	-0.105808384621853	0.0987024548003155
10500000	1.1e+07	0.0306314442693779	-0.107481520777354	0.101642054587356
1.1e+07	11500000	0.0286777954828466	-0.10909765630356	0.104478362161838
11500000	1.2e+07	0.0265095288361873	-0.110890162486678	0.107624736996916
1.2e+07	12500000	0.0244383401594196	-0.11259743759489	0.110636079163831
12500000	1.3e+07	0.0202979562639194	-0.11601866762082	0.116668522059041
1.3e+07	13500000	0.0190942589023565	-0.120889247467506	0.119925506541203
13500000	1.4e+07	0.0190582859169659	-0.125889004298849	0.121638984845983
1.4e+07	14500000	0.0230180263557959	-0.129223557210074	0.119315925154799
14500000	1.5e+07	0.025120300286869	-0.129649613157101	0.117402910477679
1.5e+07	15500000	0.0274405346165539	-0.129140962022031	0.114860197131833
15500000	1.6e+07	0.0291510107479028	-0.127831893394191	0.111333573782972
1.6e+07	16500000	0.0313384927271693	-0.126914910045882	0.107806159932609
16500000	1.7e+07	0.0338445665118324	-0.125793139452011	0.103748337423804
1.7e+07	17500000	0.0361535794460505	-0.124713882439661	0.099953890306637
17500000	1.8e+07	0.0387739304664681	-0.123483354595054	0.0956313098454786
1.8e+07	18500000	0.0408694244818861	-0.122502956777241	0.0921659467821259
18500000	1.9e+07	0.042380295121185	-0.120724046626292	0.0885449455814731
1.9e+07	19500000	0.0431448020908742	-0.118484403325008	0.0853015412901121
19500000	2e+07	0.043458163137803	-0.115504824492224	0.0818234125498279
2e+07	20500000	0.0438555350782311	-0.112791796786257	0.078530114863819
20500000	2.1e+07	0.0442424024536215	-0.109667385746217	0.0748229385939593
2.1e+07	21500000	0.0440670548865239	-0.107290671539287	0.0712428749430774
21500000	2.2e+07	0.0434955304727337	-0.105221582790523	0.0674001458684729
2.2e+07	22500000	0.0422050489703854	-0.104360044408202	0.06401735118972
22500000	2.3e+07	0.0408115708105598	-0.103589265930599	0.0605682990193945
2.3e+07	23500000	0.0392064428057985	-0.103136189957056	0.057192946352986
23500000	2.4e+07	0.0375575678700685	-0.102569482493257	0.0535734228422317
2.4e+07	24500000	0.0359022543243373	-0.101991070361908	0.0499183522467736
24500000	2.5e+07	0.0341475389965776	-0.101384848178668	0.046057922152711
2.5e+07	25500000	0.0324746871698446	-0.100804699914992	0.0423785039588622
25500000	2.6e+07	0.0309101326950649	-0.100261516808974	0.0389424596660981
2.6e+07	26500000	0.0293594773098149	-0.0997185517363431	0.0355357662305154
26500000	2.7e+07	0.0278490921772794	-0.0991906705600266	0.0322297604690202
2.7e+07	27500000	0.0262556747985296	-0.098631023250437	0.0287483304743799
27500000	2.8e+07	0.0246900506960192	-0.0980807945698197	0.0253345415926733
2.8e+07	28500000	0.0231482948232764	-0.0975381812220124	0.0219585891322976
28500000	2.9e+07	0.0215357168237596	-0.0969707840934707	0.0184122574720294
2.9e+07	29500000	0.0196850721288372	-0.0963220271418178	0.0143235852535833
29500000	3e+07	0.0177722716432838	-0.0956490918263888	0.010096665186949
3e+07	30500000	0.0171330643905716	-0.094357732232153	0.00680159828929847
30500000	3.1e+07	0.0166906026651161	-0.0920027874065446	0.00601884557460748
3.1e+07	31500000	0.0163888775887702	-0.0881121205237864	0.00659610537022901
31500000	3.2e+07	0.0151440241171057	-0.0838284208982979	0.0076907538063596
3.2e+07	32500000	0.0142040909380973	-0.0794262636903181	0.00829616142948937
32500000	3.3e+07	0.0133910442078645	-0.0756044543933319	0.00887201596257205
3.3e+07	33500000	0.0125448032582402	-0.0716792144685983	0.00949520914770843
33500000	3.4e+07	0.0115008334289784	-0.0668727216912896	0.010252200000829
3.4e+07	34500000	0.0104443896598691	-0.0620014352887101	0.0110164146928301
34500000	3.5e+07	0.00881261283488674	-0.0579746933842819	0.010867476401285
3.5e+07	35500000	0.00658805665590993	-0.0552944148829431	0.00960773409223772
35500000	3.6e+07	0.00386123851620748	-0.0530952118950802	0.00764965194303683
3.6e+07	36500000	0.00101779448344971	-0.0504506243480736	0.00574498191557234
36500000	3.7e+07	-0.00236944598677692	-0.0471854803168825	0.00351171136794012
3.7e+07	37500000	-0.00570881217132327	-0.0441775310131493	0.00128866636329093
37500000	3.8e+07	-0.00933496483942485	-0.041504183483567	-0.00120809595538199
3.8e+07	38500000	-0.0125523800812018	-0.0397516483148576	-0.00350778579319241
38500000	3.9e+07	-0.0156696942465769	-0.0380198384916112	-0.00482734378124339
3.9e+07	39500000	-0.0190274677582392	-0.0359196655189142	-0.00508221472122814
39500000	4e+07	-0.0221346569264419	-0.0339002809777553	-0.00436154227936208
4e+07	40500000	-0.0260020484778525	-0.0314517221498643	-0.0039598600765637
40500000	4.1e+07	-0.0296191654733084	-0.0291603778711983	-0.00354348548164684
4.1e+07	41500000	-0.0338227803629985	-0.0264874578925233	-0.0030414137167352
41500000	4.2e+07	-0.0380017275656389	-0.023829074445527	-0.00254043412173729
4.2e+07	42500000	-0.0418664959702515	-0.02233850387664	-0.00284242660867365
42500000	4.3e+07	-0.0453047395886579	-0.0219807562075398	-0.00386496856448736
4.3e+07	43500000	-0.0485534810387542	-0.0226015261348525	-0.00558180782947841
43500000	4.4e+07	-0.052003181907438	-0.0229751232259373	-0.00718160527408641
4.4e+07	44500000	-0.0556853213378651	-0.0233763840385348	-0.00888786752348051
44500000	4.5e+07	-0.0596600231737217	-0.0238250091142436	-0.0107380964730798
4.5e+07	45500000	-0.0635387052170502	-0.0242714816804191	-0.0125434314244789
45500000	4.6e+07	-0.0673048882644714	-0.0246985366305739	-0.0142930272438393
4.6e+07	46500000	-0.0707821894351676	-0.0250902230398112	-0.0159087338985284
46500000	4.7e+07	-0.0749042029493864	-0.0255526791215181	-0.0178252822552476
4.7e+07	47500000	-0.0795529162415331	-0.0260796241473001	-0.0199909495718097
47500000	4.8e+07	-0.0842187237063868	-0.0266075490225366	-0.0221643329388118
4.8e+07	48500000	-0.0889475211865369	-0.0271381256455239	-0.0243667758502491
48500000	4.9e+07	-0.093517914484148	-0.0276464322357648	-0.0264978740899613
4.9e+07	49500000	-0.0985114662553687	-0.0281866984229481	-0.0288194364023554
49500000	5e+07	-0.102702629526657	-0.0281326696371466	-0.02978924250636
5e+07	50500000	-0.10445418289075	-0.0272664256806584	-0.0285296660708231
50500000	5.1e+07	-0.105128002892868	-0.0252882960832515	-0.0247870989435159
5.1e+07	51500000	-0.105078800337783	-0.0231511455115642	-0.0205364344712104
51500000	5.2e+07	-0.106054973084388	-0.0210040064966532	-0.0165444450761471
5.2e+07	52500000	-0.106764712288495	-0.0189894685843894	-0.0127610376150746
52500000	5.3e+07	-0.107414240264608	-0.0170537867206535	-0.00911445013392358
5.3e+07	53500000	-0.108104794535382	-0.0149985354833802	-0.00526067795297145
53500000	5.4e+07	-0.108768768164756	-0.0130410418191227	-0.00161896098215478
5.4e+07	54500000	-0.109512904654177	-0.0108303299736783	0.00247910708434481
54500000	5.5e+07	-0.110467856665288	-0.00947383886213438	0.00624776309590501
5.5e+07	55500000	-0.111933918624835	-0.00845825321972547	0.0109424235615703
55500000	5.6e+07	-0.113698922478067	-0.00791002088934056	0.0159115754474027
5.6e+07	56500000	-0.115994479505013	-0.00784174598724396	0.0200812542868342
56500000	5.7e+07	-0.116571482929481	-0.00933361223635748	0.0221765318162396
5.7e+07	57500000	-0.116167836909959	-0.0125102085792188	0.0236247647952289
57500000	5.8e+07	-0.113943258894734	-0.0160257237382282	0.0241128590421026
5.8e+07	58500000	-0.11318922059828	-0.0193531094866507	0.0234078247210317
58500000	5.9e+07	-0.112862985164294	-0.0231689240920608	0.020483559845036
5.9e+07	59500000	-0.113370628410373	-0.0269061578456467	0.0176771370388617
59500000	6e+07	-0.113786914273266	-0.0288568579327863	0.0150838809028382
6e+07	60500000	-0.115239388407556	-0.0273716953228195	0.0111754997980028
60500000	6.1e+07	-0.117141228151547	-0.0245323340217836	0.00667016058806359
6.1e+07	61500000	-0.119010398894602	-0.0228585292148449	0.00163984189845464
61500000	6.2e+07	-0.119802183357817	-0.0242211747164655	-0.00121851969316162
6.2e+07	62500000	-0.120322433438775	-0.0276253070041656	-0.0040101326570676
62500000	6.3e+07	-0.120615295993158	-0.0317370765463877	-0.00628903761797984
6.3e+07	63500000	-0.12109068720522	-0.0355380431377513	-0.00905431163185457
63500000	6.4e+07	-0.121554337442099	-0.0393426556056061	-0.0118112037209037
6.4e+07	64500000	-0.121993157160803	-0.0430012886659867	-0.0144129099283631
64500000	6.5e+07	-0.122474402536476	-0.0468406055042628	-0.0171277046768284
6.5e+07	65500000	-0.122936408664707	-0.0503734315938069	-0.0196197156931858
65500000	6.6e+07	-0.123251038676079	-0.0538390960576481	-0.0224856178394776
6.6e+07	66500000	-0.123446363403789	-0.0569062967544425	-0.0252520005176082
66500000	6.7e+07	-0.123618541974494	-0.0588823212427247	-0.0288679304838994
6.7e+07	67500000	-0.123902890795662	-0.0603997299435976	-0.0326956494735664
67500000	6.8e+07	-0.124238620201323	-0.0613489862697898	-0.0370994609292081
6.8e+07	68500000	-0.124572416406056	-0.062634374961686	-0.0415029859991236
68500000	6.9e+07	-0.124956288304262	-0.0639902316493149	-0.0464311022334518
6.9e+07	69500000	-0.124963314419901	-0.0661130285727397	-0.0504560191398336
69500000	7e+07	-0.125656106180611	-0.0685351907177721	-0.0517321584871078
7e+07	70500000	-0.127320746259642	-0.0726214004767745	-0.0504587370224452
70500000	7.1e+07	-0.127713155985504	-0.0763953230785652	-0.0481996766486425
7.1e+07	71500000	-0.126893424071984	-0.0806948999176343	-0.0462699213968949
71500000	7.2e+07	-0.124232142281947	-0.0840888379493692	-0.0444232442375452
7.2e+07	72500000	-0.121979650295556	-0.0876060177423623	-0.0424659306367785
72500000	7.3e+07	-0.119127933371541	-0.0909900375837246	-0.0406263207147094
7.3e+07	73500000	-0.116506110735048	-0.0945109172293823	-0.0390870276352432
73500000	7.4e+07	-0.114601613852949	-0.0978240816130528	-0.0393998165830601
7.4e+07	74500000	-0.113136701920932	-0.100961436350454	-0.0413081963223461
74500000	7.5e+07	-0.112059337498161	-0.104057364728172	-0.043672050073734
7.5e+07	75500000	-0.111192635852736	-0.107844759470181	-0.0449809346353129
75500000	7.6e+07	-0.110644586274803	-0.112115141043427	-0.0456401198380814
7.6e+07	76500000	-0.109949668924132	-0.116721599746855	-0.0466056435703913
76500000	7.7e+07	-0.109277823058125	-0.121068260343803	-0.0475764883504767
7.7e+07	77500000	-0.10872712578382	-0.124448855483317	-0.0468451502834815
77500000	7.8e+07	-0.108229022712432	-0.127303198656211	-0.0445662966748728
7.8e+07	78500000	-0.10627813602493	-0.129050883877007	-0.0420228232705042
78500000	7.9e+07	-0.103304405907841	-0.130836311636783	-0.0403062729780711
7.9e+07	79500000	-0.0992907645607163	-0.131980491297505	-0.0392674321783276
79500000	8e+07	-0.0956352884278816	-0.133517496084065	-0.0377590206816683
8e+07	80500000	-0.0918625792062058	-0.133904472693984	-0.0374492967966468
80500000	8.1e+07	-0.0882748650974255	-0.133799114367659	-0.0384548747054488
8.1e+07	81500000	-0.0855217648913105	-0.131708607815363	-0.0406888998542613
81500000	8.2e+07	-0.0834087417737066	-0.129240282833558	-0.0429518712340563
8.2e+07	82500000	-0.0825627843458829	-0.125659940297549	-0.0454666906773034
82500000	8.3e+07	-0.0823026675922732	-0.122249203481534	-0.0465535880538714
8.3e+07	83500000	-0.0825379481442924	-0.118352147261169	-0.0469574223686035
83500000	8.4e+07	-0.0813864291284507	-0.115512642675662	-0.0459057783358917
8.4e+07	84500000	-0.0786456937681821	-0.112980121597588	-0.045046518209726
84500000	8.5e+07	-0.0752099787399724	-0.11127966204689	-0.0438757355575502
8.5e+07	85500000	-0.0717820151272255	-0.108764595509517	-0.0426805066935949
85500000	8.6e+07	-0.0684781160500377	-0.106312554249403	-0.0415097502433467
8.6e+07	86500000	-0.0649224415629651	-0.103716033877895	-0.0402517696304297
86500000	8.7e+07	-0.0612055151968099	-0.10098292211135	-0.0389290646820346
8.7e+07	87500000	-0.0577660502025683	-0.0984275139196094	-0.0376979790639137
87500000	8.8e+07	-0.054550249138304	-0.0960433346672265	-0.0365479292689051
8.8e+07	88500000	-0.0513759177315553	-0.0948522762290633	-0.0351401004971455
88500000	8.9e+07	-0.0477458271602501	-0.0952525550329174	-0.0331273575412963
8.9e+07	89500000	-0.0438648680023978	-0.0966837372555048	-0.0307435774640817
89500000	9e+07	-0.0401726846584776	-0.0984078567953657	-0.0284048648979546
9e+07	90500000	-0.0358734743626261	-0.100137003800075	-0.0257656140461755
90500000	9.1e+07	-0.0316153959493472	-0.101891705657641	-0.0231395991052385
9.1e+07	91500000	-0.0273007985078497	-0.103510350717405	-0.0209655774120447
91500000	9.2e+07	-0.0238991418474555	-0.104680543896492	-0.0197503045437343
9.2e+07	92500000	-0.0204801265508431	-0.106157482575523	-0.0202255271189726
92500000	9.3e+07	-0.0171834461563144	-0.107763747700655	-0.0211596002238028
9.3e+07	93500000	-0.0137117311978294	-0.109664986342975	-0.0228310338927055
93500000	9.4e+07	-0.0101229501592288	-0.11140863959907	-0.023846634549806
9.4e+07	94500000	-0.00594904570958526	-0.113475659806125	-0.0251676212651595
94500000	9.5e+07	-0.00194670657785949	-0.115457348882764	-0.0264504559604791
9.5e+07	95500000	0.00232520309533402	-0.117574164050502	-0.0278168710057171
95500000	9.6e+07	0.00658039085979209	-0.119674060684022	-0.0291683552482308
9.6e+07	96500000	0.0108225103902014	-0.121765127468195	-0.0305226329770659
96500000	9.7e+07	0.0145961146536828	-0.122890404137304	-0.0324505123022161
9.7e+07	97500000	0.0181548501404236	-0.123159354360834	-0.0350570578355694
97500000	9.8e+07	0.0213817897199071	-0.12258788706171	-0.0367580690983983
9.8e+07	98500000	0.0231320592422435	-0.12072491503341	-0.0364668706144182
98500000	9.9e+07	0.0239751553908078	-0.117331976645504	-0.0342908049549846
9.9e+07	99500000	0.0243022977211271	-0.112934953832357	-0.0320258287960259
99500000	1e+08	0.0255174270274374	-0.10851930130537	-0.0299617231530231
1e+08	100500000	0.0265049361315259	-0.104689999252233	-0.0281077230379701
100500000	1.01e+08	0.0268664890308293	-0.10094146448765	-0.0262511194304918
1.01e+08	101500000	0.0267938378131977	-0.0977005397455455	-0.0246236442191008
101500000	1.02e+08	0.0258868524414492	-0.0936708572364264	-0.0225447655517205
1.02e+08	102500000	0.0250039566661724	-0.0897369974399142	-0.0205173755801837
102500000	1.03e+08	0.0237903372659015	-0.0854621546681663	-0.0183291147140812
1.03e+08	103500000	0.0227668100172222	-0.0815669361289833	-0.0163603372814238
103500000	1.04e+08	0.0228379710414902	-0.0772665375523774	-0.0152764850655835
1.04e+08	104500000	0.0238220809648142	-0.0729152831205624	-0.0149851120505696
104500000	1.05e+08	0.0256980410078877	-0.0684279793920366	-0.0154329869355219
1.05e+08	105500000	0.0274864140228637	-0.0646107448858042	-0.0161322156095944
105500000	1.06e+08	0.0300158548555098	-0.0623131481788451	-0.0162296433982847
1.06e+08	106500000	0.0337716595231326	-0.0610882892871166	-0.0160533148158952
106500000	1.07e+08	0.038097287951996	-0.0605963991579951	-0.0154334461629853
1.07e+08	107500000	0.0420126146148638	-0.0596698172288937	-0.014330011543969
107500000	1.08e+08	0.0452761066210598	-0.0589069774031537	-0.0127410534137578
1.08e+08	108500000	0.0480840880815614	-0.0579868497486341	-0.0104509949420448
108500000	1.09e+08	0.0519748199261803	-0.0568639213162177	-0.00782273248873039
1.09e+08	109500000	0.0560325298966371	-0.0556997655204716	-0.00506795796355979
109500000	1.1e+08	0.0603415897605416	-0.0544650617543305	-0.00213151069537238
1.1e+08	110500000	0.0637598071033966	-0.0534820165233082	0.000214098235454343
110500000	1.11e+08	0.0669762325307837	-0.0525556873747309	0.00240695346403223
1.11e+08	111500000	0.0702339004749721	-0.0516193653159045	0.00462395960093447
111500000	1.12e+08	0.0735069673005976	-0.0506779599106891	0.00684535212253032
1.12e+08	112500000	0.077074216468676	-0.0496515615700953	0.0092719627617522
112500000	1.13e+08	0.0805628143774424	-0.0486498063199856	0.0116491189741805
1.13e+08	113500000	0.0840711505627002	-0.0476400661946078	0.0140469049093109
113500000	1.14e+08	0.087218126148813	-0.0467428227243009	0.0161973818226121
1.14e+08	114500000	0.090589045148607	-0.0457879478315926	0.0185153145710441
114500000	1.15e+08	0.0938186598473498	-0.0448786300002536	0.0207494037290837
1.15e+08	115500000	0.097527784219805	-0.0438206130888714	0.0233218919097665
115500000	1.16e+08	0.100927685229345	-0.0428456795918225	0.025677278037616
1.16e+08	116500000	0.104711539953833	-0.0417546991590359	0.0282955710861192
116500000	1.17e+08	0.108217553430054	-0.0407502964289013	0.0307216802221443
1.17e+08	117500000	0.111670087444257	-0.0397600586113584	0.0331087205656697
117500000	1.18e+08	0.114885387237591	-0.038841400612846	0.0353242559731511
1.18e+08	118500000	0.118934991861363	-0.0376748620677133	0.0381089977634919
118500000	1.19e+08	0.123001508949298	-0.03650250137148	0.0409029216481043
1.19e+08	119500000	0.125166558057926	-0.0355711634141152	0.0440214800025894
119500000	1.2e+08	0.124811783114208	-0.0349792060691347	0.0475208069995727
1.2e+08	120500000	0.123168693443681	-0.0344305941708773	0.0518864738003712
120500000	1.21e+08	0.128316578407492	-0.0335256093823848	0.0542338014450808
1.21e+08	121500000	0.167668424528527	-0.0284608454602711	0.062335421657335
121500000	1.22e+08	0.178918455764046	-0.0274137079881738	0.0620283909051165
1.22e+08	122500000	0.187486183202963	-0.026448960505311	0.0627929350124529
122500000	1.23e+08	0.164217870760228	-0.0297300782500471	0.0558121818050153
1.23e+08	123500000	0.162643746014605	-0.0311288332444065	0.0467573358867764
123500000	1.24e+08	0.15881193841372	-0.0328677201282876	0.0368660387781507
1.24e+08	124500000	0.154381495266118	-0.0347279733197927	0.0265496362317522
124500000	1.25e+08	0.149800812741596	-0.0381846569211213	0.0337184555972306
1.25e+08	125500000	0.143598265125938	-0.0417558775215365	0.0405435213282042
125500000	1.26e+08	0.135714735940927	-0.0453921070563131	0.0469026667622824
1.26e+08	126500000	0.136914138886019	-0.0441999640055774	0.0420375351302491
126500000	1.27e+08	0.142044528323331	-0.0405539663203867	0.0318616879772015
1.27e+08	127500000	0.133824447227254	-0.0443067044479105	0.0328559612297135
127500000	1.28e+08	0.124075379800677	-0.0489053028416323	0.0352138798182648
1.28e+08	128500000	0.115543263961572	-0.0402949440449009	0.0360298668759307
128500000	1.29e+08	0.120422489263921	-0.0235098902076315	0.0266160966657012
1.29e+08	129500000	0.124163787452467	-0.00618515147505224	0.0183081769182047
129500000	1.3e+08	0.122755824150175	-0.00314845447861348	0.017584098513978
1.3e+08	130500000	0.12117004348599	0.000308612291219433	0.0167579066713806
130500000	1.31e+08	0.119138977199279	0.00479528950389213	0.0156784365223129
1.31e+08	131500000	0.117073145847984	0.00933504389723018	0.0145921405476583
131500000	1.32e+08	0.115093960236836	0.0137219366018906	0.0135420385183533
1.32e+08	132500000	0.113299441232541	0.0177643092451725	0.0125737392134019
132500000	1.33e+08	0.111580203878971	0.0216746858406746	0.0116392041284335
1.33e+08	133500000	0.10974766738811	0.0257957417115104	0.010650390386934
133500000	1.34e+08	0.108103935492667	0.0294621423400786	0.0097645558918318
1.34e+08	134500000	0.106584128321494	0.0328343852407854	0.00894339522534704
134500000	1.35e+08	0.105113182028248	0.0361228402093913	0.00814215156105994
1.35e+08	135500000	0.103644353346595	0.0394016631536035	0.00734399247882118
135500000	1.36e+08	0.1018391665093	0.0434295153073706	0.00636308198309437
1.36e+08	136500000	0.0999947993639224	0.0475401209232015	0.00535778622063789
136500000	1.37e+08	0.0981107716334179	0.0517432980527408	0.0043331004483205
1.37e+08	137500000	0.0964810501819444	0.0553895361227223	0.00344282364551331
137500000	1.38e+08	0.0943267980968576	0.0585661750304011	0.00325944521082546
1.38e+08	138500000	0.0916842255744958	0.0613525625375149	0.00369604385916661
138500000	1.39e+08	0.0880803398177519	0.0643473139896014	0.00476531412301637
1.39e+08	139500000	0.0846448594350781	0.067386685625563	0.0056604003595644
139500000	1.4e+08	0.0811415734235927	0.0704922824636731	0.00655996919819073
1.4e+08	140500000	0.0775396780891262	0.0736623698599382	0.00749560916146241
140500000	1.41e+08	0.0736911757646902	0.0770449159998415	0.00849803137822402
1.41e+08	141500000	0.0698119430432592	0.0804495695313301	0.00949226603086586
141500000	1.42e+08	0.0663399202343966	0.0834760036453361	0.0103734222022676
1.42e+08	142500000	0.0623439298691136	0.0869480434158646	0.0113812786515814
142500000	1.43e+08	0.0586818542254406	0.0901264216994452	0.0123044505831336
1.43e+08	143500000	0.055997010393396	0.0915433441123466	0.0116263383014766
143500000	1.44e+08	0.0546280836219094	0.0905259711795318	0.00875882536653553
1.44e+08	144500000	0.05358104896808	0.0881556325078187	0.00425169894276963
144500000	1.45e+08	0.0531119558643124	0.0857445535788136	0.000237900230023141
1.45e+08	145500000	0.0527671662009494	0.0826236146909339	-0.0024297609894161
145500000	1.46e+08	0.0527891075737715	0.0788605668191573	-0.0042875753945859
1.46e+08	146500000	0.0522315223517116	0.0745453204256843	-0.00598399387364886
146500000	1.47e+08	0.0517408032806156	0.0703607468082485	-0.00798487186563351
1.47e+08	147500000	0.0512482283828301	0.066033445626223	-0.0100183851586682
147500000	1.48e+08	0.0514512721062553	0.0624644055048272	-0.0110676137974863
1.48e+08	148500000	0.0526862484290293	0.0590209438685764	-0.0110310610305408
148500000	1.49e+08	0.0547911191641945	0.0556146875858661	-0.0101054938113724
1.49e+08	149500000	0.0566953168761473	0.0521752572952051	-0.00861594787906674
149500000	1.5e+08	0.0583708551694244	0.0490384239660648	-0.00656362963282479
1.5e+08	150500000	0.0599965617208326	0.0460748211069008	-0.00374056657685853
150500000	1.51e+08	0.0618494145362232	0.0427321248995128	-0.000942879888953677
1.51e+08	151500000	0.0637148929120973	0.0393616385524908	0.00193878911905827
151500000	1.52e+08	0.065333450292065	0.0364335949768105	0.00445913960936886
1.52e+08	152500000	0.0668852577021385	0.0334568961540839	0.00616571019661969
152500000	1.53e+08	0.0683394512697765	0.0306352759925687	0.00768988447932389
1.53e+08	153500000	0.069848659072356	0.0277001748973697	0.0092413991550249
153500000	1.54e+08	0.0717333119911237	0.0242252355679974	0.0119079454910647
1.54e+08	154500000	0.073601732023632	0.0207568056938498	0.0144572970518533
154500000	1.55e+08	0.07555117162131	0.0171352139680449	0.0172305770382896
1.55e+08	155500000	0.077308731498322	0.0138681355484272	0.0196712560303942
155500000	1.56e+08	0.079154403190614	0.010454941668771	0.0221990288029921
1.56e+08	156500000	0.0798644866795682	0.00735183967848547	0.0246078510383175
156500000	1.57e+08	0.0790074273992634	0.00451114914911664	0.027309620846836
1.57e+08	157500000	0.0768657765900461	0.00187874227383071	0.030211426353777
157500000	1.58e+08	0.0747024923679981	-0.000908412276656679	0.0332653628962113
1.58e+08	158500000	0.0725806197363658	-0.00379200396117868	0.0363654203008842
158500000	1.59e+08	0.0705324544124112	-0.00652167280253409	0.0393069326851729
1.59e+08	159500000	0.0683538716827508	-0.0093680082611598	0.0423723484484418
159500000	1.6e+08	0.0664660159662236	-0.0118562875547242	0.0450527630345867
1.6e+08	160500000	0.0645918937907123	-0.0143305064570931	0.0477095293263151
160500000	1.61e+08	0.0627549474143945	-0.0167497847487349	0.0503248070590297
1.61e+08	161500000	0.0608282814948868	-0.0192828086670698	0.0530853274738827
161500000	1.62e+08	0.0588483339331194	-0.0218576748739346	0.0559705541100482
1.62e+08	162500000	0.0568838906443278	-0.0243929220258544	0.0588516118205673
162500000	1.63e+08	0.0547702670735359	-0.027094992962821	0.0619680218506516
1.63e+08	163500000	0.052709979899415	-0.0297249240842904	0.0649849897272148
163500000	1.64e+08	0.0506037749503408	-0.0324039499468608	0.0680664158929681
1.64e+08	164500000	0.0487476617369092	-0.0347619420415439	0.0707748352857071
164500000	1.65e+08	0.046695795162041	-0.0373701568959294	0.0737632071526667
1.65e+08	165500000	0.0447071311316058	-0.0399025431548582	0.0766527168390906
165500000	1.66e+08	0.0423879250995361	-0.0428564474577169	0.0800175180297393
1.66e+08	166500000	0.0403543328099598	-0.0461197135614649	0.0826751454510858
166500000	1.67e+08	0.0382142938344746	-0.0485387959844147	0.0851317907158993
1.67e+08	167500000	0.0368127274540056	-0.0489127115712717	0.0876406861164058
167500000	1.68e+08	0.0355888090556535	-0.0471999177314307	0.0911294668127055
1.68e+08	168500000	0.0348886709218498	-0.0446000123999191	0.0951571890378168
168500000	1.69e+08	0.0339205740303293	-0.0416356874701813	0.0980974894350227
1.69e+08	169500000	0.0327509542200596	-0.0378043445935883	0.100492013581869
169500000	1.7e+08	0.031457994739381	-0.0336551772578525	0.102184280708302
1.7e+08	170500000	0.0314868363173776	-0.0297937049813747	0.103768215540558
170500000	1.71e+08	0.0331946784007445	-0.0267561486361811	0.10387772739074
1.71e+08	171500000	0.0361277194061404	-0.0240465374326007	0.103092211046545
171500000	1.72e+08	0.0392477748663041	-0.0212327198883037	0.101816737828893
1.72e+08	172500000	0.0421306191509126	-0.0183357008526261	0.100859327981736
172500000	1.73e+08	0.0455417051677067	-0.0161599253410433	0.100175116463516
1.73e+08	173500000	0.0493501574841077	-0.0145429655575698	0.0996936304958886
173500000	1.74e+08	0.0529364971226463	-0.0127689006300172	0.0993361076893993
1.74e+08	174500000	0.0551134519585481	-0.0103919593048205	0.0977016242022164
174500000	1.75e+08	0.0561090430651164	-0.00746308955296722	0.0948986548545381
1.75e+08	175500000	0.0565797675820882	-0.00477105748790027	0.0912400492493515
175500000	1.76e+08	0.0573033702875005	-0.00187128660040064	0.0876921229728556
1.76e+08	176500000	0.0579706315310827	0.00107797282738419	0.0840358849137362
176500000	1.77e+08	0.0586558804209627	0.00403478581958777	0.0803611513891948
1.77e+08	177500000	0.0593174507408084	0.006870917723328	0.0768281923845329
177500000	1.78e+08	0.059851228632995	0.00911753196500321	0.0740255117957801
1.78e+08	178500000	0.0604744139419006	0.0117540468869295	0.0707265349237123
178500000	1.79e+08	0.0610809074493989	0.0143092292895038	0.0675235000046449
1.79e+08	179500000	0.0618321804516378	0.0174583249633819	0.0635698623260723
179500000	1.8e+08	0.0624997071792865	0.0202436917058971	0.0600646417059972
1.8e+08	180500000	0.0632222941128689	0.0232739000304199	0.0562347505706815
180500000	1.81e+08	0.0638611088790558	0.0259679696648874	0.0528189787864429
1.81e+08	181500000	0.0644703726801589	0.0285284798414367	0.0495689485298051
181500000	1.82e+08	0.0651019470692706	0.0311822848947711	0.0461962068608477
1.82e+08	182500000	0.0657150750111159	0.0337698637083152	0.0429095202847369
182500000	1.83e+08	0.0663398874460813	0.0364124069942918	0.0395413239634265
1.83e+08	183500000	0.0669051023534527	0.0388524207453292	0.0364686369448261
183500000	1.84e+08	0.0674881429170381	0.0413890531908969	0.0332977338943823
1.84e+08	184500000	0.0680789567317046	0.0440035843672053	0.0300676141087006
184500000	1.85e+08	0.0686626971016342	0.046574626631788	0.0268862961172537
1.85e+08	185500000	0.0693829256610611	0.0497683027402567	0.0229534265184836
185500000	1.86e+08	0.0700593529350601	0.0527667996649345	0.0192631796553915
1.86e+08	186500000	0.070701209739744	0.0556109017275922	0.0157708508741071
186500000	1.87e+08	0.0713382128509602	0.0584172048877678	0.0123232373707576
1.87e+08	187500000	0.0721126176121634	0.0618368040407865	0.00813376870869092
187500000	1.88e+08	0.072909061789105	0.0653496389799864	0.0038274626915694
1.88e+08	188500000	0.0720677513859685	0.0684730927557985	0.000819777468319904
188500000	1.89e+08	0.0700134526475552	0.0717051629056147	-0.00166386950537835
1.89e+08	189500000	0.0669178854221963	0.0751977342697616	-0.00387369270791346
189500000	1.9e+08	0.0650994305158467	0.0787655953407017	-0.00541204292307074
1.9e+08	190500000	0.0635529778052638	0.082576240445151	-0.00623387377520238
190500000	1.91e+08	0.0624518084646111	0.0865046215187479	-0.00656430427122566
1.91e+08	191500000	0.0609899096905597	0.0904306014664517	-0.00728049555776295
191500000	1.92e+08	0.059773698939038	0.0938788602337285	-0.00784007909398689
1.92e+08	192500000	0.058037184144769	0.098859936899247	-0.00863174923031515
192500000	1.93e+08	0.0562814191130993	0.103913963234384	-0.00944190373964105
1.93e+08	193500000	0.0544320520786617	0.109225807625013	-0.010304166507284
193500000	1.94e+08	0.0529660813445705	0.113435668496592	-0.0109954582537326
1.94e+08	194500000	0.0520735394227198	0.11687005560951	-0.0101242706676509
194500000	1.95e+08	0.0514693888177918	0.120320272753572	-0.00788786448171596
1.95e+08	195500000	0.0512514570451063	0.123346567823802	-0.00447686741408898
195500000	1.96e+08	0.0506920631076167	0.127119781913855	-0.00136236640257868
1.96e+08	196500000	0.0491208278481371	0.129747309740011	0.000786623905459345
196500000	1.97e+08	0.0474053792214316	0.132145426014048	0.0004470827411564
1.97e+08	197500000	0.0449483366526264	0.134779819253322	-0.00202877399668739
197500000	1.98e+08	0.0430252537373277	0.138043472059053	-0.00539533609737313
1.98e+08	198500000	0.0419591037034499	0.139714688050912	-0.00797645543684024
198500000	1.99e+08	0.0420851289988539	0.139881719826579	-0.0121649774929839
1.99e+08	199500000	0.0430992053331221	0.138978026249232	-0.0169254148779947
199500000	2e+08	0.043845946587183	0.138529670944913	-0.0228006897806758
2e+08	200500000	0.0445935368135131	0.137987230902489	-0.027613786202832
200500000	2.01e+08	0.0444650810513604	0.137581445350094	-0.0317203007533921
2.01e+08	201500000	0.0435417593828503	0.138953340699583	-0.0343612406652521
201500000	2.02e+08	0.041766923763241	0.141622951157592	-0.0360133345657076
2.02e+08	202500000	0.0400345269565194	0.145468549292543	-0.0377839913389423
202500000	2.03e+08	0.0381168093883057	0.149058696569258	-0.0398813349488387
2.03e+08	203500000	0.0362497533313004	0.152573272769322	-0.0419418545140179
203500000	2.04e+08	0.0345048676900769	0.155903769357685	-0.0438549205365868
2.04e+08	204500000	0.0325504966676645	0.159694145362655	-0.0460282241678911
204500000	2.05e+08	0.0306694334219702	0.163351913531118	-0.0481258792264593
2.05e+08	205500000	0.0285841220499981	0.167414001945021	-0.0504586096993687
205500000	2.06e+08	0.0269300813329295	0.170623950943313	-0.0523093914503958
2.06e+08	206500000	0.0250115504797569	0.174347025260795	-0.0544568295564163
206500000	2.07e+08	0.0232693809327073	0.177742032904644	-0.0564126730707207
2.07e+08	207500000	0.0214566085019926	0.181290962839789	-0.0584522905724523
207500000	2.08e+08	0.0198294497431498	0.184481303129428	-0.0602879979979363
2.08e+08	208500000	0.0181742147357738	0.187717772377609	-0.0621497223586332
208500000	2.09e+08	0.0166100813629039	0.190764331976072	-0.0639038912426877
2.09e+08	209500000	0.0155784853279734	0.192648273483351	-0.067067239983434
209500000	2.1e+08	0.0149138589214437	0.193755059782258	-0.0709406777134056
2.1e+08	210500000	0.0145219703697933	0.194275270948084	-0.0756785296801592
210500000	2.11e+08	0.0138934093605623	0.195304410561575	-0.0803836075656194
2.11e+08	211500000	0.0131626212537845	0.195777724671272	-0.0850787135236264
211500000	2.12e+08	0.0118943808469139	0.195525252698642	-0.0892357170344852
2.12e+08	212500000	0.00972133894323858	0.194239920005922	-0.0933432493359803
212500000	2.13e+08	0.00696580964055636	0.192870978634912	-0.0954021898115675
2.13e+08	213500000	0.00290957070527416	0.191008099857036	-0.0972418470982997
213500000	2.14e+08	-0.000751142469733597	0.189448809864114	-0.0973508574519014
2.14e+08	214500000	-0.00470559386200261	0.187678222276452	-0.0984027199604054
214500000	2.15e+08	-0.00790206596199194	0.186251746422938	-0.0990840020925441
2.15e+08	215500000	-0.0115176355888792	0.184640507589998	-0.0998073098721176
215500000	2.16e+08	-0.0155669891845331	0.182829597022021	-0.100631157162485
2.16e+08	216500000	-0.0196667659464089	0.180995413101052	-0.10147054578648
216500000	2.17e+08	-0.0247247111116564	0.178726607274781	-0.102502313017579
2.17e+08	217500000	-0.0292442952039705	0.176409577633276	-0.103176647636378
217500000	2.18e+08	-0.0321944100979534	0.173810614699564	-0.104566178972045
2.18e+08	218500000	-0.0328862224638248	0.172789297347152	-0.106789098488956
218500000	2.19e+08	-0.0310145785396565	0.172598285714497	-0.109447237731619
2.19e+08	219500000	-0.0281976233047174	0.173135052167723	-0.112214611277296
219500000	2.2e+08	-0.0243209275317323	0.173081506242761	-0.114653212748238
2.2e+08	220500000	-0.0207153312910838	0.17300642107004	-0.117607361107877
220500000	2.21e+08	-0.017279631935269	0.173078006734163	-0.120227563428442
2.21e+08	221500000	-0.0133454181803675	0.172920388171079	-0.121721294979287
221500000	2.22e+08	-0.00921950782526345	0.172666444739003	-0.122840784615795
2.22e+08	222500000	-0.00474787106255792	0.172379447932514	-0.123879982135352
222500000	2.23e+08	-0.00193832632119868	0.172850773659401	-0.126106600524002
2.23e+08	223500000	0.000583237201983945	0.173816359857053	-0.129024864157698
223500000	2.24e+08	0.0025325096245298	0.175197885941057	-0.13230286347913
2.24e+08	224500000	0.00531950497942619	0.176446220002324	-0.135723689706575
224500000	2.25e+08	0.00630007444250343	0.177548867877033	-0.138810154666824
2.25e+08	225500000	0.00589945876563711	0.177946354942493	-0.141856725322627
225500000	2.26e+08	0.00389327021511445	0.177753846193443	-0.145348081966527
2.26e+08	226500000	0.00195559351759348	0.177135578443628	-0.149230980133335
226500000	2.27e+08	-0.000133839893049929	0.176667399133163	-0.153634952006578
2.27e+08	227500000	-0.00207184803083264	0.176217194410062	-0.157668772065018
227500000	2.28e+08	-0.00401010166147253	0.176559018814683	-0.16047922023117
2.28e+08	228500000	-0.0049075761912752	0.176742332317428	-0.161732216271701
