0	5e+05	2.65921935158067	2.83025051997558	-2.54642410958612
5e+05	1e+06	2.66244399371901	2.81009065929503	-2.60299046270354
1e+06	1500000	2.66872247093261	2.77079341879415	-2.71307166885922
1500000	2e+06	2.67455209374499	2.73372788653555	-2.81687712359335
2e+06	2500000	2.68066300873998	2.69709105348946	-2.92129197718298
2500000	3e+06	2.68780617691155	2.65479110816274	-3.04313765811263
3e+06	3500000	2.69467952800742	2.61466730152224	-3.15982563704579
3500000	4e+06	2.70242891109555	2.56835019022013	-3.29358572306056
4e+06	4500000	2.68163521684928	2.51174393571468	-3.39116130037399
4500000	5e+06	2.62550313718991	2.43660846289289	-3.45794620322146
5e+06	5500000	2.5347323456821	2.35405411537519	-3.46759814208532
5500000	6e+06	2.44769767339341	2.2506588735514	-3.456821611503
6e+06	6500000	2.36061968754097	2.12392379704176	-3.43021196619448
6500000	7e+06	2.28224692562979	1.98489814399221	-3.40346872023618
7e+06	7500000	2.20374874418588	1.85727417436258	-3.37956269126889
7500000	8e+06	2.13489710274511	1.74514850357086	-3.35853115000834
8e+06	8500000	2.04887338843481	1.60471340946482	-3.33197266155534
8500000	9e+06	1.96871631975588	1.47419292276725	-3.30698090434027
9e+06	9500000	1.88357870319565	1.33640114735557	-3.28039711033883
9500000	1e+07	1.81741231065479	1.23001934710662	-3.25965449176059
1e+07	10500000	1.74762961813491	1.11766949657077	-3.23780010439712
10500000	1.1e+07	1.68359663376962	1.0147439225293	-3.21769971184653
1.1e+07	11500000	1.59049003657692	0.937645299246957	-3.18131106806216
11500000	1.2e+07	1.49113734509313	0.882046069694828	-3.13976599980411
1.2e+07	12500000	1.37371150455867	0.846906362546213	-3.0874164115054
12500000	1.3e+07	1.25290732964142	0.797696484758594	-3.03443059525552
1.3e+07	13500000	1.11684808880608	0.74210422131858	-2.97446687411934
13500000	1.4e+07	0.980661445701479	0.686307337788074	-2.91473571497479
1.4e+07	14500000	0.867735464474318	0.640361677206455	-2.86505620970405
14500000	1.5e+07	0.75830068846468	0.596034512371273	-2.8172695825941
1.5e+07	15500000	0.64906236844681	0.551593759278296	-2.7695630460196
15500000	1.6e+07	0.528868369411069	0.502858204382669	-2.71724238147816
1.6e+07	16500000	0.402951587539396	0.451670717281227	-2.6623965333518
16500000	1.7e+07	0.300552789303441	0.400621912646708	-2.5930556726955
1.7e+07	17500000	0.246048511722384	0.36563779540533	-2.50062908444183
17500000	1.8e+07	0.214218985675921	0.359588584464372	-2.37880526231477
1.8e+07	18500000	0.184602756161217	0.372738619159767	-2.23801884350802
18500000	1.9e+07	0.14691047553761	0.426490098136845	-2.12535067365171
1.9e+07	19500000	0.120966825679497	0.508816115642198	-2.02382493089422
19500000	2e+07	0.102508839034206	0.616306705028151	-1.94429874418972
2e+07	20500000	0.0638378497384466	0.64965780865575	-1.84644450965715
20500000	2.1e+07	0.0117042006402734	0.619054505076227	-1.74725802226559
2.1e+07	21500000	-0.0577600425647277	0.539685159129232	-1.63388468935912
21500000	2.2e+07	-0.125251161739591	0.474574699342655	-1.51818044192538
2.2e+07	22500000	-0.190393591222269	0.41507145831027	-1.40645149553094
22500000	2.3e+07	-0.255363835970889	0.353055497296401	-1.29589122543452
2.3e+07	23500000	-0.322581663616788	0.290150704343606	-1.18166625979836
23500000	2.4e+07	-0.40393948305682	0.256903489001097	-1.08008995685395
2.4e+07	24500000	-0.476138928865255	0.278041916052325	-1.03210865251215
24500000	2.5e+07	-0.572461306150619	0.354364972493098	-1.00832897172593
2.5e+07	25500000	-0.671565470985123	0.451497655694228	-0.998914429135286
25500000	2.6e+07	-0.786260856114112	0.544226201317981	-0.971849801818984
2.6e+07	26500000	-0.883524146494944	0.627049446158713	-0.952391597668182
26500000	2.7e+07	-0.97892155863716	0.708176649418655	-0.933488914981226
2.7e+07	27500000	-1.07908909617874	0.793353826013586	-0.913774670506318
27500000	2.8e+07	-1.19268790969542	0.88975884796573	-0.891250525574344
2.8e+07	28500000	-1.29783238699395	0.978856141108329	-0.870609085526556
28500000	2.9e+07	-1.35900139546081	1.08970079404468	-0.869794201258366
2.9e+07	29500000	-1.39349839573352	1.22560499789825	-0.883557787391376
29500000	3e+07	-1.41248076042518	1.37915373912142	-0.906010896786441
3e+07	30500000	-1.39859905792873	1.48294340674343	-0.93159838687051
30500000	3.1e+07	-1.32042255022002	1.54211962237178	-0.969916551288192
3.1e+07	31500000	-1.17582923288598	1.58876712633791	-1.02853572344536
31500000	3.2e+07	-1.04716537640372	1.64378234371142	-1.0817553732842
3.2e+07	32500000	-0.944571794762737	1.63456685298714	-1.13743689649565
32500000	3.3e+07	-0.860214625188	1.5544349271956	-1.19696699080833
3.3e+07	33500000	-0.774537835398698	1.43681342940221	-1.26497549284386
33500000	3.4e+07	-0.740938319364343	1.37568452994951	-1.3516154660192
3.4e+07	34500000	-0.749993052799083	1.34689324793489	-1.44922499955392
34500000	3.5e+07	-0.781945859851546	1.27399979382132	-1.70409042756627
3.5e+07	35500000	-0.785620282548905	1.20737206331496	-1.88370552155942
35500000	3.6e+07	-0.824402491322357	1.19305126514531	-2.02560541389976
3.6e+07	36500000	-0.895762868700635	1.27602445538248	-2.00011597488964
36500000	3.7e+07	-0.978508112328949	1.38312407605896	-2.04576642187306
3.7e+07	37500000	-1.0396721411305	1.48300579896999	-2.10845749908472
37500000	3.8e+07	-1.09423522946935	1.59599639684472	-2.18598745425336
3.8e+07	38500000	-1.15835816373503	1.71012753707415	-2.25189630513053
38500000	3.9e+07	-1.22896634039839	1.83732507541349	-2.32870511773817
3.9e+07	39500000	-1.27033373945266	1.96339006108514	-2.38226483870404
39500000	4e+07	-1.31438287720541	2.0919142054953	-2.40635701347992
4e+07	40500000	-1.39007682088075	2.16128200307172	-2.39440625011189
40500000	4.1e+07	-1.48401881378956	2.19330870910261	-2.41976502036321
4.1e+07	41500000	-1.59138325561826	2.20146448316107	-2.4955290827261
41500000	4.2e+07	-1.67253192598571	2.23219937165275	-2.61217150830181
4.2e+07	42500000	-1.75794351607299	2.22070147756388	-2.69156073219338
42500000	4.3e+07	-1.86005595701654	2.15337785643015	-2.77046780160722
4.3e+07	43500000	-1.95824876271828	2.05525654723066	-2.83736737111047
43500000	4.4e+07	-2.07864137063165	1.96925770006485	-2.93360051238555
4.4e+07	44500000	-2.1599456633903	1.89332474791765	-2.96876499507651
44500000	4.5e+07	-2.23456276129059	1.80342706314925	-2.96514205928721
4.5e+07	45500000	-2.30895881461992	1.68698346759575	-2.91321710359094
45500000	4.6e+07	-2.38997324410592	1.56491963443557	-2.8657626862146
4.6e+07	46500000	-2.4799709506459	1.43195866736106	-2.81896960855948
46500000	4.7e+07	-2.56019706706754	1.31224679666783	-2.77539965038329
4.7e+07	47500000	-2.64074507870774	1.19178829282861	-2.73137592261244
47500000	4.8e+07	-2.71463339805846	1.0815479268632	-2.69126202679436
4.8e+07	48500000	-2.77975628762212	0.984420042380762	-2.65586979088038
48500000	4.9e+07	-2.84154471261544	0.892185379501469	-2.62230279103308
4.9e+07	49500000	-2.91394846760146	0.784151228987625	-2.5827514384281
49500000	5e+07	-2.99151791585469	0.668288104177137	-2.54028726364964
5e+07	50500000	-3.0675996352551	0.554885216401716	-2.4985238949427
50500000	5.1e+07	-3.14550240152604	0.438954825164672	-2.45565678068372
5.1e+07	51500000	-3.22486429130861	0.321625082105302	-2.41192584380355
51500000	5.2e+07	-3.30817444742787	0.198488512543298	-2.36612464777772
5.2e+07	52500000	-3.40306686834898	0.0587312399040436	-2.31396540545096
52500000	5.3e+07	-3.49616009773384	-0.0785139713657468	-2.26277422527266
5.3e+07	53500000	-3.52545866527852	-0.233760777811942	-2.21913091299288
53500000	5.4e+07	-3.48566954344793	-0.360433783869121	-2.19565860719692
5.4e+07	54500000	-3.39827283914581	-0.496299139980668	-2.17893621936738
54500000	5.5e+07	-3.33531246057195	-0.615388768806642	-2.16160311254619
5.5e+07	55500000	-3.2673989742394	-0.744061731763377	-2.14276529442655
55500000	5.6e+07	-3.17324793113056	-0.920813948565363	-2.11710801213296
5.6e+07	56500000	-3.0760372327011	-1.10330101073703	-2.09070035579454
56500000	5.7e+07	-2.97213690990203	-1.26799102755532	-2.03076635783252
5.7e+07	57500000	-2.89366805120097	-1.36838280104521	-1.96040905893745
57500000	5.8e+07	-2.81518908524756	-1.48510461541851	-1.90430178416338
5.8e+07	58500000	-2.73354417139644	-1.60682982392576	-1.88126398964566
58500000	5.9e+07	-2.68829740062367	-1.72401272498754	-1.84411982176384
5.9e+07	59500000	-2.67760606540607	-1.75316222499023	-1.7664623216216
59500000	6e+07	-2.72745900798016	-1.70993770487977	-1.60939771318511
6e+07	60500000	-2.77337193445678	-1.63187787100285	-1.4525120013829
60500000	6.1e+07	-2.81398713280306	-1.57750031969331	-1.25919100704433
6.1e+07	61500000	-2.84541548555763	-1.53696302506445	-1.0926403483229
61500000	6.2e+07	-2.87766899058018	-1.49389222923659	-0.929788895609396
6.2e+07	62500000	-2.91382185633234	-1.44181997928229	-0.786178248037062
62500000	6.3e+07	-2.94556440472587	-1.3958747210087	-0.662865231357975
6.3e+07	63500000	-2.97846676740047	-1.34831412212169	-0.533888151437893
63500000	6.4e+07	-2.98817115602349	-1.34871425550977	-0.41186218123006
6.4e+07	64500000	-2.98452304426986	-1.37841592136072	-0.289033348747341
64500000	6.5e+07	-2.96488138713584	-1.44776826427732	-0.137374228102076
6.5e+07	65500000	-2.95312914097324	-1.49904147648506	0.00381918406882341
65500000	6.6e+07	-2.93983736104363	-1.55557580492913	0.155612185333386
6.6e+07	66500000	-2.92903363381755	-1.6004178144717	0.273611567136126
66500000	6.7e+07	-2.91611036691371	-1.65460449917176	0.416116571918044
6.7e+07	67500000	-2.90346371839017	-1.70787645001543	0.557412404349748
67500000	6.8e+07	-2.89075453416145	-1.7617915721115	0.700541502225335
6.8e+07	68500000	-2.90611444863098	-1.83628154574243	0.811684377035252
68500000	6.9e+07	-2.94131717545817	-1.93116970263165	0.911533688668943
6.9e+07	69500000	-2.994678093273	-2.04824404349703	1.00712793047041
69500000	7e+07	-3.04474298516005	-2.16892887942645	1.11946441416698
7e+07	70500000	-3.09566030058689	-2.28767110353788	1.22604069081671
70500000	7.1e+07	-3.11104727511436	-2.38459845907614	1.34195954552811
7.1e+07	71500000	-3.06537938646915	-2.45135407014418	1.39866633287266
71500000	7.2e+07	-2.97221917125869	-2.46850057311696	1.38066053711015
7.2e+07	72500000	-2.83577737896217	-2.48282488092571	1.29286948475277
72500000	7.3e+07	-2.6935417541238	-2.48677868520325	1.19818672196683
7.3e+07	73500000	-2.54450039921789	-2.50670216168308	1.12400182002263
73500000	7.4e+07	-2.42368776887738	-2.49346490821042	1.07668518759997
7.4e+07	74500000	-2.30974448618689	-2.44288817999482	1.06050692669303
74500000	7.5e+07	-2.19135083157405	-2.351374080926	1.073499194791
7.5e+07	75500000	-2.0727405473684	-2.25325410598902	1.0923796091442
75500000	7.6e+07	-1.94178875297929	-2.14520927802207	1.1126677957942
7.6e+07	76500000	-1.81859934138664	-2.04614085784533	1.12994227163344
76500000	7.7e+07	-1.75495269505504	-1.93687835889572	1.14321905596811
7.7e+07	77500000	-1.74870495872516	-1.82090884047218	1.15208064083657
77500000	7.8e+07	-1.78130940085976	-1.68864194904049	1.1586340272457
7.8e+07	78500000	-1.79472777868588	-1.55623062833086	1.16680031990121
78500000	7.9e+07	-1.75641684123407	-1.43960220438441	1.17028831645749
7.9e+07	79500000	-1.67156895396083	-1.31094389795776	1.17058939546754
79500000	8e+07	-1.5546922327576	-1.18352725081876	1.16847541656616
8e+07	80500000	-1.45415440245081	-1.04846652577515	1.16787344500474
80500000	8.1e+07	-1.35752502510692	-0.969598810646708	1.18670400878838
8.1e+07	81500000	-1.25875313336511	-0.959120923217803	1.19088335490165
81500000	8.2e+07	-1.17776311283041	-1.02049778773465	1.22538842664879
8.2e+07	82500000	-1.10711889777263	-1.12738173169677	1.2707377043395
82500000	8.3e+07	-1.03120082187494	-1.25622906471763	1.36466408238756
8.3e+07	83500000	-0.951332787404682	-1.3805613571187	1.4452399352593
83500000	8.4e+07	-0.866324844338525	-1.51051992387028	1.53013793036248
8.4e+07	84500000	-0.789444528911235	-1.61105524119266	1.60967195235884
84500000	8.5e+07	-0.693228893383113	-1.66894830604645	1.70343184856177
8.5e+07	85500000	-0.634637375221835	-1.62827419435619	1.75522348822958
85500000	8.6e+07	-0.568995244146283	-1.50547834974595	1.80533764304493
8.6e+07	86500000	-0.553444365165018	-1.3576836021026	1.82160958812534
86500000	8.7e+07	-0.540035658068537	-1.2137433225942	1.84626115997682
8.7e+07	87500000	-0.563433134190929	-1.0765160740954	1.84730570908162
87500000	8.8e+07	-0.538998659931805	-0.996995994558641	1.88369452222527
8.8e+07	88500000	-0.47681956907502	-0.959667732783981	1.95387307244179
88500000	8.9e+07	-0.37162454129418	-0.966292474287688	2.06521168627887
8.9e+07	89500000	-0.268384783382802	-0.950308960635181	2.17927285545248
89500000	9e+07	-0.173608728220652	-0.930643146000919	2.28454929215905
9e+07	90500000	-0.0995716830297914	-0.966799308194296	2.36530505068511
90500000	9.1e+07	-0.0403219822756302	-1.02934918740456	2.42912241530191
9.1e+07	91500000	0.0183023835137778	-1.12943543062637	2.49097084937812
91500000	9.2e+07	0.102576839051353	-1.18626258181367	2.56918446314059
9.2e+07	92500000	0.197757542359148	-1.23667857551759	2.65362048477836
92500000	9.3e+07	0.302987435090176	-1.27465111563367	2.74362796449168
9.3e+07	93500000	0.398631812572609	-1.32930998150464	2.82958267437156
93500000	9.4e+07	0.493907856726462	-1.38608310218469	2.91604710340929
9.4e+07	94500000	0.605488462812301	-1.45111410765849	3.00963353234932
94500000	9.5e+07	0.712956023292649	-1.51299714376985	3.09676206389403
9.5e+07	95500000	0.831896443865457	-1.54221551228933	3.16705292283017
95500000	9.6e+07	0.910237596972826	-1.50113956133518	3.1826926027985
9.6e+07	96500000	0.991220812999841	-1.40131864483232	3.16741165742698
96500000	9.7e+07	1.06825059436423	-1.27568547592275	3.13817699227425
9.7e+07	97500000	1.11707834469547	-1.15941173488763	3.10736402879923
97500000	9.8e+07	1.12395616532563	-1.03644776036049	3.06000503311244
9.8e+07	98500000	1.09976241443344	-0.909588334321296	3.00077542619123
98500000	9.9e+07	1.09361225461932	-0.768483702254336	2.94173199062146
9.9e+07	99500000	1.09325121373206	-0.623911840583432	2.88327278010867
99500000	1e+08	1.08753008176617	-0.486589041623419	2.82621718675643
1e+08	100500000	1.11435687305917	-0.39181732804921	2.76901220386677
100500000	1.01e+08	1.16507962294911	-0.332108157937418	2.71334032314775
1.01e+08	101500000	1.26109046947697	-0.284762454384967	2.63646342232327
101500000	1.02e+08	1.36574029145247	-0.217622440541144	2.54583322262787
1.02e+08	102500000	1.46831604052974	-0.15425473731603	2.45813545666572
102500000	1.03e+08	1.58562548975453	-0.0949140109659877	2.40018952376436
1.03e+08	103500000	1.70769913477044	-0.0415274692494257	2.36507020931092
103500000	1.04e+08	1.84202637812126	-0.0231864723476115	2.37735164776096
1.04e+08	104500000	1.95105308356799	-0.0365032155344161	2.41358217275847
104500000	1.05e+08	2.07397338198294	-0.0457600846738015	2.45066687626258
1.05e+08	105500000	2.21649832397465	-0.0287161793677788	2.46503569224583
105500000	1.06e+08	2.36673720135626	0.00186987793724367	2.46762926688697
1.06e+08	106500000	2.50043129381475	0.0144785664424371	2.4842764332571
106500000	1.07e+08	2.61664223682128	0.0285832371639835	2.45691088919343
1.07e+08	107500000	2.7301137530471	0.0428630660496173	2.4015862733862
107500000	1.08e+08	2.8460733743706	0.0580775545777912	2.3166037991294
1.08e+08	108500000	2.95714231247342	0.072368066269236	2.24995853770389
108500000	1.09e+08	3.06554371321155	0.0865637657753459	2.18473582341147
1.09e+08	109500000	3.17041087400078	0.100455760051902	2.12032756979601
109500000	1.1e+08	3.2758699115295	0.114463633922659	2.05543276783429
1.1e+08	110500000	3.40682963480453	0.131727101301951	1.97521964038897
110500000	1.11e+08	3.53419305171899	0.148627517269729	1.89724025673604
1.11e+08	111500000	3.67857100555013	0.167753220650047	1.80886285243048
111500000	1.12e+08	3.80630203575929	0.184696606118475	1.73058170244523
1.12e+08	112500000	3.94968525710212	0.203691318541463	1.64244635745844
112500000	1.13e+08	4.08077210043948	0.221236165791069	1.56194968384702
1.13e+08	113500000	4.1647986250359	0.197216597124421	1.53861571601809
113500000	1.14e+08	4.24098001570609	0.112467710200642	1.56865424354287
1.14e+08	114500000	4.29014088400607	0.00978286218938024	1.6511306162885
114500000	1.15e+08	4.34465558509227	-0.0692602487856888	1.75626938857589
1.15e+08	115500000	4.35811917730097	-0.105643118187642	1.88411830552714
115500000	1.16e+08	4.37008493793065	-0.144494574798143	2.03290474340481
1.16e+08	116500000	4.35445898512155	-0.137240782386393	2.15893395420186
116500000	1.17e+08	4.29583760298556	-0.106017125110146	2.24416290422714
1.17e+08	117500000	4.17299173491944	-0.0650077277263787	2.30362653390521
117500000	1.18e+08	4.01950241240138	-0.0560242463912664	2.35933893673127
1.18e+08	118500000	3.86239281463611	-0.0581562765826128	2.43146409923006
118500000	1.19e+08	3.73155172194943	-0.0536878416600917	2.49110157285804
1.19e+08	119500000	3.62225201330005	-0.0504928662463122	2.53979867105277
119500000	1.2e+08	3.52048144332621	-0.04827592194762	2.58509512103797
1.2e+08	120500000	3.40960648615403	-0.0459413775031828	2.6346983036209
120500000	1.21e+08	3.29752775015993	-0.0435493112091237	2.6847974177631
1.21e+08	121500000	3.18733641999863	-0.0411894778568209	2.73407481476142
121500000	1.22e+08	3.06940250392904	-0.0386293958505444	2.78674872796778
1.22e+08	122500000	2.95961517885535	-0.0362129275587855	2.83573698504633
122500000	1.23e+08	2.79539609485714	-0.0324015759668087	2.90899539394583
1.23e+08	123500000	2.6277449940864	-0.0283517332395799	2.98380211428903
123500000	1.24e+08	2.43960937033715	-0.0242738396807445	3.06754881366322
1.24e+08	124500000	2.32941159424031	-0.061189723841463	3.104920434392
124500000	1.25e+08	2.28428127283211	-0.119509379340367	3.1528100655558
1.25e+08	125500000	2.29290655105021	-0.142737027871476	3.21581532217677
125500000	1.26e+08	2.35113025264881	-0.105569959705397	3.3133301480716
1.26e+08	126500000	2.43938541632777	-0.0276512688176545	3.42941817913673
126500000	1.27e+08	2.50703245136567	0.0520180942141044	3.49199871256733
1.27e+08	127500000	2.55052126534722	0.102721559371119	3.49226385220527
127500000	1.28e+08	2.52089674114221	0.156646947073241	3.40160604813607
1.28e+08	128500000	2.49294474819186	0.205956530114649	3.29057846006176
128500000	1.29e+08	2.43789047784627	0.286161988938772	3.18205531130861
1.29e+08	129500000	2.40173873250143	0.363932349305118	3.08173220495925
129500000	1.3e+08	2.3635872533786	0.435946538700494	2.98195657498541
1.3e+08	130500000	2.3268478148882	0.505013340098506	2.88626076103966
130500000	1.31e+08	2.28542461545611	0.583161387373463	2.77898455329309
1.31e+08	131500000	2.26662298186082	0.618929642685992	2.7299777233798
