0	5e+05	1.90895400519051	-0.576997846626252	-1.25508454378516
5e+05	1e+06	1.87686903909013	-0.549756740495724	-1.19071628935224
1e+06	1500000	1.81704793290333	-0.498658589864578	-1.07045856273767
1500000	2e+06	1.75343816421621	-0.444224456886428	-0.941906692488777
2e+06	2500000	1.6950763817414	-0.394059456722361	-0.823775605436971
2500000	3e+06	1.63643894816137	-0.343968739636848	-0.705396436016853
3e+06	3500000	1.5771827375514	-0.293229699467106	-0.585776030605924
3500000	4e+06	1.52599594204592	-0.215173621412758	-0.520322649147602
4e+06	4500000	1.5169468966506	-0.114714479281939	-0.487327970254153
4500000	5e+06	1.54360567296908	0.0289867721599134	-0.477454497548344
5e+06	5500000	1.59425765333658	0.17844093526141	-0.445643843250924
5500000	6e+06	1.63881632262581	0.342604978154261	-0.414997562850138
6e+06	6500000	1.67644674528761	0.492510482285557	-0.387804458729243
6500000	7e+06	1.72156289436573	0.665537641501384	-0.356265991821211
7e+06	7500000	1.76295106632124	0.824461748230666	-0.327155032243552
7500000	8e+06	1.81283287702825	0.949637082267259	-0.269769219342229
8e+06	8500000	1.87981724531236	1.03973667896467	-0.167035063999289
8500000	9e+06	1.96984069860237	1.08157917250067	-0.0521483247841755
9e+06	9500000	2.05581972267284	1.14480962520981	0.0630286481478093
9500000	1e+07	2.12296083104387	1.18746792080563	0.147345451033782
1e+07	10500000	2.18441893493108	1.26635938352278	0.255993868189538
10500000	1.1e+07	2.29320578084529	1.31694104383076	0.366722742548973
1.1e+07	11500000	2.41928298578848	1.35541925575011	0.475019289368307
11500000	1.2e+07	2.54768008339218	1.36957760699616	0.561267640758056
1.2e+07	12500000	2.65980109853694	1.38985385741184	0.644235351605689
12500000	1.3e+07	2.78660916483034	1.41384140002323	0.73904905380119
1.3e+07	13500000	2.92823147394135	1.44137165542236	0.845965623351495
13500000	1.4e+07	3.06291374467965	1.46755721278504	0.947687763900599
1.4e+07	14500000	3.18140265210144	1.49049152456173	1.03692521520587
14500000	1.5e+07	3.26116133700975	1.53732791809464	1.11806558552083
1.5e+07	15500000	3.32518597937261	1.61485344922067	1.21011056447726
15500000	1.6e+07	3.37657792778958	1.71529421147494	1.31024804546884
1.6e+07	16500000	3.38668133559484	1.75664814837138	1.40688697212786
16500000	1.7e+07	3.35731972066071	1.7746861047477	1.51445003954704
1.7e+07	17500000	3.28823630527387	1.78057405000401	1.66122693401484
17500000	1.8e+07	3.23842446411098	1.82251453405381	1.83361385922101
1.8e+07	18500000	3.18625656744549	1.85806402200809	2.0054622389223
18500000	1.9e+07	3.13624135276161	1.88589358711998	2.15711548264662
1.9e+07	19500000	3.08716275068325	1.86941920912089	2.2929413411929
19500000	2e+07	3.02063890819437	1.83369198976471	2.34380448525253
2e+07	20500000	2.89704814317842	1.74829873862481	2.33578669982017
20500000	2.1e+07	2.75004887323003	1.67662815387291	2.29134186116518
2.1e+07	21500000	2.58895941042191	1.58801474126312	2.27332832832545
21500000	2.2e+07	2.47253720176751	1.53569655409186	2.24882295556358
2.2e+07	22500000	2.32426754576513	1.48220630311788	2.2071072158765
22500000	2.3e+07	2.17944562988309	1.44174601194569	2.15819512433353
2.3e+07	23500000	2.03212288191276	1.39555824288994	2.11383258792211
23500000	2.4e+07	1.91042728969462	1.35834517505753	2.07796867091981
2.4e+07	24500000	1.78762155855191	1.321475211005	2.04260603036836
24500000	2.5e+07	1.66002200616232	1.28284234960412	2.00533565641659
2.5e+07	25500000	1.51882831450324	1.23982654959269	1.96410511209203
25500000	2.6e+07	1.39767936707398	1.23515261586634	1.90947374786099
2.6e+07	26500000	1.27071989407046	1.260577512861	1.83401748937109
26500000	2.7e+07	1.15362956980013	1.32249812787494	1.74125558796
2.7e+07	27500000	1.03137937595972	1.37291490119282	1.65256379850423
27500000	2.8e+07	0.89876240381762	1.42695182995123	1.55669501940996
2.8e+07	28500000	0.768393506617218	1.48133747221614	1.46153487375438
28500000	2.9e+07	0.662742537024364	1.56489985231078	1.3791156353835
2.9e+07	29500000	0.622123272662342	1.69501394337898	1.33324360130506
29500000	3e+07	0.620689761185124	1.83944248280282	1.31321421753203
3e+07	30500000	0.626418907222393	2.00508775026579	1.29531221767438
30500000	3.1e+07	0.619629649555142	2.14528800448158	1.2737725261843
3.1e+07	31500000	0.61878108950821	2.32325289312709	1.25027596849586
31500000	3.2e+07	0.636668940854895	2.46323177756071	1.22577285811298
3.2e+07	32500000	0.646752824605815	2.55484731407173	1.15380852549688
32500000	3.3e+07	0.657119860403734	2.5871810073847	1.0420073267967
3.3e+07	33500000	0.6495765788911	2.60855207835797	0.89192315119666
33500000	3.4e+07	0.650837862668034	2.65374318877633	0.719505400201653
3.4e+07	34500000	0.652716574263319	2.70308780639033	0.532150748313632
34500000	3.5e+07	0.654418055694875	2.75626030594771	0.319053875175961
3.5e+07	35500000	0.655957220490415	2.80503107785981	0.124940173539245
35500000	3.6e+07	0.641797036869921	2.79306544788808	-0.0352497579423889
3.6e+07	36500000	0.672931819474848	2.73159110278954	-0.124221380467506
36500000	3.7e+07	0.697515326171958	2.60162214892235	-0.13044983199465
3.7e+07	37500000	0.780200488230399	2.50856542730271	-0.0655806352589943
37500000	3.8e+07	0.805762380237772	2.46430785665496	0.0550245059444739
3.8e+07	38500000	0.786133847857716	2.45856206202476	0.17182016189314
38500000	3.9e+07	0.696847325509276	2.41991353280397	0.301289112521678
3.9e+07	39500000	0.593233724950798	2.33791910544288	0.420681193682717
39500000	4e+07	0.500262707303621	2.24843963144827	0.536134242380729
4e+07	40500000	0.419671723088455	2.19577466812729	0.552166153441286
40500000	4.1e+07	0.307946082139492	2.13603573919057	0.485367294548047
4.1e+07	41500000	0.200488684078447	2.08500792548261	0.379356168293584
41500000	4.2e+07	0.106717906515315	2.02144164710569	0.253581121292483
4.2e+07	42500000	0.0609162062798156	1.97651741139708	0.11748406661412
42500000	4.3e+07	0.0289053225293699	1.96838706817956	-0.0459222307821311
4.3e+07	43500000	-0.0328786742296334	1.9915591226907	-0.218409214305316
43500000	4.4e+07	-0.10496104921864	2.03917447083265	-0.390665656642118
4.4e+07	44500000	-0.174536815646922	2.10260570629755	-0.551797053769192
44500000	4.5e+07	-0.246258671626992	2.19119753280586	-0.637102525518475
4.5e+07	45500000	-0.359678330451113	2.26061099882849	-0.666631092490293
45500000	4.6e+07	-0.513491925763927	2.27438461637123	-0.64323547667964
4.6e+07	46500000	-0.679395704305513	2.24505198388697	-0.637073580606457
46500000	4.7e+07	-0.786594482158808	2.1733901128647	-0.66081306249763
4.7e+07	47500000	-0.866550430502138	2.07127643155106	-0.723637431566429
47500000	4.8e+07	-0.867620655326725	1.96230322800292	-0.806741384412119
4.8e+07	48500000	-0.816041637280004	1.90032337215247	-0.863782114016926
48500000	4.9e+07	-0.655194633214536	1.85243438678045	-0.926166928583736
4.9e+07	49500000	-0.477595537155497	1.79365168245756	-0.97151329803618
49500000	5e+07	-0.300104464542265	1.72226769458209	-1.03619050066522
5e+07	50500000	-0.1746032821611	1.65745318602776	-1.03213807998061
50500000	5.1e+07	-0.0538637753302558	1.57494606319198	-0.981099266213563
5.1e+07	51500000	0.0538887194442342	1.4783854528304	-0.890317562306002
51500000	5.2e+07	0.136673644346647	1.36783471385349	-0.797021194453112
5.2e+07	52500000	0.18796318580473	1.25083870986584	-0.687756368096759
52500000	5.3e+07	0.21475169517716	1.13293975740297	-0.571592191272832
5.3e+07	53500000	0.208100362591675	1.04036309711571	-0.459261721399529
53500000	5.4e+07	0.182085925129939	1.00465786417184	-0.32229859909952
5.4e+07	54500000	0.132549402723664	1.00060010068809	-0.158740899396779
54500000	5.5e+07	0.0795388395749413	0.991797734031963	-0.0014856198942875
5.5e+07	55500000	0.00451518965912988	0.958550836471695	0.121825631798892
55500000	5.6e+07	-0.0220749726476494	0.903779420285916	0.232546592342574
5.6e+07	56500000	-0.00769423545122136	0.821168144580042	0.296312881878836
56500000	5.7e+07	0.0389727269298271	0.693071855199153	0.332896077572266
5.7e+07	57500000	0.0594079248353118	0.529954510903782	0.342439912395908
57500000	5.8e+07	0.0739824075729086	0.390937161632504	0.324361520570789
5.8e+07	58500000	0.0786915303105633	0.249853398012361	0.238646953925579
58500000	5.9e+07	0.070466792207514	0.135620442091531	0.109419583962822
5.9e+07	59500000	0.0637690569115895	0.0037072340761083	-0.0143333157914926
59500000	6e+07	0.0605343516792021	-0.10128469737944	-0.106635168256782
6e+07	60500000	0.0419686471286082	-0.213586112755159	-0.144779991742897
60500000	6.1e+07	0.00821828824229164	-0.346846485216734	-0.143683078270155
6.1e+07	61500000	-0.0376137811454935	-0.495798651724449	-0.10928097640469
61500000	6.2e+07	-0.0822792482358449	-0.639610688705249	-0.0752499261890996
6.2e+07	62500000	-0.173132040426586	-0.758301094875295	-0.0503274924418481
62500000	6.3e+07	-0.289780595109046	-0.862325925444346	-0.0253458137621744
6.3e+07	63500000	-0.430638022387466	-0.94778420657818	0.0073386497831284
63500000	6.4e+07	-0.561063546481005	-1.03114157083291	0.0684591260589832
6.4e+07	64500000	-0.684085932646242	-1.12929556988165	0.12670040378917
64500000	6.5e+07	-0.78319658112456	-1.26133919260581	0.182362478997864
6.5e+07	65500000	-0.860135301684147	-1.38415785967474	0.235349947613284
65500000	6.6e+07	-0.950090696043046	-1.41764928675434	0.290796079476382
6.6e+07	66500000	-1.10219269301276	-1.37935626413051	0.334977098974722
66500000	6.7e+07	-1.24475497925548	-1.31755913909151	0.31992828622644
6.7e+07	67500000	-1.42201352814945	-1.27315560266158	0.278133952784954
67500000	6.8e+07	-1.56614865035824	-1.22010413895092	0.2019052806985
6.8e+07	68500000	-1.72883131448506	-1.15499080710988	0.11866104263394
68500000	6.9e+07	-1.86527362502989	-1.1251594474074	0.0400631006468687
6.9e+07	69500000	-2.01851560321632	-1.10812012329562	-0.0375546083143972
69500000	7e+07	-2.17751891960433	-1.06954162010109	-0.0542987753624653
7e+07	70500000	-2.29494352204753	-1.0434579113156	-0.0126287234328812
70500000	7.1e+07	-2.35627794393123	-1.08309900079557	0.0845833832081595
7.1e+07	71500000	-2.39981074390582	-1.20392912858958	0.171257230092356
71500000	7.2e+07	-2.4036098889718	-1.34478338221175	0.209843680085067
7.2e+07	72500000	-2.34039060948663	-1.46050358506472	0.235927795749967
72500000	7.3e+07	-2.20475181847001	-1.5639604056866	0.2798585212162
7.3e+07	73500000	-2.05099019206342	-1.6611972824677	0.352271235152383
73500000	7.4e+07	-1.90970488600305	-1.77795665023721	0.415745566022272
7.4e+07	74500000	-1.77593448285377	-1.88273685917779	0.479595079995907
74500000	7.5e+07	-1.67542675895035	-1.98904299466701	0.487308761542636
7.5e+07	75500000	-1.66682146555503	-2.07864415383153	0.45380168006999
75500000	7.6e+07	-1.73287203839775	-2.17509490788119	0.361122223247619
7.6e+07	76500000	-1.84455453995092	-2.27176040252036	0.268061784308274
76500000	7.7e+07	-1.94473419274334	-2.35966964858766	0.172103773676851
7.7e+07	77500000	-2.05442682629988	-2.43685748339633	0.0799009329046759
77500000	7.8e+07	-2.17781963093596	-2.49493904610642	-0.00911938514313836
7.8e+07	78500000	-2.26583165192474	-2.5650209933023	-0.139014594652231
78500000	7.9e+07	-2.31336704197255	-2.63195564671529	-0.277325547339307
7.9e+07	79500000	-2.32351581362481	-2.70657401850516	-0.446929546153622
79500000	8e+07	-2.34247597924004	-2.77184797917646	-0.592395791531921
8e+07	80500000	-2.36070871726485	-2.84345158748036	-0.753918679043495
80500000	8.1e+07	-2.37393417083402	-2.90240505421149	-0.887962077878959
8.1e+07	81500000	-2.38740221621991	-2.96491200726906	-1.03055850286751
81500000	8.2e+07	-2.3999397972078	-3.04317586308712	-1.12010267660596
8.2e+07	82500000	-2.41543916747904	-3.15804312738789	-1.20558318208856
82500000	8.3e+07	-2.43239878301771	-3.30021323948717	-1.2729985597166
8.3e+07	83500000	-2.44621810465002	-3.45422587526741	-1.32554720827116
83500000	8.4e+07	-2.45298622195362	-3.60527892093941	-1.32838025599845
8.4e+07	84500000	-2.45483443495001	-3.79606482450476	-1.28578201005464
84500000	8.5e+07	-2.4560981550273	-3.97490298715405	-1.24545189558135
8.5e+07	85500000	-2.43704922769042	-4.13889283604151	-1.25182994802272
85500000	8.6e+07	-2.3638815013421	-4.21706051493811	-1.27611318501242
8.6e+07	86500000	-2.25257289031699	-4.22352605903895	-1.30692341554749
86500000	8.7e+07	-2.15067893127769	-4.22401868125356	-1.35944286431853
8.7e+07	87500000	-2.11931264758661	-4.20491948712415	-1.45444305255915
87500000	8.8e+07	-2.12508284973676	-4.17190945765974	-1.54736483434701
8.8e+07	88500000	-2.11870585772302	-4.06502595467776	-1.6317786728475
88500000	8.9e+07	-2.07960405055592	-3.93147314616664	-1.71004998182021
8.9e+07	89500000	-2.02876715632885	-3.79470501316325	-1.82170266151246
89500000	9e+07	-1.98869844188647	-3.6610021299812	-1.91906747670041
9e+07	90500000	-1.95403703049103	-3.54456763102556	-2.0337878781426
90500000	9.1e+07	-1.9244198256983	-3.45417126115176	-2.15226675874215
9.1e+07	91500000	-1.94806886485676	-3.38096778396789	-2.23531193380941
91500000	9.2e+07	-2.01994154178204	-3.29399408132282	-2.27968317750571
9.2e+07	92500000	-2.13184446388906	-3.19344974736197	-2.30556275532849
92500000	9.3e+07	-2.24444971342859	-3.07254459178462	-2.35797793998628
9.3e+07	93500000	-2.34773710515809	-2.96048101280979	-2.40794893800682
93500000	9.4e+07	-2.43722497051377	-2.91304869704939	-2.38787541302094
9.4e+07	94500000	-2.5186899068769	-2.91581641881719	-2.31156506641312
94500000	9.5e+07	-2.59856320441332	-2.95503073863158	-2.19029649814545
9.5e+07	95500000	-2.68831544098999	-2.97051248436486	-2.09065464357191
95500000	9.6e+07	-2.76694230468433	-2.9875697897766	-1.99854543337669
9.6e+07	96500000	-2.80681766543956	-2.99670037196393	-1.95132970701654
