0	5e+05	3.2404487144748	-1.71389007691171	1.64313516622698
5e+05	1e+06	3.24312779386933	-1.71553944145945	1.67295066863982
1e+06	1500000	3.24381903709054	-1.69322565545265	1.71249490998626
1500000	2e+06	3.22326732793823	-1.65490887480963	1.75551808580458
2e+06	2500000	3.20341088459662	-1.59016826822628	1.76940795013785
2500000	3e+06	3.18649674195757	-1.52514453198258	1.78230480770584
3e+06	3500000	3.15730127757497	-1.47719493232335	1.77166667202919
3500000	4e+06	3.09099805829733	-1.47025657338155	1.76430482371943
4e+06	4500000	3.01005633127153	-1.49712958106257	1.75566152495733
4500000	5e+06	2.9355671646167	-1.51083973328397	1.74468175630244
5e+06	5500000	2.90858101330949	-1.49698620105881	1.71597274659544
5500000	6e+06	2.90967781735994	-1.45518337826101	1.66861000133934
6e+06	6500000	2.93947345616757	-1.42480676020472	1.63625710835411
6500000	7e+06	2.99199735766681	-1.37611673166638	1.6153025485942
7e+06	7500000	3.05692083564375	-1.32632836495981	1.60777449224979
7500000	8e+06	3.12058672574986	-1.26990436615906	1.58789058380194
8e+06	8500000	3.14630128985057	-1.23391142725079	1.56693962583109
8500000	9e+06	3.1341505924666	-1.20156771251187	1.52855644278611
9e+06	9500000	3.10032039671036	-1.16529817957563	1.47325593827856
9500000	1e+07	3.06630000932583	-1.12551321963279	1.41470474170257
1e+07	10500000	3.04277295125072	-1.09086504087181	1.36712627856601
10500000	1.1e+07	3.0163043418016	-1.05527492270422	1.31724319427884
1.1e+07	11500000	2.9899142720207	-1.02024147269123	1.26800357087031
11500000	1.2e+07	2.95774210368417	-0.977423131568439	1.20795791741236
1.2e+07	12500000	2.94572185314894	-0.950955818987899	1.15330357939239
12500000	1.3e+07	2.93947242244607	-0.924531963099884	1.08496044706478
1.3e+07	13500000	2.94477848149564	-0.906992527178823	1.01771052076225
13500000	1.4e+07	2.95596977997312	-0.897510919466488	0.962485953337657
1.4e+07	14500000	2.98755628720918	-0.898637502715227	0.939473962023687
14500000	1.5e+07	3.0426189884689	-0.905337483998801	0.953226307815448
1.5e+07	15500000	3.10538529568421	-0.902692978200369	0.982088792877767
15500000	1.6e+07	3.17608874234336	-0.899819745485716	1.01867567221347
1.6e+07	16500000	3.23259214111841	-0.885572305647961	1.05932522035955
16500000	1.7e+07	3.28572087030121	-0.861675097067054	1.10859557853766
1.7e+07	17500000	3.32800190693948	-0.825776352627959	1.16599646089494
17500000	1.8e+07	3.36910785176767	-0.799571860068699	1.22514704173945
1.8e+07	18500000	3.40200530190558	-0.778109795041184	1.29696508855914
18500000	1.9e+07	3.42661492862086	-0.764996690858006	1.37089010740396
1.9e+07	19500000	3.46027196683672	-0.743312795723801	1.41435251514471
19500000	2e+07	3.50711427969739	-0.709823024844958	1.42682418146697
2e+07	20500000	3.5689619866711	-0.663950591709896	1.41949728347398
20500000	2.1e+07	3.63406294841971	-0.616565011749862	1.42480299406656
2.1e+07	21500000	3.69981595009844	-0.568994012724661	1.43280195632534
21500000	2.2e+07	3.76253633704653	-0.523697061721493	1.44123770007156
2.2e+07	22500000	3.82124481406112	-0.492176043803748	1.469390051759
22500000	2.3e+07	3.86096316247597	-0.488279297374235	1.51997043042858
2.3e+07	23500000	3.89078720840766	-0.504526936723674	1.59299497246858
23500000	2.4e+07	3.92081385158042	-0.530144771794609	1.68323192344763
2.4e+07	24500000	3.95316080460321	-0.550294452995374	1.76709409074536
24500000	2.5e+07	3.98188353317995	-0.567772264617388	1.84084883837331
2.5e+07	25500000	4.00209922288884	-0.580649700058123	1.89385212244945
25500000	2.6e+07	4.02345041690407	-0.594342758113319	1.9501085330385
2.6e+07	26500000	4.04617157157207	-0.609001088261737	2.0098952079778
26500000	2.7e+07	4.0703147049698	-0.624758031324858	2.07353471095615
2.7e+07	27500000	4.09225286785943	-0.639098790216896	2.13115699183661
27500000	2.8e+07	4.11782657299551	-0.655549267026255	2.19814731520021
2.8e+07	28500000	4.12613813935026	-0.653104243715658	2.25022130978084
28500000	2.9e+07	4.12214219954399	-0.632417999658579	2.31082474042498
2.9e+07	29500000	4.10423367992511	-0.594771125778475	2.36676430754033
29500000	3e+07	4.08380395804659	-0.554434804481819	2.42201521465795
3e+07	30500000	4.06003401343595	-0.514267641533438	2.46112665605359
30500000	3.1e+07	4.04144403751103	-0.479513941698784	2.50333889418755
3.1e+07	31500000	4.01730469106909	-0.458844448777994	2.54908370122973
31500000	3.2e+07	3.97949903227385	-0.443454407620744	2.60676230307756
3.2e+07	32500000	3.92467723700061	-0.427427260388712	2.65320207263075
32500000	3.3e+07	3.86580672074696	-0.405982814087804	2.71099163192797
3.3e+07	33500000	3.82493420861708	-0.373893335694806	2.74578616992438
33500000	3.4e+07	3.77626859541778	-0.32085779825451	2.78199921411434
3.4e+07	34500000	3.73579450362069	-0.259752437727969	2.80551562485602
34500000	3.5e+07	3.69061032479275	-0.207803933313212	2.81426073224897
3.5e+07	35500000	3.65476083037834	-0.198588166381854	2.79263665027621
35500000	3.6e+07	3.60810429358137	-0.210865824951221	2.74731403634754
3.6e+07	36500000	3.56020372694616	-0.245926362560189	2.70686161950936
36500000	3.7e+07	3.4984249717667	-0.284458452315043	2.65573909885571
3.7e+07	37500000	3.44022750694697	-0.33164919950991	2.60163226916882
37500000	3.8e+07	3.38327173620385	-0.373232455794645	2.55069636712529
3.8e+07	38500000	3.3411705978721	-0.404581578858719	2.51299057782074
38500000	3.9e+07	3.30120385055017	-0.434724960727855	2.47708380386258
3.9e+07	39500000	3.25225176213484	-0.471991127067057	2.43295588855562
39500000	4e+07	3.19002663623127	-0.519431491358818	2.37700103078308
4e+07	40500000	3.13261518823301	-0.563314704149003	2.32522639723213
40500000	4.1e+07	3.07663686515068	-0.605886957411008	2.27499906610577
4.1e+07	41500000	3.02749081662638	-0.614794753616725	2.24936616034105
41500000	4.2e+07	2.96425718452535	-0.596548693915055	2.23592061508917
4.2e+07	42500000	2.89509252975033	-0.554216006019623	2.23572271343111
42500000	4.3e+07	2.81091554939103	-0.50861496242511	2.2317767095025
4.3e+07	43500000	2.74186471533432	-0.473936050894397	2.22681685288145
43500000	4.4e+07	2.66519850363309	-0.434517156040937	2.22185549047056
4.4e+07	44500000	2.60438212720202	-0.402891262766071	2.21813237789532
44500000	4.5e+07	2.53914356691839	-0.369219063879426	2.21395343814139
4.5e+07	45500000	2.4865180912257	-0.342104686018078	2.21045845370388
45500000	4.6e+07	2.4336444598061	-0.314797594235742	2.20690092101257
4.6e+07	46500000	2.38182576752643	-0.287865085430942	2.20347222422059
46500000	4.7e+07	2.32619985271421	-0.259062465484319	2.1999405087117
4.7e+07	47500000	2.27153591418148	-0.230836482431483	2.19648648957444
47500000	4.8e+07	2.20827869469039	-0.198270810997259	2.19242741800376
4.8e+07	48500000	2.15004954795952	-0.168389726556225	2.18862846820854
48500000	4.9e+07	2.06919421660047	-0.127019281675276	2.18327627470629
4.9e+07	49500000	1.99086701675107	-0.0872627291098805	2.17785403523871
49500000	5e+07	1.92381959486271	-0.0351531065401569	2.16918327185171
5e+07	50500000	1.88860768708217	-0.00269790011780594	2.13619819539707
50500000	5.1e+07	1.85913517389891	0.0311837224976271	2.07827094383464
5.1e+07	51500000	1.82537599503308	0.0522516924084346	2.00457796028777
51500000	5.2e+07	1.81132469511246	0.0678009095083956	1.93487300464846
5.2e+07	52500000	1.82773416035148	0.0870333183904373	1.88070765447372
52500000	5.3e+07	1.87781283134105	0.0999013670840689	1.85023091045267
5.3e+07	53500000	1.94099529592409	0.117412544525213	1.83060441009835
53500000	5.4e+07	2.01949778230149	0.121848424195015	1.81091654652009
5.4e+07	54500000	2.09372263948763	0.126285142032801	1.78076183395028
54500000	5.5e+07	2.16494670351817	0.132218425149325	1.75523024233694
5.5e+07	55500000	2.2267496925656	0.136684414429487	1.73305199516654
55500000	5.6e+07	2.30475806539574	0.141527276315026	1.70460050484458
5.6e+07	56500000	2.3862779301946	0.14643051735891	1.67447729027855
56500000	5.7e+07	2.47077524132666	0.151484570813786	1.64368331368065
5.7e+07	57500000	2.53041771390602	0.13073603797305	1.61720280174578
57500000	5.8e+07	2.58411210956287	0.0872045319242715	1.58846649238009
5.8e+07	58500000	2.60666247584418	0.0536418770578846	1.55070776531383
58500000	5.9e+07	2.61559891529117	0.0502879696321109	1.49640845165499
5.9e+07	59500000	2.60049290200593	0.0753711537887104	1.4306995088443
59500000	6e+07	2.58469719274099	0.0732481511379936	1.37235825554489
6e+07	60500000	2.56017263259996	0.0483626667165367	1.34456626469657
60500000	6.1e+07	2.51621843955056	-0.014175156402844	1.32661024708691
6.1e+07	61500000	2.46846614143477	-0.0760384388385918	1.3132875224297
61500000	6.2e+07	2.4185346789367	-0.139265705476662	1.28929987079485
6.2e+07	62500000	2.38348732082492	-0.18414567942643	1.27448564907345
62500000	6.3e+07	2.34702198953292	-0.230927615280613	1.25940395293737
6.3e+07	63500000	2.31369555311117	-0.273609022469718	1.24572373143985
63500000	6.4e+07	2.27367743269197	-0.324854041601175	1.22945864043288
6.4e+07	64500000	2.23588267770432	-0.373311801259734	1.21446485553184
64500000	6.5e+07	2.19838577346693	-0.421384848074991	1.19953422861643
6.5e+07	65500000	2.16231283046048	-0.46780066729671	1.18517857638339
65500000	6.6e+07	2.1133310553349	-0.530899600778133	1.16572943219874
6.6e+07	66500000	2.05849597422059	-0.601600970421699	1.14392667033581
66500000	6.7e+07	2.00443152788451	-0.671138683093672	1.12254807310804
6.7e+07	67500000	1.98922148127044	-0.715098348312933	1.09416829091018
67500000	6.8e+07	2.01314362387944	-0.733545868908934	1.05809530871285
6.8e+07	68500000	2.0668167405787	-0.739237542650774	1.01012279900079
68500000	6.9e+07	2.12019557262358	-0.743410896037727	0.963448961844452
6.9e+07	69500000	2.17578725777141	-0.7566856217135	0.906473967230881
69500000	7e+07	2.22892444603172	-0.767191160847875	0.853941820969595
7e+07	70500000	2.28306716084976	-0.792098848138112	0.796501852801129
70500000	7.1e+07	2.32491027839184	-0.825994182759118	0.747158198645119
7.1e+07	71500000	2.36760070696082	-0.871870235116688	0.693095272111102
71500000	7.2e+07	2.40734768751364	-0.912032850547036	0.643505792214597
7.2e+07	72500000	2.43796678988538	-0.959295591253422	0.605483165226576
72500000	7.3e+07	2.44185303114562	-1.01699382621726	0.601079088521787
7.3e+07	73500000	2.42562307723858	-1.0917346911518	0.622002069492648
73500000	7.4e+07	2.39953322604992	-1.17081881147709	0.655506325799328
7.4e+07	74500000	2.38084771313635	-1.24308348869983	0.679623865699703
74500000	7.5e+07	2.36279813922313	-1.30982362775504	0.702897101567303
7.5e+07	75500000	2.34622122503197	-1.36769240567546	0.724047511138403
75500000	7.6e+07	2.32475780011825	-1.44248926176529	0.751256764838125
7.6e+07	76500000	2.30546281189055	-1.51000098726865	0.775772463792002
76500000	7.7e+07	2.28241495786055	-1.59041158753908	0.805036784091593
7.7e+07	77500000	2.26297698105321	-1.65860802116133	0.830000081455028
77500000	7.8e+07	2.22866894662368	-1.71983738435011	0.838508998819065
7.8e+07	78500000	2.1823673486065	-1.73992031572931	0.84473112049473
78500000	7.9e+07	2.13670431156943	-1.71636427833572	0.847169605529278
7.9e+07	79500000	2.09356380499517	-1.65790650589214	0.869320578539613
79500000	8e+07	2.0513358168018	-1.59180609331369	0.875500511517901
8e+07	80500000	1.99340698328396	-1.52106220841581	0.874056230430652
80500000	8.1e+07	1.96739950168344	-1.45929908563527	0.859834928497734
8.1e+07	81500000	1.95903320827375	-1.39329374865736	0.862936519691649
81500000	8.2e+07	1.99403853084207	-1.34767609161266	0.869153514912549
8.2e+07	82500000	2.03759973830824	-1.31697768408986	0.868933969696184
82500000	8.3e+07	2.08400430905233	-1.29762135935959	0.837902377041298
8.3e+07	83500000	2.10888379324688	-1.25812089977239	0.809539208923785
83500000	8.4e+07	2.09303981698258	-1.20384769044508	0.7768750713051
8.4e+07	84500000	2.06449989544848	-1.13956155136543	0.751243502480293
84500000	8.5e+07	2.02676232793292	-1.08396324106569	0.712836107881398
8.5e+07	85500000	1.99275398101177	-1.01916373980311	0.673611565985457
85500000	8.6e+07	1.96125773565492	-0.960909757785583	0.638655475192928
8.6e+07	86500000	1.92952496793562	-0.902760185428824	0.603618868660126
86500000	8.7e+07	1.89958723593621	-0.848077592051549	0.570385357306254
8.7e+07	87500000	1.86332847815004	-0.782088702334289	0.530295648697254
87500000	8.8e+07	1.82220979200715	-0.70709938692965	0.484901806471114
8.8e+07	88500000	1.78351584993071	-0.636760060418365	0.442403862361567
88500000	8.9e+07	1.74913127879709	-0.573973945012863	0.404578909053932
8.9e+07	89500000	1.71137875327323	-0.504681782638528	0.363006509057902
89500000	9e+07	1.6423111676006	-0.448012562102131	0.305078308557295
9e+07	90500000	1.58406302229061	-0.404639259255633	0.309080009039381
90500000	9.1e+07	1.51091396094068	-0.364722515949954	0.326645535961887
9.1e+07	91500000	1.34523169779793	-0.392918699966721	0.328998764122146
91500000	9.2e+07	1.14808016785959	-0.421229430227159	0.26662263169576
9.2e+07	92500000	0.96036544683031	-0.474814184380632	0.1998766523711
92500000	9.3e+07	0.854677908918995	-0.46104183967353	0.153351842975191
9.3e+07	93500000	0.764154170636135	-0.452799867096783	0.114600748374357
93500000	9.4e+07	0.681281426024711	-0.446685175278003	0.0792343664557337
9.4e+07	94500000	0.598642131205707	-0.439910032521183	0.0431238955991233
94500000	9.5e+07	0.520327080711001	-0.433331895990265	0.00881578833198377
9.5e+07	95500000	0.458069026490613	-0.417707663620817	-0.0412230776570098
95500000	9.6e+07	0.439874130925638	-0.39870696682353	-0.0874571826396292
9.6e+07	96500000	0.425342263115713	-0.370646480228152	-0.152520577714339
96500000	9.7e+07	0.403635250126919	-0.345259020747398	-0.213464376034874
9.7e+07	97500000	0.383626741870072	-0.318102250940279	-0.27767795464639
97500000	9.8e+07	0.367004118686289	-0.292546213873835	-0.337320641544584
9.8e+07	98500000	0.350264805137194	-0.264144662559662	-0.402795716167048
98500000	9.9e+07	0.332911404322359	-0.235726179560745	-0.468527076813221
9.9e+07	99500000	0.315729071731123	-0.207686633412874	-0.534007298612243
99500000	1e+08	0.293823212365869	-0.172304675403421	-0.6175549597326
1e+08	100500000	0.271677690276364	-0.136676898551035	-0.701846361326273
100500000	1.01e+08	0.237499028585358	-0.0912774387451131	-0.7626694311345
1.01e+08	101500000	0.197768601019959	-0.0703913543063199	-0.766596630572789
101500000	1.02e+08	0.136177484902695	-0.0578995340379603	-0.726048225244836
1.02e+08	102500000	0.0646673329071419	-0.060806252607715	-0.671989415852187
102500000	1.03e+08	-0.00433785694169374	-0.0565637224298514	-0.62177806337423
1.03e+08	103500000	-0.0503659200552847	-0.0494841242490072	-0.561412438108944
103500000	1.04e+08	-0.0769469201697646	-0.0415388726832242	-0.491781920350676
1.04e+08	104500000	-0.110035814488873	-0.0342670111240572	-0.424567986436341
104500000	1.05e+08	-0.163696372434312	-0.0122031232008839	-0.404817903013469
1.05e+08	105500000	-0.232760747892108	0.0188178796555521	-0.415663342926164
105500000	1.06e+08	-0.310627866352715	0.0655647817538546	-0.440142123076022
1.06e+08	106500000	-0.379352899744349	0.100280968632464	-0.450900077137726
106500000	1.07e+08	-0.467629222918331	0.145864241886983	-0.467261027000241
1.07e+08	107500000	-0.58905562087217	0.208296125956603	-0.490607863959702
107500000	1.08e+08	-0.678688622585939	0.276693538711512	-0.509364086967747
1.08e+08	108500000	-0.715761680598799	0.33887400838386	-0.517053954041534
108500000	1.09e+08	-0.702941135224852	0.40732373695587	-0.499227979367417
1.09e+08	109500000	-0.708938229576118	0.481178189957144	-0.478636428781279
109500000	1.1e+08	-0.728389878250421	0.558746560068845	-0.453507064511907
1.1e+08	110500000	-0.73891369321506	0.62004584580794	-0.43501967096551
110500000	1.11e+08	-0.75091339726559	0.691284694830393	-0.413326646529455
1.11e+08	111500000	-0.765002366755944	0.773419813550181	-0.388250701043145
111500000	1.12e+08	-0.780323090729102	0.862982094862362	-0.360929494689584
1.12e+08	112500000	-0.795468656170108	0.951382707641032	-0.333986162894281
112500000	1.13e+08	-0.797140052524368	1.03072509375326	-0.322175129208129
1.13e+08	113500000	-0.776779520647007	1.08535475761508	-0.302721890072792
113500000	1.14e+08	-0.759378679575768	1.11076058333412	-0.269009418962018
1.14e+08	114500000	-0.73457255963171	1.09721257307417	-0.216933818739948
114500000	1.15e+08	-0.707531240307455	1.06607100435612	-0.151006329798658
1.15e+08	115500000	-0.657868328148177	1.02594994814186	-0.0836104929139009
115500000	1.16e+08	-0.625395710702684	0.980663363728597	-0.022161145491971
1.16e+08	116500000	-0.608503309438296	0.92587810531842	0.0220509595710546
116500000	1.17e+08	-0.602609163146192	0.858191511035842	0.0571017827304745
1.17e+08	117500000	-0.571584285663043	0.808891819707642	0.0880491920140114
117500000	1.18e+08	-0.52065882093091	0.779611006884753	0.1079778345929
1.18e+08	118500000	-0.442900836399512	0.761896385362717	0.121729974283926
118500000	1.19e+08	-0.35783004038922	0.739329161098559	0.138716632290576
1.19e+08	119500000	-0.270698309018547	0.711638926773314	0.158609763769134
119500000	1.2e+08	-0.198659945095335	0.691542093586306	0.17341345586763
1.2e+08	120500000	-0.155756166325552	0.661493374527874	0.19518773361649
120500000	1.21e+08	-0.142928300245195	0.616794704635	0.225933154147628
1.21e+08	121500000	-0.146515838529574	0.555453480925378	0.267771987257962
121500000	1.22e+08	-0.159395732115089	0.487760091486048	0.308482037804538
1.22e+08	122500000	-0.173078939434481	0.426836509792378	0.342014844110823
122500000	1.23e+08	-0.202029058596315	0.398395996585831	0.341673905003882
1.23e+08	123500000	-0.243897872454839	0.411645253050939	0.323351424489687
123500000	1.24e+08	-0.303434956595889	0.448490489161558	0.291161550726463
1.24e+08	124500000	-0.376887098633389	0.487950861190472	0.268050640026398
124500000	1.25e+08	-0.449267397875794	0.519264489516488	0.244335210381838
1.25e+08	125500000	-0.529740879979115	0.556817470422393	0.21713519568224
125500000	1.26e+08	-0.60441208944808	0.592131044872356	0.19208380151579
1.26e+08	126500000	-0.653970949636586	0.632840241137664	0.15954636552023
126500000	1.27e+08	-0.668253258489066	0.647594510225558	0.114972000633426
1.27e+08	127500000	-0.656046980952765	0.647724710864145	0.0435404637307204
127500000	1.28e+08	-0.617527751519253	0.616175542948331	-0.0178889310618209
1.28e+08	128500000	-0.604938108610319	0.570668710501074	-0.0488261211033745
128500000	1.29e+08	-0.602793324196912	0.506797263114206	-0.0557696505085961
1.29e+08	129500000	-0.640489470945613	0.429717165661572	-0.0689577035186547
129500000	1.3e+08	-0.662269119332215	0.35858704199212	-0.0954292985907429
1.3e+08	130500000	-0.693983411085748	0.315855831598065	-0.127177623121391
130500000	1.31e+08	-0.751483096432815	0.310130673813432	-0.149767179143957
1.31e+08	131500000	-0.821958881743939	0.324814136186376	-0.171456879741553
131500000	1.32e+08	-0.901366057228364	0.335364770036885	-0.183076199463384
1.32e+08	132500000	-0.965075048680293	0.341060556864206	-0.197926679831325
132500000	1.33e+08	-1.03830061923823	0.350051755283785	-0.203059066201221
1.33e+08	133500000	-1.10230445999103	0.359037176416922	-0.19997155949676
133500000	1.34e+08	-1.18547952406307	0.371818162718932	-0.188162362567271
1.34e+08	134500000	-1.26224633191074	0.383279351811185	-0.179148915925451
134500000	1.35e+08	-1.33539439498588	0.379549411718641	-0.14680821635345
1.35e+08	135500000	-1.38147126014386	0.363260562535723	-0.103845208630465
135500000	1.36e+08	-1.42597058806306	0.349054922475239	-0.0863389307935451
1.36e+08	136500000	-1.4846711835394	0.347940356175891	-0.10702620690231
136500000	1.37e+08	-1.55365178050114	0.360022733206719	-0.15701085183527
1.37e+08	137500000	-1.60816531842104	0.37895108630698	-0.206607757775653
137500000	1.38e+08	-1.62783892789524	0.398338175339918	-0.266738636915532
1.38e+08	138500000	-1.61667387974102	0.412163934141582	-0.334190320557469
138500000	1.39e+08	-1.57526035096202	0.405972907178837	-0.381225405335066
1.39e+08	139500000	-1.5169311450766	0.393030909457796	-0.4158861035013
139500000	1.4e+08	-1.44347054175705	0.373051042073168	-0.441343169129532
1.4e+08	140500000	-1.36900327894179	0.354534997192877	-0.476877122593733
140500000	1.41e+08	-1.29449063020537	0.335858159244179	-0.512481716980801
1.41e+08	141500000	-1.22955269715989	0.328845957357418	-0.53028302446406
141500000	1.42e+08	-1.18171760697463	0.302023043361406	-0.522600405684815
1.42e+08	142500000	-1.15790772559387	0.259032447416401	-0.510266242857177
142500000	1.43e+08	-1.13775402571045	0.202534490668603	-0.482265287044872
1.43e+08	143500000	-1.12758374932492	0.158234327999236	-0.449931502158239
143500000	1.44e+08	-1.11206148344165	0.105311943615801	-0.378314647859835
1.44e+08	144500000	-1.10675719692687	0.0477914898597139	-0.31352306763263
144500000	1.45e+08	-1.10531406610659	0.00636408354633476	-0.245424143948047
1.45e+08	145500000	-1.11184047611399	-0.00680460029200076	-0.192045605579088
145500000	1.46e+08	-1.12580958826002	-0.0090040503905876	-0.13230103475382
1.46e+08	146500000	-1.13900898291898	-0.0146671360968076	-0.0749491466063021
146500000	1.47e+08	-1.15944213801848	-0.0213472411610547	0.00594781895569281
1.47e+08	147500000	-1.17984501773408	-0.013403193536047	0.0813171395621674
147500000	1.48e+08	-1.21737684290027	-0.00533880186536679	0.131996113580751
1.48e+08	148500000	-1.26460091888164	0.0180265158632126	0.118658123091262
148500000	1.49e+08	-1.33153842450236	0.0396051725695223	0.0787392304157844
1.49e+08	149500000	-1.39633525038561	0.0711681028649889	0.033621617289171
149500000	1.5e+08	-1.45026455814716	0.0911616488676836	-0.0158281519920391
1.5e+08	150500000	-1.49121202482614	0.102664378250627	-0.0759495308105391
150500000	1.51e+08	-1.52789853235321	0.109120793714252	-0.150599435136519
1.51e+08	151500000	-1.55237487366035	0.107765546681853	-0.226797757321378
151500000	1.52e+08	-1.56525857170318	0.0992817410347167	-0.303793394783717
1.52e+08	152500000	-1.55336035425834	0.070322248317904	-0.353051684841705
152500000	1.53e+08	-1.53238004841079	0.0240690960921294	-0.383147617407492
1.53e+08	153500000	-1.50042059006994	-0.0393202153948099	-0.402717872346782
153500000	1.54e+08	-1.47559120946073	-0.0877250422667578	-0.400883305444944
1.54e+08	154500000	-1.44921332415672	-0.137067552945322	-0.382084307692448
154500000	1.55e+08	-1.42362443646694	-0.182349161089448	-0.338147006396007
1.55e+08	155500000	-1.38898581339164	-0.246223733748942	-0.303721916104279
155500000	1.56e+08	-1.37633937748656	-0.287218464580396	-0.255001564300553
1.56e+08	156500000	-1.37491357738453	-0.324091079606285	-0.191976668180475
156500000	1.57e+08	-1.39437115213323	-0.333817899762895	-0.130238221015553
1.57e+08	157500000	-1.4280853787021	-0.31812602901356	-0.0726131515018612
157500000	1.58e+08	-1.47243715383406	-0.278238756616733	-0.0300915080579106
1.58e+08	158500000	-1.52195333421861	-0.235110598635115	0.0187268228331024
158500000	1.59e+08	-1.56454094971107	-0.202558493975886	0.067012422168473
1.59e+08	159500000	-1.6108631045823	-0.168799132596315	0.121510488584562
159500000	1.6e+08	-1.65778717590698	-0.133465843474377	0.174764629225906
1.6e+08	160500000	-1.71100296519007	-0.0936277678600621	0.235421149052522
160500000	1.61e+08	-1.76002841842816	-0.0566252774243893	0.291673849922468
1.61e+08	161500000	-1.78178156508224	-0.0457485520816173	0.347849269749601
161500000	1.62e+08	-1.77432890028714	-0.0642642912096341	0.411825343320982
1.62e+08	162500000	-1.75014442121243	-0.101090495520626	0.486328553027061
162500000	1.63e+08	-1.73384841585005	-0.130307878501181	0.560774297376453
1.63e+08	163500000	-1.71739015237376	-0.159699841376717	0.633602722889894
163500000	1.64e+08	-1.699758066627	-0.190698632118832	0.709208845374108
1.64e+08	164500000	-1.69524142916591	-0.196079319263329	0.78039726455711
164500000	1.65e+08	-1.68478317682328	-0.171815231537368	0.833506649672149
1.65e+08	165500000	-1.66815527493557	-0.110236927687834	0.889963439760308
165500000	1.66e+08	-1.64588713066997	-0.0516296879437581	0.926137849450433
1.66e+08	166500000	-1.63638705764389	0.0286568662856174	0.951664713290006
166500000	1.67e+08	-1.6381109462287	0.104067022082654	0.949908694743733
1.67e+08	167500000	-1.63544812162577	0.186109101912771	0.957943178425315
167500000	1.68e+08	-1.63285467504694	0.248950112829424	0.964921503166748
1.68e+08	168500000	-1.63081745650874	0.309447898604583	0.970628297589978
168500000	1.69e+08	-1.62884195356812	0.372171187400013	0.976107454052685
1.69e+08	169500000	-1.62642518842634	0.440875862057447	0.982481013281894
169500000	1.7e+08	-1.62356761524236	0.520236854972517	0.989993545043029
1.7e+08	170500000	-1.62084578103101	0.595335506035846	0.997057790611582
170500000	1.71e+08	-1.61848325452664	0.667374629338052	1.00390950023458
1.71e+08	171500000	-1.61725477115753	0.720594895126199	0.989871471913663
171500000	1.72e+08	-1.61652088995412	0.774340559984885	0.954667612587078
1.72e+08	172500000	-1.6161953150729	0.824496570690015	0.900129540013356
172500000	1.73e+08	-1.61554118677682	0.880004994219483	0.848060540933737
1.73e+08	173500000	-1.61621067696179	0.917567069913397	0.792140399225415
173500000	1.74e+08	-1.63055394837334	0.954116794561611	0.746050215514028
1.74e+08	174500000	-1.65272919832221	0.98783137060573	0.696802256286071
174500000	1.75e+08	-1.67979705613994	1.01256246148768	0.649506633279822
1.75e+08	175500000	-1.70471953572843	1.0218555652843	0.578341572510963
175500000	1.76e+08	-1.73278509927464	1.02010363076909	0.497180824017488
1.76e+08	176500000	-1.76154774994638	1.02535095420773	0.418535868866582
176500000	1.77e+08	-1.78735336729512	1.02916637508647	0.347693241899998
1.77e+08	177500000	-1.81432904799859	1.03156780187666	0.272413257298216
177500000	1.78e+08	-1.85478708177399	1.03011825857887	0.214362838274966
1.78e+08	178500000	-1.90836981896902	1.02544544206991	0.173002162399955
178500000	1.79e+08	-1.95136332144836	1.03895654136417	0.153461363708543
1.79e+08	179500000	-1.98017531695813	1.08441877609009	0.117665194704459
179500000	1.8e+08	-2.00599786164545	1.14036100284994	0.0782502718094756
1.8e+08	180500000	-2.04973174789737	1.19634044346102	0.0333116763750384
180500000	1.81e+08	-2.10062908649982	1.23752975429369	-0.00595902772282395
1.81e+08	181500000	-2.15396662311899	1.26315203903014	-0.0393691484716707
181500000	1.82e+08	-2.19321804073178	1.27026977750046	-0.0791987222902083
1.82e+08	182500000	-2.22427876963472	1.25169834034927	-0.132288797049888
182500000	1.83e+08	-2.24177344509802	1.23284965309399	-0.204353531187961
1.83e+08	183500000	-2.25426521676954	1.19649764398799	-0.266206615775849
183500000	1.84e+08	-2.26059437254083	1.17331889686256	-0.327295113901733
1.84e+08	184500000	-2.25892496703218	1.15672742092806	-0.385737502045082
184500000	1.85e+08	-2.2552791780887	1.15744111978642	-0.460454372954683
1.85e+08	185500000	-2.25367907657418	1.15678069951092	-0.531611716705555
185500000	1.86e+08	-2.25299552075432	1.15785618669618	-0.60834150729815
1.86e+08	186500000	-2.25334222103227	1.17503418656271	-0.670646184348433
186500000	1.87e+08	-2.25200985894438	1.21449979030566	-0.749693991615596
1.87e+08	187500000	-2.25005041808916	1.26331126241554	-0.818432479413881
187500000	1.88e+08	-2.24853063553535	1.305127705427	-0.888110332206172
1.88e+08	188500000	-2.24718466602282	1.34050020176032	-0.946351726812811
188500000	1.89e+08	-2.24569843792912	1.3771777690892	-1.00608386279484
1.89e+08	189500000	-2.24403569053257	1.41734443970666	-1.07157527803719
189500000	1.9e+08	-2.24243543473794	1.45522717134022	-1.13331931080561
1.9e+08	190500000	-2.24571585301068	1.49584418268781	-1.19814743776081
190500000	1.91e+08	-2.2408722386812	1.53639446817655	-1.26230753872377
1.91e+08	191500000	-2.23187268543305	1.57568756727479	-1.32385394355251
191500000	1.92e+08	-2.20538580453347	1.61617037454042	-1.37369108398617
1.92e+08	192500000	-2.18941491909713	1.65094320034355	-1.4229621959349
192500000	1.93e+08	-2.17510621386287	1.66066618491629	-1.46548516539265
1.93e+08	193500000	-2.16895556662302	1.65311595209418	-1.52263298029397
193500000	1.94e+08	-2.15548558148356	1.63409470920911	-1.58655557696802
1.94e+08	194500000	-2.14157489630851	1.62439585099519	-1.65600731277843
194500000	1.95e+08	-2.12773536131537	1.61290666895551	-1.7262236420891
1.95e+08	195500000	-2.11379415356042	1.60065039686384	-1.79709211636152
195500000	1.96e+08	-2.09859052023976	1.58735738536905	-1.87355745426253
1.96e+08	196500000	-2.10579573688343	1.58201848649157	-1.92767934045754
196500000	1.97e+08	-2.14821259478588	1.57620676755322	-1.96378187867502
1.97e+08	197500000	-2.21498720241391	1.57204570919608	-1.98448557980368
197500000	1.98e+08	-2.28928108258985	1.56124413062987	-2.0142498484023
1.98e+08	198500000	-2.35112799382581	1.55360916963944	-2.04141539209692
198500000	1.99e+08	-2.41560297113825	1.54567801424449	-2.06910161512665
1.99e+08	199500000	-2.47527367769388	1.53821114563664	-2.09445864073183
199500000	2e+08	-2.53648145638943	1.53053361711851	-2.12059511952453
2e+08	200500000	-2.59250933245842	1.52342290795386	-2.14460933901692
200500000	2.01e+08	-2.6495179037177	1.51612944833668	-2.16899354551064
2.01e+08	201500000	-2.72611918815038	1.50612535866752	-2.20168417885529
201500000	2.02e+08	-2.80721851612361	1.49558047884558	-2.236298848227
2.02e+08	202500000	-2.86286496234396	1.46956744179191	-2.27445959635413
202500000	2.03e+08	-2.8600911065545	1.43347748404646	-2.30036224585227
2.03e+08	203500000	-2.82083915105022	1.37325399450217	-2.33165914077384
203500000	2.04e+08	-2.77288440527631	1.30997465355943	-2.36156221917681
2.04e+08	204500000	-2.73631893927995	1.24927383114621	-2.39361644349046
204500000	2.05e+08	-2.70005749800992	1.19596498489129	-2.42009946738624
2.05e+08	205500000	-2.65811113165739	1.13948835960306	-2.4467006281081
205500000	2.06e+08	-2.60923868935553	1.07481711425485	-2.47676343114822
2.06e+08	206500000	-2.59173750968394	1.01730780259923	-2.50850833108107
206500000	2.07e+08	-2.60133616333162	0.965502894014336	-2.54196156514497
2.07e+08	207500000	-2.63351922272303	0.918638332364893	-2.57662882150738
207500000	2.08e+08	-2.65707005606622	0.86408685721591	-2.61423526410995
2.08e+08	208500000	-2.68079365576617	0.805897716511977	-2.65379120253472
208500000	2.09e+08	-2.70680428694488	0.740252369745644	-2.6982172989139
2.09e+08	209500000	-2.73919904411194	0.69465436304949	-2.74001364269166
209500000	2.1e+08	-2.79063788919716	0.648701926747105	-2.79650192924743
2.1e+08	210500000	-2.84481106792051	0.616467426056543	-2.84978445552044
210500000	2.11e+08	-2.89471434844943	0.585547712046139	-2.90630202728038
2.11e+08	211500000	-2.93604713965722	0.590486877300269	-2.93218604954408
211500000	2.12e+08	-2.97845788771445	0.596612831433396	-2.93060178845082
2.12e+08	212500000	-3.01593843319428	0.615730238040636	-2.90121699061283
212500000	2.13e+08	-3.03994653309747	0.628836838459493	-2.85749100164041
2.13e+08	213500000	-3.06813088674183	0.66678139409038	-2.79624993653465
213500000	2.14e+08	-3.10203580404101	0.701555526684637	-2.72647027989079
2.14e+08	214500000	-3.13654683710967	0.736082476469491	-2.65912304331499
214500000	2.15e+08	-3.16668704192593	0.731994063336157	-2.62035109791691
2.15e+08	215500000	-3.21119083755996	0.690218075555109	-2.58582470434274
215500000	2.16e+08	-3.26097632974372	0.629341948391604	-2.55588198044151
2.16e+08	216500000	-3.3107971597591	0.576769305306632	-2.52066837219527
216500000	2.17e+08	-3.35752167197787	0.527026342879734	-2.48746437426749
2.17e+08	217500000	-3.40950975347114	0.471459871356199	-2.45058915501557
217500000	2.18e+08	-3.46479718795037	0.412484441417098	-2.411419764033
2.18e+08	218500000	-3.51128634347893	0.380830398421773	-2.39677742597821
218500000	2.19e+08	-3.53002117061103	0.367909842876612	-2.42350695801603
2.19e+08	219500000	-3.54055694523996	0.364884680305492	-2.49137790714935
219500000	2.2e+08	-3.54281974741194	0.353647900419107	-2.5778115113132
2.2e+08	220500000	-3.55311464348151	0.343328508944282	-2.66001493278843
220500000	2.21e+08	-3.57199595854086	0.325226642214907	-2.72954522413453
2.21e+08	221500000	-3.59441368147178	0.303746201104524	-2.79067920759199
221500000	2.22e+08	-3.62908420168075	0.272023768864338	-2.84316244728317
2.22e+08	222500000	-3.65917076990036	0.244130536282905	-2.90310642797303
222500000	2.23e+08	-3.69106107401353	0.214369793893028	-2.96604667391461
2.23e+08	223500000	-3.72226555979605	0.18514396681089	-3.03008776660342
223500000	2.24e+08	-3.74132003586093	0.14941615448423	-3.06188054833435
2.24e+08	224500000	-3.7549973047885	0.0926967925113841	-3.06832909168393
224500000	2.25e+08	-3.76781942765639	0.0252270735316764	-3.05553346381149
2.25e+08	225500000	-3.79129046421332	-0.0490718580057294	-3.04779659161039
225500000	2.26e+08	-3.80998589783917	-0.107446050399508	-3.05806173801064
2.26e+08	226500000	-3.80053057272985	-0.156281802435197	-3.07574371263029
226500000	2.27e+08	-3.74422807389934	-0.200987724070251	-3.11484016755374
2.27e+08	227500000	-3.6720274312246	-0.241258208010097	-3.14786238766136
227500000	2.28e+08	-3.60507807678405	-0.277768381503652	-3.18225287921613
2.28e+08	228500000	-3.55640978971124	-0.301617595763796	-3.20664013814784
228500000	2.29e+08	-3.50070373259062	-0.324883935655582	-3.23353477620251
2.29e+08	229500000	-3.44617064132092	-0.348684926765469	-3.26001946142642
229500000	2.3e+08	-3.385850180606	-0.374968764508368	-3.28928465318343
2.3e+08	230500000	-3.33417248521354	-0.397571113087593	-3.31423275198774
230500000	2.31e+08	-3.27478130929889	-0.423586257705856	-3.34285208470279
2.31e+08	231500000	-3.21639759224346	-0.449404438098396	-3.37095715297592
231500000	2.32e+08	-3.14961427912271	-0.478776773402721	-3.40335065641011
2.32e+08	232500000	-3.09647864398212	-0.513384577375127	-3.41278460889434
232500000	2.33e+08	-3.06959685587121	-0.55736661972437	-3.42516763979473
2.33e+08	233500000	-3.07046533422843	-0.612325900471113	-3.43486074253458
233500000	2.34e+08	-3.08275464082906	-0.666737244924518	-3.46357054463773
2.34e+08	234500000	-3.06881352799449	-0.708360251754652	-3.49480615976685
234500000	2.35e+08	-3.03587018859248	-0.744117230500742	-3.5341479166621
2.35e+08	235500000	-2.98923346545713	-0.775618548920332	-3.5784812943031
235500000	2.36e+08	-2.95063562571467	-0.814908117211306	-3.62298842674278
2.36e+08	236500000	-2.91231369550651	-0.852475571180231	-3.66631335634043
236500000	2.37e+08	-2.89827895534472	-0.877126366048781	-3.70897450951929
2.37e+08	237500000	-2.89646629114585	-0.875982577014858	-3.75444293305906
237500000	2.38e+08	-2.90773633142961	-0.854955110590219	-3.80378068251293
2.38e+08	238500000	-2.90508411424224	-0.829490263854262	-3.86338625489013
238500000	2.39e+08	-2.90544680049786	-0.809321206082437	-3.91775243139546
2.39e+08	239500000	-2.90630037825207	-0.788922222520726	-3.97008319351683
239500000	2.4e+08	-2.90688622234148	-0.779429071720269	-3.99280638304921
