0	5e+05	0.00278078422037513	0.00335542619667955	0.00834971502964844
5e+05	1e+06	0.00278078618874579	0.00335542695577489	0.00834971551719724
1e+06	1500000	0.00278078422108132	0.00335542619644563	0.00834971502919239
1500000	2e+06	0.00278078421966891	0.00335542619692258	0.00834971503010447
2e+06	2500000	0.00278078211727861	0.00335542548613329	0.00834971471935008
2500000	3e+06	0.00278078422037815	0.00335542619667351	0.00834971502965757
3e+06	3500000	0.194655640418487	0.260052999921091	0.490227978721114
3500000	4e+06	0.201310565168007	0.665668379920909	0.331379016294262
4e+06	4500000	-0.477935002873893	-0.0154876207513315	-0.690676579764325
4500000	5e+06	-0.108718203378684	-0.361570652665256	-0.607905249773528
5e+06	5500000	0.204590921701363	-0.531885975418225	0.518723409757432
5500000	6e+06	0.00278078422037815	0.00335542619667653	0.00834971502965453
6e+06	6500000	0.002780784220366	0.00335542619668107	0.00834971502965448
6500000	7e+06	0.00278078422037207	0.0033554261966553	0.00834971502966975
7e+06	7500000	0.00278078422504115	0.00335542620578347	0.0083497150429196
7500000	8e+06	0.00278078422037814	0.0033554261966629	0.00834971502966671
8e+06	8500000	0.00278078422036911	0.00335542619666281	0.00834971502963632
8500000	9e+06	0.0027807842203812	0.00335542619666895	0.00834971502965456
9e+06	9500000	0.00278078422038724	0.00335542619665837	0.00834971502967282
9500000	1e+07	0.00278078405995771	0.0033554261126246	0.00834971491406742
1e+07	10500000	0.00278078416216104	0.0033554261710416	0.00834971500880511
10500000	1.1e+07	0.00278078422037208	0.00335542619666742	0.00834971502965757
1.1e+07	11500000	0.00278078427861066	0.00335542622225063	0.00834971505045858
11500000	1.2e+07	0.00278078396425367	0.00335542626628531	0.00834971519891504
1.2e+07	12500000	0.00278078370983658	0.00335542621604091	0.00834971542353251
12500000	1.3e+07	0.00278080247785864	0.00335542620994877	0.00834970168303557
1.3e+07	13500000	0.00278076647426912	0.00335542616380692	0.00834972798223439
13500000	1.4e+07	6.43959491283807	2.10649350286508	0.963247753350766
1.4e+07	14500000	0.128118227413659	-0.0962956369538891	0.200360169804178
14500000	1.5e+07	-6.30538715251522	-2.36294126528895	-0.906089536485379
1.5e+07	15500000	-0.251178218841712	0.366189237507453	-0.224113816838673
15500000	1.6e+07	-0.105255580746699	-0.0499443808795168	-0.156022165252319
1.6e+07	16500000	0.030066153438407	0.0959146121983759	-0.302999099472685
16500000	1.7e+07	0.0835070472753995	-0.0359280785352745	0.484064771180977
1.7e+07	17500000	0.00278077020808162	0.00335542607484758	0.00834972712585622
17500000	1.8e+07	0.00278076928506327	0.0033554265522238	0.00834971845517684
1.8e+07	18500000	0.00278076918174928	0.00335542645317461	0.00834971844657833
18500000	1.9e+07	0.00278076928603669	0.00335542655489822	0.00834971845533994
1.9e+07	19500000	0.00278076928517791	0.00335542655277816	0.00834971845515149
19500000	2e+07	0.00278076933190077	0.00335542659410743	0.00834971845999801
2e+07	20500000	0.0027807692842014	0.00335542655011135	0.00834971845500052
20500000	2.1e+07	0.00278076928443759	0.00335542655198013	0.0083497184558803
2.1e+07	21500000	0.00278076928492959	0.00335542655256939	0.00834971845500554
21500000	2.2e+07	0.00278076928581281	0.00335542655301416	0.00834971845441163
2.2e+07	22500000	0.00749798344776756	0.00399147373419784	0.00638700231475921
22500000	2.3e+07	0.00278076928535256	0.00335542655242052	0.00834971845533812
2.3e+07	23500000	0.918273702725403	1.44873613812076	0.591440069229524
23500000	2.4e+07	-0.913655606837215	-1.44215249324239	-0.574348085570047
2.4e+07	24500000	0.00278076929806016	0.00335542609426489	0.00834971793683572
24500000	2.5e+07	0.00278076900538689	0.00335543319386564	0.00834972573334777
2.5e+07	25500000	0.00278076939946016	0.00335542586718147	0.00834971791728029
25500000	2.6e+07	0.00278076844527666	0.00335544597963636	0.0083497406294571
2.6e+07	26500000	-0.232385072637794	-0.926397253280841	-0.261760921752436
26500000	2.7e+07	-1.02097000888314	-0.486484149930104	-0.250324932846845
2.7e+07	27500000	-0.518905178521433	-0.601400758303915	-0.556805853218023
27500000	2.8e+07	-1.06342733849031	-0.0344440378364642	-0.30792198219962
2.8e+07	28500000	1.06956091193531	0.039660284790182	0.325901388746544
28500000	2.9e+07	0.0023054722904398	0.00506250488603416	0.00762234326472783
2.9e+07	29500000	0.264317124675529	-0.617198584171011	0.436413099649206
29500000	3e+07	-0.0104872987748302	0.0593957168988247	0.0151597961904587
3e+07	30500000	0.00306591470080147	0.00218224377712356	0.00869587650770119
30500000	3.1e+07	0.0156128312027123	-0.0516879361140964	0.000492174666756075
3.1e+07	31500000	0.710156360600232	-2.05468615943249	0.095253558127612
31500000	3.2e+07	0.096435667543755	0.157537069892893	-0.355873998064104
3.2e+07	32500000	-0.118567122733828	0.403188781597682	0.0895158452202631
32500000	3.3e+07	-0.00418665875365117	0.00190356929874932	0.00836864152279864
3.3e+07	33500000	-0.828091976128745	0.247162810815337	0.817957740454142
33500000	3.4e+07	-0.389472649296584	-0.455358196906706	0.775025526504581
3.4e+07	34500000	0.00989345309588561	0.00490558433485296	0.00861804706110834
34500000	3.5e+07	0.863959883029563	0.0433235363097806	2.36918005456487
3.5e+07	35500000	0.0275087340796546	-0.00455570505341212	-0.0054064007598788
35500000	3.6e+07	-0.0227416669599461	0.00904805523086725	0.0184902156346284
3.6e+07	36500000	-0.337842658699745	0.265399196257883	0.270021387687295
36500000	3.7e+07	0.00323631706991908	0.00445394538805206	0.0102286811649148
3.7e+07	37500000	0.00103377442664725	-0.00083709169354938	0.00117728094480474
37500000	3.8e+07	0.000883702732730168	-0.00124192126083109	0.000493554734033726
3.8e+07	38500000	-0.424745648973961	0.156535210428005	-0.321277849834518
38500000	3.9e+07	0.0452274977646914	-0.0894125479076805	-0.0124223446576662
3.9e+07	39500000	-0.0434301990499941	0.0870104115514903	0.0135450362668203
39500000	4e+07	0.309078287439862	1.31515016734011	2.30688993475533
4e+07	40500000	0.123338645997135	1.22254876174431	0.284830996460107
40500000	4.1e+07	1.24982613612169	-0.443366832260638	-2.02787019234234
4.1e+07	41500000	-0.49152792099071	-0.460807063410728	-2.76604145725177
41500000	4.2e+07	-0.231745018971782	-0.139720322158345	-1.46587503389727
4.2e+07	42500000	0.322553478581205	1.71376373263163	1.40098522379122
42500000	4.3e+07	1.8586315044068	0.99280188191464	-0.352938707420224
4.3e+07	43500000	-0.26383873810985	-0.139055543557332	-0.805119550418969
43500000	4.4e+07	-0.00170759875135674	0.0990536582926278	1.04886504189827
4.4e+07	44500000	-0.629285967104648	0.0780009339404123	-0.793664329790375
44500000	4.5e+07	0.130273486430676	0.00743983983726921	0.234984727604354
4.5e+07	45500000	0.100357398131629	0.00867642831573407	-0.347197425534562
45500000	4.6e+07	0.000694456280985307	-0.000961383671671857	0.000119166146330996
4.6e+07	46500000	-0.496368922652524	-0.365055070442888	0.276179024487297
46500000	4.7e+07	0.000898677133087459	-0.00120125085802135	0.000561635464284893
4.7e+07	47500000	0.00334430216817697	-0.00281797978925581	0.00407442086945109
47500000	4.8e+07	0.0107380684118509	-0.00389439549324279	-0.00516349168512638
4.8e+07	48500000	0.00089867713545336	-0.00120125086158579	0.000561635468382158
48500000	4.9e+07	-0.00977674421375625	0.00231050942794702	0.00402512226162459
4.9e+07	49500000	3.19980679237594e-05	-0.00147340401858331	0.00130485157476758
49500000	5e+07	0.000898677134300513	-0.00120125085977981	0.000561635466307203
5e+07	50500000	0.00089795841151804	-0.00120073009462713	0.000561614148815409
50500000	5.1e+07	0.000898677136747941	-0.00120125085951483	0.000561635440662521
5.1e+07	51500000	0.000898677134299767	-0.00120125085978998	0.000561635466314035
51500000	5.2e+07	0.000898677120572295	-0.00120125086207551	0.000561635470018651
5.2e+07	52500000	0.000898677016250342	-0.00120125085340266	0.000561635850203446
52500000	5.3e+07	0.000898677027149666	-0.00120125083323829	0.000561635809604716
5.3e+07	53500000	0.000898688788534109	-0.0012012508675811	0.000561634566517522
53500000	5.4e+07	0.000898677134292161	-0.00120125085978337	0.000561635466322363
5.4e+07	54500000	0.000898669758748079	-0.00120127124395076	0.000561760671363079
54500000	5.5e+07	0.000898672997171067	-0.00120122970827816	0.000561511530131734
5.5e+07	55500000	0.00089867713431026	-0.00120125085979633	0.000561635466312678
55500000	5.6e+07	0.000898677134278619	-0.00120125085979186	0.000561635466303644
5.6e+07	56500000	0.000898677134297772	-0.00120125085978645	0.000561635466318102
56500000	5.7e+07	0.000898677134308292	-0.00120125085976658	0.000561635466376689
5.7e+07	57500000	0.000898677134284975	-0.0012012508597889	0.00056163546630501
57500000	5.8e+07	0.000898677134298825	-0.00120125085977512	0.000561635466270377
5.8e+07	58500000	0.000898677134299706	-0.00120125085978885	0.000561635466314624
58500000	5.9e+07	0.000898677134294908	-0.00120125085977676	0.000561635466306458
5.9e+07	59500000	0.000898677134079153	-0.00120125086115038	0.000561635466824271
59500000	6e+07	0.000898677134294769	-0.0012012508597788	0.000561635466314496
6e+07	60500000	0.000898677134512694	-0.0012012508583933	0.000561635465805631
