0	5e+05	0.477714134049428	1.74668982445136	-2.24394971332355
5e+05	1e+06	0.477634916405592	1.74669345515879	-2.24372838880366
1e+06	1500000	0.47726518307182	1.746639747673	-2.24304389837374
1500000	2e+06	0.477465632179009	1.74660021476395	-2.24309420250087
2e+06	2500000	0.477475986533342	1.74658521656379	-2.2430875603455
2500000	3e+06	0.477545280996992	1.74665001322056	-2.24327282742325
3e+06	3500000	0.477505099881846	1.74665755007083	-2.24326715245549
3500000	4e+06	0.47750428546982	1.74665815866453	-2.24326759815273
4e+06	4500000	0.477505100423517	1.74665754799069	-2.2432671504613
4500000	5e+06	-0.0664189461460173	1.2129553691418	-2.55331416276267
5e+06	5500000	0.477505099266066	1.74665754714625	-2.24326715123898
5500000	6e+06	-2.34844474785555	1.45354191949325	-4.04110225498188
6e+06	6500000	0.876442246965069	2.44815285797839	-2.43000966469177
6500000	7e+06	0.279173562864548	1.88622914885781	-2.77836506411898
7e+06	7500000	3.15846804813015	2.207566307724	-0.942221572896682
7500000	8e+06	0.477505099476498	1.74665754724394	-2.24326715103835
8e+06	8500000	0.671777789719558	1.62066502730751	-2.1783728967654
8500000	9e+06	0.477505099197029	1.74665754712405	-2.24326715105505
9e+06	9500000	0.359703739143521	2.30311772042702	-2.17852545929956
9500000	1e+07	0.218794177126348	2.45728850591826	-2.20513156691106
1e+07	10500000	-2.20836261116248	2.43505949362907	0.988613113417551
10500000	1.1e+07	0.477570707489695	1.74658853585143	-2.24326773994136
1.1e+07	11500000	0.477524377295786	1.7467570577457	-2.24317290581798
11500000	1.2e+07	3.29361421857291	1.46033197202004	-5.30487499779672
1.2e+07	12500000	0.8534033629427	1.36481032631488	-1.91197746521781
12500000	1.3e+07	0.487503586054787	1.30077377162896	-1.78727385264939
1.3e+07	13500000	0.239498571871467	1.45521384912809	-1.89273056947052
13500000	1.4e+07	-0.0226740468284017	1.72285122200367	-2.21580627401407
1.4e+07	14500000	0.47750460240608	1.74665790185664	-2.24326718004665
14500000	1.5e+07	0.477504641774845	1.74665782059044	-2.24326719722553
1.5e+07	15500000	0.956205405021009	1.72311107629789	-1.76737202357563
15500000	1.6e+07	0.826400115365891	1.77852697795549	-1.83350934847994
1.6e+07	16500000	0.816753968041592	1.83088256848988	-1.84506622414749
16500000	1.7e+07	0.477505098971343	1.74665754705953	-2.2432671511767
1.7e+07	17500000	0.459434942945241	1.66218939044379	-2.38555650957513
17500000	1.8e+07	0.390988808828538	1.38401366097255	-2.6654310897551
1.8e+07	18500000	0.385788430078614	1.45168048394403	-2.6458080020419
18500000	1.9e+07	1.57147820722146	8.22230678552024	-1.18065037340926
1.9e+07	19500000	0.477505099063938	1.74665754689257	-2.24326715011979
19500000	2e+07	0.477505099645013	1.74665754703493	-2.2432671516941
2e+07	20500000	-2.84970110022587	-23.0535377971501	-9.12135244177602
20500000	2.1e+07	0.477505099856652	1.74665754722727	-2.24326715208998
2.1e+07	21500000	0.477504390381342	1.74665822791944	-2.24326682903423
21500000	2.2e+07	2.63265160905783	19.845378018866	3.28076731436962
2.2e+07	22500000	0.477513618867336	1.74664939333367	-2.24327102201696
22500000	2.3e+07	0.47751716500362	1.74664598967173	-2.2432726328803
2.3e+07	23500000	0.477513610176166	1.74664937823364	-2.2432710178125
23500000	2.4e+07	0.477513550988525	1.74664933235162	-2.24327101629384
2.4e+07	24500000	0.477513600643118	1.74664936699783	-2.24327101712668
24500000	2.5e+07	0.477513609564397	1.74664937998291	-2.24327101951161
2.5e+07	25500000	0.477513890367789	1.74664954547546	-2.24327102911957
25500000	2.6e+07	0.477513609258122	1.74664937833611	-2.24327101844558
2.6e+07	26500000	0.477513609446103	1.74664937895849	-2.24327101799549
26500000	2.7e+07	0.477513376544896	1.74664924858086	-2.24327100460543
2.7e+07	27500000	0.477513608007265	1.74664938074872	-2.24327101414314
27500000	2.8e+07	0.477513610570821	1.74664937726187	-2.24327101791853
2.8e+07	28500000	0.477513612576196	1.74664937426574	-2.24327102065577
28500000	2.9e+07	0.477513612230971	1.74664937386406	-2.24327102242779
2.9e+07	29500000	0.477513609351574	1.74664937712379	-2.24327101856936
29500000	3e+07	0.477513609147209	1.74664937763294	-2.24327101773484
3e+07	30500000	0.477513619493115	1.74664939400817	-2.24327101182078
30500000	3.1e+07	0.477513609434004	1.74664937752107	-2.24327101733884
3.1e+07	31500000	0.477513609602651	1.74664937778801	-2.24327101770771
31500000	3.2e+07	0.477513599279817	1.74664936133279	-2.24327102269685
3.2e+07	32500000	14.6690765438825	9.94445802879755	22.3594208740355
32500000	3.3e+07	0.477513609644008	1.74664937631567	-2.24327101836361
3.3e+07	33500000	0.477513609637245	1.74664937631667	-2.24327101835011
33500000	3.4e+07	-13.7140493251221	-6.45115927401148	-26.8459629099665
3.4e+07	34500000	0.477513609076903	1.74664937797451	-2.2432710177899
34500000	3.5e+07	0.477513609979541	1.74664937795202	-2.24327101747586
3.5e+07	35500000	0.477513610599325	1.74664937686919	-2.24327101800586
35500000	3.6e+07	0.477513610347388	1.7466493767536	-2.24327101808283
3.6e+07	36500000	0.477513609029228	1.74664937787561	-2.24327101850284
36500000	3.7e+07	0.477513608461641	1.74664937828941	-2.24327101782949
3.7e+07	37500000	0.477513608302532	1.7466493785235	-2.24327101802591
37500000	3.8e+07	0.477513608629181	1.7466493769143	-2.24327101794287
3.8e+07	38500000	0.477513608895565	1.74664937766494	-2.24327101781491
38500000	3.9e+07	0.477513609280999	1.74664937675231	-2.2432710175042
3.9e+07	39500000	0.477513562015796	1.74664938979828	-2.24327107872503
39500000	4e+07	0.477513561653981	1.7466493888954	-2.24327107852151
4e+07	40500000	0.47751057589632	1.7466421723525	-2.24327106690076
40500000	4.1e+07	0.477513608712651	1.7466493778294	-2.24327101926467
4.1e+07	41500000	0.4775136088782	1.74664937788431	-2.24327101957433
41500000	4.2e+07	3.43534168334317	0.362311647967625	7.40869139762686
4.2e+07	42500000	0.477513608050246	1.74664937825302	-2.24327101766434
42500000	4.3e+07	0.477513608136464	1.74664937816201	-2.2432710177537
4.3e+07	43500000	-31.0523020970896	58.7654301269669	25.8883926580106
43500000	4.4e+07	-26.0452432128274	76.8646238198829	88.5426427427836
4.4e+07	44500000	16.9576831052192	117.978408972652	82.4125259838036
44500000	4.5e+07	-5.22472984374543	38.6399666779798	110.910032043828
4.5e+07	45500000	101.304403859066	-12.4117165061623	70.4844059386796
45500000	4.6e+07	58.3014860406845	-53.5255024302143	76.614531152702
4.6e+07	46500000	109.115757599326	-29.7696531657204	10.3392230318158
46500000	4.7e+07	0.477445011374665	1.74664523815187	-2.24331583902476
4.7e+07	47500000	0.477432013489645	1.74664673779894	-2.24332957154353
47500000	4.8e+07	0.362568757898647	1.63873084379497	-2.25856322375421
4.8e+07	48500000	0.477505903500811	1.74664999811747	-2.24327385785972
48500000	4.9e+07	0.477510320775989	1.74664917853922	-2.24326856551153
4.9e+07	49500000	-1.05608171467765	7.25310081913226	0.905162404048248
49500000	5e+07	0.477513607644314	1.74664937796101	-2.24327101756781
5e+07	50500000	0.477513688593154	1.74664946915359	-2.24327103227129
50500000	5.1e+07	4.46618866176996	-18.170423829155	11.7747577183565
5.1e+07	51500000	0.477513607944562	1.74664937756136	-2.24327101738488
51500000	5.2e+07	0.477513607590438	1.7466493778246	-2.24327101754393
5.2e+07	52500000	-1.92257544828045	16.2133424450745	-19.4003248567075
52500000	5.3e+07	0.477513609259462	1.74664937638143	-2.24327101982382
5.3e+07	53500000	0.477513610674916	1.7466493752506	-2.24327101978415
53500000	5.4e+07	0.477514991703968	1.74665108726411	-2.24326729176036
5.4e+07	54500000	0.477513611124879	1.74664937583242	-2.24327101633476
54500000	5.5e+07	0.477513611467629	1.74664937598174	-2.24327101648848
5.5e+07	55500000	0.477513611558268	1.74664937698721	-2.24327101701317
55500000	5.6e+07	0.477513612376069	1.74664937570796	-2.24327101794533
5.6e+07	56500000	-100.886908922882	100.408727956113	55.7710090848353
56500000	5.7e+07	0.477513612548182	1.74664937448569	-2.24327101899817
5.7e+07	57500000	0.477513612508114	1.74664937459772	-2.24327101895244
57500000	5.8e+07	101.022241798503	-96.8504053352431	-60.3469322525175
5.8e+07	58500000	0.477513612437107	1.74664937477721	-2.24327101895036
58500000	5.9e+07	-3.27534981457895	2.91811014895944	94.0397228108617
5.9e+07	59500000	1.29720796120162	1.68162550364347	-2.1538898885912
59500000	6e+07	0.477513612282879	1.7466493740271	-2.24327101869276
6e+07	60500000	4.2303770399385	0.57518860067428	-98.5262648482375
60500000	6.1e+07	0.477513614284433	1.74664937620304	-2.24327101889474
6.1e+07	61500000	0.477513594475952	1.74664938265647	-2.24327101927444
61500000	6.2e+07	0.477513660640338	1.74664938237752	-2.24327102663495
6.2e+07	62500000	0.477513629997176	1.74664937658418	-2.24327102196753
62500000	6.3e+07	0.477513649706469	1.74664937086298	-2.24327102218014
6.3e+07	63500000	22.6587212686051	-9.30656063248887	-0.418074674477402
63500000	6.4e+07	0.477513612320199	1.74664937614852	-2.24327101979826
6.4e+07	64500000	0.477513612439877	1.74664937611482	-2.24327101977953
64500000	6.5e+07	-25.4962210167705	6.49832144705668	-0.224875528330614
6.5e+07	65500000	0.477513612853864	1.74664937543519	-2.24327102000815
65500000	6.6e+07	0.477513612803805	1.74664937546923	-2.24327101999465
6.6e+07	66500000	4.27004306234606	8.04818685453246	-6.0868711782389
66500000	6.7e+07	0.477513611489281	1.74664937207077	-2.24327102292282
6.7e+07	67500000	0.477513611421608	1.7466493718896	-2.24327102293116
67500000	6.8e+07	0.477508616521966	1.74665026603946	-2.24325444946554
6.8e+07	68500000	0.477513613652008	1.74664937705625	-2.24327101944038
68500000	6.9e+07	0.477513277365613	1.74664953256311	-2.24327126053303
6.9e+07	69500000	5.71369195316153	6.35114287761944	4.14705099365616
69500000	7e+07	5.97414507676548	6.62603946259205	4.82485520187553
7e+07	70500000	5.60173076179268	6.40408060551744	4.27760489562357
70500000	7.1e+07	0.477512805508242	1.74664974909419	-2.24327159929064
7.1e+07	71500000	13.7436509060447	0.911744699069999	2.55808721285631
71500000	7.2e+07	0.900383931531131	1.71080250111163	-2.51681270448308
7.2e+07	72500000	0.477512805372044	1.74664974983868	-2.24327159962315
72500000	7.3e+07	-13.0521460687775	2.30778476273361	-7.72290949915196
7.3e+07	73500000	0.191119297227161	1.72055193986229	-2.09641283372915
73500000	7.4e+07	0.514291487435727	1.73313795082244	-2.23747640497529
7.4e+07	74500000	0.530680032136711	1.72699045719118	-2.23486130286792
74500000	7.5e+07	0.514291496216663	1.73313793548521	-2.23747639846318
7.5e+07	75500000	0.514291495752983	1.73313793480321	-2.23747639854026
75500000	7.6e+07	0.513227406199953	1.73365550996147	-2.23767683319422
7.6e+07	76500000	0.514291496454368	1.73313794301781	-2.23747639781593
76500000	7.7e+07	0.423315875586686	1.1564576656955	-2.17404154850193
7.7e+07	77500000	0.514291495876206	1.73313794289229	-2.23747639813096
77500000	7.8e+07	0.514291495958127	1.73313794292596	-2.23747639808417
7.8e+07	78500000	16.4347975757981	-48.0717667075385	40.6924546952114
78500000	7.9e+07	30.4485787068343	-105.051775736347	20.1810487467045
7.9e+07	79500000	-23.6879506695255	-134.775138721409	57.4120275237316
79500000	8e+07	33.6824276370836	-145.927078931084	68.1516117192646
8e+07	80500000	14.3374171331835	-52.4000289778965	48.6819731534442
80500000	8.1e+07	68.4739465095352	-22.6766659927742	11.4509943763496
8.1e+07	81500000	-0.981849736050185	45.3460636829398	-45.0959646083213
81500000	8.2e+07	0.514291495974243	1.73313794283983	-2.23747639852066
8.2e+07	82500000	0.514291495920595	1.73313794276161	-2.23747639850924
82500000	8.3e+07	-8.68092445619343	-13.5040916074865	-6.88773745603294
8.3e+07	83500000	0.514289890650747	1.73313735978724	-2.23747571311235
83500000	8.4e+07	0.514289890599756	1.73313735979841	-2.23747571306144
8.4e+07	84500000	7.77950781918746	-24.4097628119433	14.9284890061999
84500000	8.5e+07	0.5142914961873	1.73313794273699	-2.23747639856531
8.5e+07	85500000	-0.548145610402776	2.00008787982342	1.14025891276716
85500000	8.6e+07	-1.29982299234443	36.6240631328661	-11.9391712023832
8.6e+07	86500000	0.514291495784431	1.73313794305081	-2.2374763979439
86500000	8.7e+07	8.02850961900327	-24.3204783669028	5.69191431260463
8.7e+07	87500000	0.514292311284257	1.73314162716738	-2.23746858065466
87500000	8.8e+07	0.514292495845284	1.73314176649702	-2.23746828550278
8.8e+07	88500000	-8.64198275471054	23.7644443819829	-16.3224547862939
88500000	8.9e+07	0.514291672677443	1.73313807667272	-2.2374761142955
8.9e+07	89500000	0.514291496087721	1.73313794290275	-2.237476398504
89500000	9e+07	3.21878559537915	5.48849587363493	0.540374340956568
9e+07	90500000	0.514291495277167	1.73313794416873	-2.23747639958588
90500000	9.1e+07	0.514303221743917	1.73362769281284	-2.23713529563973
9.1e+07	91500000	0.514303356559363	1.73363351978514	-2.23712555664008
91500000	9.2e+07	0.514303221576196	1.73362769113565	-2.2371352954217
9.2e+07	92500000	0.514291495338083	1.73313794362446	-2.23747639942588
92500000	9.3e+07	0.514291494510148	1.73313794315575	-2.23747639970047
9.3e+07	93500000	0.514291495612916	1.73313794415276	-2.23747639953593
93500000	9.4e+07	8.22393808095154	-1.57503761899703	4.6279660177327
9.4e+07	94500000	0.514307687806602	1.73304666309963	-2.23767599615994
94500000	9.5e+07	-49.5895795714127	7.35708957997454	-44.783147227803
9.5e+07	95500000	-79.4991126200703	-16.080622357193	-103.537932070584
95500000	9.6e+07	-56.3742877858967	-78.727983028765	-127.054183922418
9.6e+07	96500000	-41.4844205999853	-125.723102011823	-104.972185109452
96500000	9.7e+07	-19.2845341370293	-98.977214512279	-53.0828426842628
9.7e+07	97500000	-34.699728576627	-39.637938121459	-22.7009488184137
97500000	9.8e+07	0.514291496936392	1.73313794475802	-2.23747639920511
9.8e+07	98500000	0.514291498218388	1.73313794670794	-2.23747639949874
98500000	9.9e+07	0.514291497096576	1.73313794605788	-2.23747639899293
9.9e+07	99500000	0.514291496988841	1.73313794652088	-2.237476399419
99500000	1e+08	0.514291495937567	1.73313794498265	-2.23747639917204
1e+08	100500000	0.514291496879058	1.7331379462241	-2.23747639902206
100500000	1.01e+08	0.514810550539182	1.7326439209247	-2.23973460091116
1.01e+08	101500000	0.550902567537431	1.76513969113443	-2.26587923651184
101500000	1.02e+08	0.515537226104238	1.73195228544876	-2.2428960838179
1.02e+08	102500000	0.515433415503618	1.73205109068535	-2.24244444344668
102500000	1.03e+08	0.47975664025915	1.69916009892833	-2.21810636873453
1.03e+08	103500000	0.515537224200862	1.73195228297402	-2.24289608370217
103500000	1.04e+08	0.515537223759532	1.7319522818785	-2.2428960837533
1.04e+08	104500000	0.515537224621446	1.73195228283898	-2.24289608390682
104500000	1.05e+08	0.515537224639376	1.73195228248679	-2.24289608410223
1.05e+08	105500000	0.515537229503107	1.73195228924152	-2.24289608354034
105500000	1.06e+08	0.515537224949936	1.73195228294358	-2.24289608435673
1.06e+08	106500000	0.515537224884353	1.73195228292861	-2.24289608348171
106500000	1.07e+08	0.515793404109126	1.73221342238708	-2.24277549645502
1.07e+08	107500000	0.51579340855978	1.7322134279353	-2.24277549665822
107500000	1.08e+08	0.515793408268898	1.73221342813653	-2.24277549706772
1.08e+08	108500000	0.515537223645369	1.73195228247135	-2.24289608391226
108500000	1.09e+08	0.515537224392943	1.73195228391442	-2.24289608321254
1.09e+08	109500000	0.515537224404715	1.7319522840527	-2.24289608321253
109500000	1.1e+08	0.515537224698408	1.73195228395969	-2.24289608394098
1.1e+08	110500000	0.515537223496608	1.73195228270234	-2.24289608382185
110500000	1.11e+08	0.515550891687	1.73193456281401	-2.24288401308437
1.11e+08	111500000	-5.98670622621839	3.62358198708893	3.02475535671634
111500000	1.12e+08	0.515579590684736	1.73189841522349	-2.24285999104604
1.12e+08	112500000	0.515311274095974	1.73180416907532	-2.24280811137963
112500000	1.13e+08	7.0199695750758	-0.158977320734688	-7.51092646909808
1.13e+08	113500000	0.518757025381022	1.73308323644802	-2.24351864042196
113500000	1.14e+08	0.520084939804469	1.73357218766682	-2.2437901087952
1.14e+08	114500000	0.518757023065918	1.73308323707644	-2.24351863990588
114500000	1.15e+08	0.518757022118082	1.73308323715262	-2.24351863909235
1.15e+08	115500000	0.518757022490578	1.73308323629205	-2.24351864027501
115500000	1.16e+08	0.51875702885331	1.73308323087102	-2.24351863802221
1.16e+08	116500000	0.518757022184462	1.73308323703255	-2.24351864050675
116500000	1.17e+08	0.518757021874467	1.73308323688236	-2.24351864042473
1.17e+08	117500000	0.518757015306337	1.73308324372706	-2.24351864162156
117500000	1.18e+08	0.518757022526439	1.73308323709866	-2.24351863993093
1.18e+08	118500000	0.518757022722759	1.73308323830298	-2.24351863876578
118500000	1.19e+08	0.518757022544032	1.73308323671113	-2.24351864014401
1.19e+08	119500000	0.518757022207916	1.73308323738591	-2.24351863946123
119500000	1.2e+08	0.518757021719312	1.73308323631516	-2.24351864015982
1.2e+08	120500000	0.518757044667589	1.73308324966581	-2.24351861787435
120500000	1.21e+08	0.518757021694157	1.73308323754644	-2.24351863910071
1.21e+08	121500000	0.518757021574209	1.73308323793554	-2.24351863897806
121500000	1.22e+08	0.518756999297699	1.73308322609924	-2.24351866009096
1.22e+08	122500000	0.518757021850775	1.73308323742778	-2.24351863971592
122500000	1.23e+08	0.51833118033518	1.73281342966209	-2.24215118839914
1.23e+08	123500000	0.518757023123303	1.73308323506991	-2.24351863969303
123500000	1.24e+08	0.443169600941325	1.6894068850157	-2.37140652770883
1.24e+08	124500000	0.402948497822243	1.66629456173855	-2.46721108527251
124500000	1.25e+08	0.262760743504326	1.58484787812646	-2.59964676374845
1.25e+08	125500000	0.198586256349603	1.54734735327036	-2.6055620044323
125500000	1.26e+08	0.0994712901058963	1.48955260675756	-2.64492802777525
1.26e+08	126500000	0.0994712898245779	1.48955260679042	-2.64492802761214
126500000	1.27e+08	0.0994712876690516	1.48955260432475	-2.6449280270922
1.27e+08	127500000	0.0994712873376643	1.48955260468259	-2.6449280264531
127500000	1.28e+08	0.0994712881756969	1.48955260521788	-2.64492802637388
1.28e+08	128500000	0.0994712885610826	1.48955260476991	-2.64492802711379
128500000	1.29e+08	0.0994712896937912	1.48955260489725	-2.64492802733801
1.29e+08	129500000	0.0994712902208106	1.48955260507971	-2.64492802734515
129500000	1.3e+08	0.0994712902587003	1.48955260538228	-2.6449280270032
1.3e+08	130500000	0.0994712900514347	1.48955260574593	-2.64492802617597
130500000	1.31e+08	0.099471288218105	1.4895526045353	-2.64492802630535
1.31e+08	131500000	0.0994712890932099	1.48955260595725	-2.64492802615329
131500000	1.32e+08	0.0994712885003801	1.48955260566958	-2.6449280269495
1.32e+08	132500000	0.0994712890457824	1.48955260591969	-2.64492802704289
132500000	1.33e+08	-39.5102181156405	18.5076914117409	-7.84060286924807
1.33e+08	133500000	-155.278931181639	64.2853788019762	7.85272743618083
133500000	1.34e+08	-198.287188208103	43.0330166298059	22.8210975727917
1.34e+08	134500000	-162.93502829993	59.4922640387795	59.7777846310647
134500000	1.35e+08	-68.8590374178145	45.1194524970171	62.0778958025411
1.35e+08	135500000	-7.96789366317575	104.32861789405	59.4744503869886
135500000	1.36e+08	35.1693076488087	15.8085459074015	55.1200935280048
1.36e+08	136500000	108.905320001065	-53.3483452997921	34.3503292005614
136500000	1.37e+08	168.775523984236	-55.6878269769797	-15.1271828178479
1.37e+08	137500000	106.531786321347	36.7287891968446	-45.961088377623
137500000	1.38e+08	113.134798574407	114.440853052964	-88.6341292156609
1.38e+08	138500000	63.4178103495763	101.210170231348	-118.956162372088
138500000	1.39e+08	86.7818761914022	63.8362398307446	-115.52891216996
1.39e+08	139500000	28.1355737890933	23.8761913219997	-70.0795484808061
139500000	1.4e+08	0.0994713227967045	1.48955258654191	-2.64492802649637
1.4e+08	140500000	0.0994713480302017	1.48955257357169	-2.64492802568908
140500000	1.41e+08	0.0994713493981246	1.489552573933	-2.64492802575734
1.41e+08	141500000	0.10050080466818	1.48898376121586	-2.64479326678406
141500000	1.42e+08	0.0994713515650186	1.48955257309148	-2.64492802309028
1.42e+08	142500000	0.0885881570034163	1.48584439470855	-2.70721902248503
142500000	1.43e+08	0.0967903954041214	1.49103005765796	-2.64525601407508
1.43e+08	143500000	0.0969962362902919	1.49091624422002	-2.64522879330382
143500000	1.44e+08	0.107056318402484	1.4950799326401	-2.58304802293166
1.44e+08	144500000	0.0970012615383788	1.49091833574465	-2.64525467363891
144500000	1.45e+08	1078.43508949007	-1097.01437801832	1759.97112404605
1.45e+08	145500000	0.0970012597392174	1.49091833577907	-2.64525467573427
145500000	1.46e+08	0.0970012597306842	1.49091833572706	-2.64525467569693
1.46e+08	146500000	-1078.13699059637	1099.81051008661	-1765.24791732976
146500000	1.47e+08	0.0970012596505785	1.49091833547865	-2.64525467588877
1.47e+08	147500000	-3.77827517794617	7.22692808987423	-2.04512360078034
147500000	1.48e+08	-3.88236898081087	7.41263260262711	-2.05883842457683
1.48e+08	148500000	-3.77826349901401	7.22693359759006	-2.04511638201205
148500000	1.49e+08	0.0970162573873913	1.49092399155128	-2.64525466653501
1.49e+08	149500000	0.0970295329656474	1.49091912116994	-2.64529720434176
149500000	1.5e+08	0.0970118227012136	1.49091418882896	-2.64531266080884
1.5e+08	150500000	-0.166878586004073	1.18040256217938	-2.45112700144452
150500000	1.51e+08	0.0969756468341212	1.49092137758582	-2.64528687608505
1.51e+08	151500000	-0.379077849081464	8.57837182559745	-10.3586413784158
151500000	1.52e+08	7.11333121429894	16.9327495306745	-16.0477909438364
1.52e+08	152500000	-15.738951146251	24.1076744429365	-44.8183537758165
152500000	1.53e+08	-52.291867853015	18.9250296706332	-52.2678929227518
1.53e+08	153500000	-59.5199881555185	10.883489941667	-46.7725302499763
153500000	1.54e+08	-36.9352760376565	3.37712309019036	-17.8113989459549
1.54e+08	154500000	0.0920531441235555	1.46301557287013	-2.65011436687131
154500000	1.55e+08	0.0877119230036633	1.44003742452815	-2.65433457284035
1.55e+08	155500000	0.0920531425739018	1.46301557428399	-2.65011436689175
155500000	1.56e+08	0.0920468313945613	1.46294969040529	-2.65010654268012
1.56e+08	156500000	0.0942723121333876	1.47424597358538	-2.64789186735634
156500000	1.57e+08	0.0919305215661727	1.46289272521711	-2.6500839654679
1.57e+08	157500000	0.0918959280882597	1.46299756572801	-2.65008411289913
157500000	1.58e+08	0.0919612537532603	1.46305519424105	-2.65009084850749
1.58e+08	158500000	-25.9309876631154	15.323595733897	48.3460166547251
158500000	1.59e+08	0.0920546514650218	1.46302320917919	-2.65011631349746
1.59e+08	159500000	3.62768253379351	-11.018544521233	27.0802459433977
159500000	1.6e+08	26.1150555580643	-12.3975129026964	-53.6462409604352
1.6e+08	160500000	0.0920546485441047	1.46302321248353	-2.65011631095809
160500000	1.61e+08	-3.443573334299	13.9445902869474	-32.3804784662095
1.61e+08	161500000	0.0920546843297271	1.46302318452225	-2.65011639806642
161500000	1.62e+08	-2.13830558551143	-0.597404011547288	-5.91931646188375
1.62e+08	162500000	0.0920546831828178	1.46302318458229	-2.6501164015042
162500000	1.63e+08	-12.9350888880962	-3.19308347888989	-45.2572666275955
1.63e+08	163500000	9.04924792712785	42.1317161702051	19.3502758583363
163500000	1.64e+08	0.0920546838672204	1.4630231860895	-2.65011640092452
1.64e+08	164500000	13.1191982550714	6.11912984968081	39.9570338251375
164500000	1.65e+08	-6.63477826357576	-37.1452426185476	-21.3813086290564
1.65e+08	165500000	0.0920546830473745	1.46302318580174	-2.65011640202424
165500000	1.66e+08	0.0920546831816026	1.46302318565898	-2.65011640184677
1.66e+08	166500000	0.0920546704835269	1.46302319074781	-2.6501164057006
166500000	1.67e+08	30.7171179588021	78.8656959599586	-9.7167163615054
1.67e+08	167500000	0.0920546851973778	1.46302318561718	-2.6501164015655
167500000	1.68e+08	0.0920546853209258	1.46302318569263	-2.65011640156209
1.68e+08	168500000	-30.5330085900404	-75.9396495886836	4.41648355815088
168500000	1.69e+08	0.0920546825943905	1.46302318494933	-2.65011640191972
1.69e+08	169500000	0.0920546813095522	1.46302318428288	-2.65011640166545
169500000	1.7e+08	0.0920546811407729	1.46302318379252	-2.65011640147016
1.7e+08	170500000	0.0920546826293651	1.4630231839486	-2.65011640086759
170500000	1.71e+08	0.0920546827280488	1.46302318385869	-2.65011640096137
1.71e+08	171500000	0.0920410363144111	1.46295014822382	-2.65005170495504
171500000	1.72e+08	0.0920546851466784	1.46302318261315	-2.6501163983538
1.72e+08	172500000	0.0920546848361059	1.46302318244639	-2.65011639882829
172500000	1.73e+08	0.0920683314373111	1.46309621827039	-2.65018109558593
1.73e+08	173500000	0.0920546818325547	1.46302318500066	-2.65011640284532
173500000	1.74e+08	0.0920546811665827	1.46302318537975	-2.65011640297247
1.74e+08	174500000	0.0920546813980784	1.46302318565728	-2.65011640224596
174500000	1.75e+08	0.0920546819670381	1.46302318443281	-2.65011640231378
1.75e+08	175500000	0.0920546838060096	1.46302318439213	-2.65011640140796
175500000	1.76e+08	0.0920546829051651	1.46302318442191	-2.65011640177811
1.76e+08	176500000	0.0920546829031576	1.46302318459645	-2.65011640137253
176500000	1.77e+08	-14.839241066617	1.9223811633197	11.3566629890743
1.77e+08	177500000	0.0920546836383508	1.46302318323761	-2.65011640047565
177500000	1.78e+08	0.092054683446335	1.46302318329485	-2.65011640054714
1.78e+08	178500000	14.6793826858922	-10.0424408889567	-33.5511498522357
178500000	1.79e+08	0.0920546847947133	1.46302318470156	-2.65011640074702
1.79e+08	179500000	0.0920546855894051	1.46302317915906	-2.65011640057804
179500000	1.8e+08	0.436022426205454	12.5091293212306	14.2441376589027
1.8e+08	180500000	0.0920546753870236	1.46302324963768	-2.65011640325894
180500000	1.81e+08	24.6999471628832	-91.3163273865506	63.4221119215669
1.81e+08	181500000	0.0920546749406423	1.46302325039094	-2.65011640275209
181500000	1.82e+08	0.0920546748365014	1.46302325038106	-2.65011640272977
1.82e+08	182500000	-26.9343779192576	216.062896593831	-78.9802344629001
182500000	1.83e+08	0.092054675062217	1.46302325068143	-2.65011640222304
1.83e+08	183500000	0.0920546751048518	1.4630232506754	-2.65011640219991
183500000	1.84e+08	494.382126609747	1661.11356890016	-237.666076396548
1.84e+08	184500000	0.0920546750501838	1.46302325097785	-2.65011640268128
184500000	1.85e+08	0.0920546750559586	1.46302325097637	-2.65011640273583
1.85e+08	185500000	-478.936748485631	-1704.50473193217	-300.410297568648
185500000	1.86e+08	0.0920527539014864	1.46302209076844	-2.65011788475906
1.86e+08	186500000	0.0920546757461453	1.46302325075099	-2.65011640229925
186500000	1.87e+08	-40.0005266027031	-123.197175090017	513.845799122472
1.87e+08	187500000	0.0920698071591297	1.46303508444834	-2.6501025327963
187500000	1.88e+08	0.092054676213101	1.46302325015957	-2.65011640203556
1.88e+08	188500000	33.0886245193911	51.6048901973802	21.8892552444226
188500000	1.89e+08	0.0910348515597699	1.46357705895182	-2.6503711175932
1.89e+08	189500000	0.0920554519609649	1.46302487742331	-2.65011795883267
189500000	1.9e+08	-15.4918041026912	5.39474346868223	-1.56272813222938
1.9e+08	190500000	0.0925084922478419	1.46252137357518	-2.64955790110645
190500000	1.91e+08	0.0920520537200704	1.46300962175438	-2.65010318361996
1.91e+08	191500000	9.92623560849233	-3.45705987990843	-1.7372953776922
191500000	1.92e+08	0.0897101123970119	1.46269905976578	-2.64850738931759
1.92e+08	192500000	0.0854432422060191	1.46391854041436	-2.64646227491507
192500000	1.93e+08	0.087591310053356	1.47065268082708	-2.64713337571164
1.93e+08	193500000	0.0839311475851511	1.46476494327805	-2.64593971606729
193500000	1.94e+08	0.0854432985420243	1.46391773783553	-2.64646227196428
1.94e+08	194500000	0.0840501869433137	1.46085120891213	-2.64602704418378
194500000	1.95e+08	0.0854432870500843	1.46391778068762	-2.64646227134698
1.95e+08	195500000	0.0854432429176014	1.46391854428124	-2.64646227753445
