0	5e+05	-1.81531917867461	-1.20624871360642	0.140552362752616
5e+05	1e+06	-1.87394373793832	-1.18688360277161	0.175579869435314
1e+06	1500000	-1.98394303978678	-1.15059934039249	0.241489331082246
1500000	2e+06	-2.04163406971256	-1.1044693697439	0.320580791686784
2e+06	2500000	-2.04561503022247	-1.05581781847972	0.40112054906966
2500000	3e+06	-1.96867495783495	-1.01949565970261	0.46874307544657
3e+06	3500000	-1.86480731946092	-1.0043089972398	0.510963711094198
3500000	4e+06	-1.78183693533093	-0.975640426491378	0.561123328588328
4e+06	4500000	-1.73255222681876	-0.91862743003931	0.639437526463011
4500000	5e+06	-1.71423445375485	-0.842606487656537	0.7338619361407
5e+06	5500000	-1.67195347494851	-0.76523304459428	0.834927533834453
5500000	6e+06	-1.63378415014359	-0.693052766358643	0.928610801918628
6e+06	6500000	-1.57815930437087	-0.650283070442108	0.999304561833018
6500000	7e+06	-1.5106306602313	-0.612055556459014	1.00487950452463
7e+06	7500000	-1.42264366325933	-0.590037553659474	0.960716494226598
7500000	8e+06	-1.36511121282862	-0.576896891508842	0.875320802667734
8e+06	8500000	-1.31452184398793	-0.603583457283585	0.75524339602346
8500000	9e+06	-1.27570151400082	-0.64743644598777	0.604400141943276
9e+06	9500000	-1.2204942140189	-0.68319624348171	0.448512685568383
9500000	1e+07	-1.17583242793568	-0.713105700925816	0.319911750582428
1e+07	10500000	-1.13389083735062	-0.742519355972197	0.197279943375363
10500000	1.1e+07	-1.0924558677367	-0.771547117293661	0.0762406628928852
1.1e+07	11500000	-1.0511853282376	-0.800301679115054	-0.0439377790966873
11500000	1.2e+07	-1.02752426062566	-0.786541072961985	-0.161522086183229
1.2e+07	12500000	-1.01639241181393	-0.741563654931855	-0.278167059046359
12500000	1.3e+07	-1.01513378905786	-0.666710145006412	-0.402992560201028
1.3e+07	13500000	-1.01787589247629	-0.593146406609707	-0.509337463860734
13500000	1.4e+07	-1.02676590719514	-0.508584864557742	-0.608756325266778
1.4e+07	14500000	-1.035982275914	-0.433247783677161	-0.698901860129913
14500000	1.5e+07	-1.0413410867527	-0.357320036472726	-0.813355668046398
1.5e+07	15500000	-1.04327389164929	-0.294038491563739	-0.925871467557138
15500000	1.6e+07	-1.04705184863331	-0.221565472590315	-1.04409423144311
1.6e+07	16500000	-1.05028305064623	-0.159116578664671	-1.14610979500249
16500000	1.7e+07	-1.05324061228055	-0.10015424479065	-1.24278225624792
1.7e+07	17500000	-1.05602523096402	-0.0414574070128775	-1.33940631920939
17500000	1.8e+07	-1.05883385516026	0.0227606287138889	-1.44559369623651
1.8e+07	18500000	-1.06251152934242	0.0963249403326398	-1.57004871978488
18500000	1.9e+07	-1.06688585229036	0.178776857278423	-1.71078591493016
1.9e+07	19500000	-1.07113350692482	0.251350168813118	-1.83570026707928
19500000	2e+07	-1.07543310664917	0.320981321021449	-1.9540246319215
2e+07	20500000	-1.05342703697496	0.407475775050395	-2.03299263122551
20500000	2.1e+07	-0.997054167256023	0.493510180530075	-2.1042368333256
2.1e+07	21500000	-0.961794652211491	0.573629994027428	-2.17074338342362
21500000	2.2e+07	-0.979824779531914	0.637222694377816	-2.2478284233722
2.2e+07	22500000	-1.05128991333085	0.717028470954078	-2.33564008777441
22500000	2.3e+07	-1.12541790994593	0.817854724149217	-2.4272924243253
2.3e+07	23500000	-1.18539246202631	0.904837564762652	-2.51150066557513
23500000	2.4e+07	-1.26215571199716	0.927174999607201	-2.50897346763611
2.4e+07	24500000	-1.35064486012384	0.896233722629196	-2.43423073043909
24500000	2.5e+07	-1.45881623271385	0.83407661336797	-2.31193305680952
2.5e+07	25500000	-1.5696036330075	0.794012896999395	-2.21254569961566
25500000	2.6e+07	-1.63523188545795	0.733485479427696	-2.12091344154597
2.6e+07	26500000	-1.64036015671463	0.682174543732892	-2.0305431861933
26500000	2.7e+07	-1.59556348380513	0.632476716109839	-1.91653547491007
2.7e+07	27500000	-1.54903500657358	0.610893227006612	-1.79044022043107
27500000	2.8e+07	-1.52068775088443	0.588147235375711	-1.66450312128916
2.8e+07	28500000	-1.42522977428446	0.56599243014813	-1.57681821986606
28500000	2.9e+07	-1.30003020586416	0.545040708709677	-1.50298441304984
2.9e+07	29500000	-1.16193573040914	0.527821097377403	-1.48464914709199
29500000	3e+07	-1.09126582008815	0.566883537202435	-1.5141020362996
3e+07	30500000	-1.03750222951857	0.640569786541874	-1.58974232094819
30500000	3.1e+07	-0.978227761924256	0.748670052311604	-1.66361254910676
3.1e+07	31500000	-0.946481627437296	0.814451533429765	-1.7351045422167
31500000	3.2e+07	-0.951333532161988	0.872652586343796	-1.83067499688821
3.2e+07	32500000	-0.991876305641503	0.919323775884208	-1.94360913097707
32500000	3.3e+07	-1.02411708187242	0.978582552240063	-2.06658629609912
3.3e+07	33500000	-1.05249651240198	1.03708782984344	-2.18504463135143
33500000	3.4e+07	-1.0854258434655	1.10251251479364	-2.3180871052781
3.4e+07	34500000	-1.11661612000149	1.16833025936424	-2.44894276928871
34500000	3.5e+07	-1.14712157244288	1.23556991786191	-2.58081871862044
3.5e+07	35500000	-1.13289512390268	1.30221938937995	-2.65210787253798
35500000	3.6e+07	-1.06630729583779	1.36018284336127	-2.72310699409664
3.6e+07	36500000	-0.946900064898954	1.40777647074081	-2.74738265914266
36500000	3.7e+07	-0.804670484320745	1.44523573367673	-2.78370664994799
3.7e+07	37500000	-0.650578981111823	1.48979436385209	-2.79438491376339
37500000	3.8e+07	-0.48990185747587	1.53845177350865	-2.81711031794214
3.8e+07	38500000	-0.341651359262098	1.5787293848163	-2.81572255127661
38500000	3.9e+07	-0.199664062802797	1.61595561638402	-2.80546931512198
3.9e+07	39500000	-0.040938806632545	1.65387560866982	-2.7731731515156
39500000	4e+07	0.1138335605324	1.69203158236566	-2.74991698874813
4e+07	40500000	0.264848106725279	1.7272738974463	-2.7171194475884
40500000	4.1e+07	0.364259277441228	1.77072721589521	-2.68238200788409
4.1e+07	41500000	0.42510029321243	1.78123536151731	-2.62563039445131
41500000	4.2e+07	0.457726244375465	1.75245345241001	-2.55406564304203
4.2e+07	42500000	0.494228955588663	1.67306804183844	-2.46806355317961
42500000	4.3e+07	0.556450037642789	1.58109340882208	-2.3687936640271
4.3e+07	43500000	0.616682451801346	1.49152063393551	-2.2647826742793
43500000	4.4e+07	0.67116342159295	1.40928787035836	-2.17013752213008
4.4e+07	44500000	0.719773018082767	1.33525850158975	-2.08627904995816
44500000	4.5e+07	0.771580136936318	1.25742961231288	-1.99775288511293
4.5e+07	45500000	0.826786920288768	1.1747079222953	-1.9034143331929
45500000	4.6e+07	0.876527976126792	1.10067177503225	-1.81878623490478
4.6e+07	46500000	0.924273017006679	1.02910485965331	-1.73709111502129
46500000	4.7e+07	0.969609892719488	0.960781808861513	-1.65921416722115
4.7e+07	47500000	1.01924420140808	0.885759583350127	-1.573730649864
47500000	4.8e+07	1.06305678100996	0.819587749571441	-1.49835960842583
4.8e+07	48500000	1.10556373346438	0.755271886486175	-1.42521238753397
48500000	4.9e+07	1.14634870851822	0.693392420952353	-1.35480987372215
4.9e+07	49500000	1.18914160743732	0.628138476849761	-1.28056637246868
49500000	5e+07	1.23429724468266	0.559125558410784	-1.20205728555627
5e+07	50500000	1.28517955228771	0.481235329357338	-1.11358041814837
50500000	5.1e+07	1.33543567116834	0.404495551249273	-1.02642321810799
5.1e+07	51500000	1.38114968328328	0.355996074401234	-0.926752917743597
51500000	5.2e+07	1.41687783844004	0.352985676704484	-0.815266909903741
5.2e+07	52500000	1.45011617904362	0.378189292164482	-0.684717177557885
52500000	5.3e+07	1.48147928340264	0.404068634351495	-0.55963637371709
5.3e+07	53500000	1.512560229006	0.424802826260326	-0.441106871232144
53500000	5.4e+07	1.54918169054793	0.449064576974825	-0.301969424392339
5.4e+07	54500000	1.58952751625162	0.476217905481406	-0.148295457167559
54500000	5.5e+07	1.63460068231445	0.499317404654148	-0.000234239448383186
5.5e+07	55500000	1.7001282179722	0.488747684467091	0.0992471760759367
55500000	5.6e+07	1.76792023505047	0.491896503818748	0.114299259678508
5.6e+07	56500000	1.91586442460809	0.506719964575352	0.0890186266653908
56500000	5.7e+07	2.06411847403945	0.55078641836563	0.0445156836064576
5.7e+07	57500000	2.23348240298683	0.579246826194125	0.0317199269331082
57500000	5.8e+07	2.34598556645709	0.600263934958287	0.0168860816894086
5.8e+07	58500000	2.47296784414706	0.624417434470179	-0.000217627940672515
58500000	5.9e+07	2.61361319512002	0.651361454201748	-0.0192463084685432
5.9e+07	59500000	2.74814382858389	0.677030686877791	-0.0373940922476718
59500000	6e+07	2.88154101131507	0.702525271069708	-0.0555301644841551
6e+07	60500000	2.99280155237321	0.725023205935817	-0.0343747383222422
60500000	6.1e+07	3.04853563979599	0.751964765807636	0.0203015985011045
6.1e+07	61500000	3.05475483645283	0.757385263462126	0.135650182030084
61500000	6.2e+07	3.02848273528532	0.721435456925805	0.24536984343819
6.2e+07	62500000	3.01767644263972	0.63571043535479	0.376516872238831
62500000	6.3e+07	3.00150820413162	0.538727393940585	0.485745798724134
6.3e+07	63500000	2.98563881792387	0.448840724926531	0.604303569152278
63500000	6.4e+07	2.93794732156857	0.364107486010885	0.696862621303809
6.4e+07	64500000	2.83383832599586	0.284289879180005	0.745808974874476
64500000	6.5e+07	2.69434354419068	0.230816038598305	0.759140173418551
6.5e+07	65500000	2.58978553030865	0.206960424512283	0.696738054230082
65500000	6.6e+07	2.52153829953058	0.19462265594563	0.590608676589101
6.6e+07	66500000	2.48088812410208	0.180423452154344	0.453816940503718
66500000	6.7e+07	2.41563071478362	0.163849255378527	0.304456282785816
6.7e+07	67500000	2.35971167114811	0.150270206529927	0.175423529689868
67500000	6.8e+07	2.27281586160476	0.109753307729597	0.0958539397280003
6.8e+07	68500000	2.23504088295544	0.0400299643830056	0.0819349114589827
68500000	6.9e+07	2.27884069077064	-0.0775332664015284	0.0685715266049457
6.9e+07	69500000	2.34161621269985	-0.202079026731733	0.0430098435034585
69500000	7e+07	2.36195482273921	-0.356543316326901	0.0204525396741955
7e+07	70500000	2.29983741816823	-0.506440332078798	0.0358672097792916
70500000	7.1e+07	2.26586601996298	-0.66447517134414	0.0387438820964578
7.1e+07	71500000	2.22115467967961	-0.767821110374804	0.0110885885393013
71500000	7.2e+07	2.16517077189307	-0.855073354815294	-0.0421552399411227
7.2e+07	72500000	2.1176703414305	-0.910461143350578	-0.114662822012326
72500000	7.3e+07	2.13360226850258	-0.960259571855287	-0.195985721249898
7.3e+07	73500000	2.20681557294187	-0.988883728282216	-0.293943074204199
73500000	7.4e+07	2.30524686047475	-1.01816893729206	-0.418314108546271
7.4e+07	74500000	2.39928293928732	-1.05069454721187	-0.542238242446745
74500000	7.5e+07	2.49479101570402	-1.03791336312399	-0.619115795879955
7.5e+07	75500000	2.5989931529665	-0.985256723499115	-0.662129350513802
75500000	7.6e+07	2.71658490972332	-0.905791070585596	-0.691777128782457
7.6e+07	76500000	2.83619291262168	-0.845232060304558	-0.745061243592219
76500000	7.7e+07	2.94979837200148	-0.790677200288643	-0.800494297068088
7.7e+07	77500000	3.06910401861164	-0.731546017962964	-0.856818727876178
77500000	7.8e+07	3.18944410746397	-0.703603862769193	-0.919426733986651
7.8e+07	78500000	3.27353364648704	-0.68212945127264	-1.00846685582919
78500000	7.9e+07	3.30809020920369	-0.660628824181669	-1.10593643393709
7.9e+07	79500000	3.30197086217243	-0.584415085021157	-1.2382717609535
79500000	8e+07	3.28864561965808	-0.494813007827407	-1.36377042260383
8e+07	80500000	3.26829961952549	-0.446666603445272	-1.50161754340099
80500000	8.1e+07	3.23789522534768	-0.447806751312401	-1.62919515838621
8.1e+07	81500000	3.18825121337559	-0.486867739232497	-1.79549148719681
81500000	8.2e+07	3.14478509969385	-0.539417980164727	-1.92105653234949
8.2e+07	82500000	3.14170577872697	-0.616776785227654	-1.99671579526336
82500000	8.3e+07	3.18917789218839	-0.710794223895949	-1.97471299211697
8.3e+07	83500000	3.27919852191292	-0.755221880608263	-1.92506970229277
83500000	8.4e+07	3.38605952621337	-0.78166876586659	-1.85373168452731
8.4e+07	84500000	3.51143188918532	-0.79043782334799	-1.77435816165072
84500000	8.5e+07	3.60318205399863	-0.805873795401804	-1.67991574585498
8.5e+07	85500000	3.63985314201065	-0.839706436928942	-1.57799409365564
85500000	8.6e+07	3.62708234881991	-0.891108856169001	-1.45837853957705
8.6e+07	86500000	3.60315467370645	-0.959392096400542	-1.33108907083931
86500000	8.7e+07	3.58633197486769	-1.00590683601246	-1.18709144163962
8.7e+07	87500000	3.56632133295623	-1.0366502601944	-1.04289458606239
87500000	8.8e+07	3.53130005525737	-1.08843950970296	-0.927226376320257
8.8e+07	88500000	3.48009749628757	-1.15654000391635	-0.833735132375797
88500000	8.9e+07	3.39371607904649	-1.19771432885656	-0.7933282030105
8.9e+07	89500000	3.28093397573618	-1.21700735674451	-0.760889692074046
89500000	9e+07	3.17312201271371	-1.22606289227577	-0.781316276756359
9e+07	90500000	2.98734162375737	-1.29110529729864	-0.831171626994345
90500000	9.1e+07	3.23200140584186	-0.994261228153374	-0.549722293187696
9.1e+07	91500000	3.52686785114584	-0.649635557554767	-0.214586267740073
91500000	9.2e+07	3.96781914278244	-0.235761792433317	0.186478219960285
9.2e+07	92500000	4.0406862860357	-0.175064095089332	0.273595135710572
92500000	9.3e+07	4.0374288980613	-0.161618735879119	0.347898606625173
9.3e+07	93500000	3.96669964109341	-0.162285394685298	0.393624208054872
93500000	9.4e+07	3.84368554746429	-0.199140671150292	0.400388539638983
9.4e+07	94500000	3.72678998571953	-0.236500392258725	0.391480414307798
94500000	9.5e+07	3.60210681595531	-0.311775522400401	0.378438642051371
9.5e+07	95500000	3.47992662906711	-0.371844546115016	0.37242932471167
95500000	9.6e+07	3.36093700461315	-0.431971508456692	0.364595471031217
9.6e+07	96500000	3.25984283885654	-0.484347726460114	0.358196024289893
96500000	9.7e+07	3.12977166991378	-0.537583144172214	0.351334743986384
9.7e+07	97500000	2.99438664178609	-0.585555159722006	0.34514713715841
97500000	9.8e+07	2.84076432611594	-0.634267604659599	0.338721984455545
9.8e+07	98500000	2.73119634918131	-0.642649492255548	0.312050578854803
98500000	9.9e+07	2.61268035582923	-0.619456605154853	0.258162242738884
9.9e+07	99500000	2.50230349008843	-0.575821166884656	0.190674864786083
99500000	1e+08	2.36776123815431	-0.548271005909798	0.127896269904898
1e+08	100500000	2.26507810520812	-0.504636956587487	0.0935358274258218
100500000	1.01e+08	2.16105224955821	-0.433374531433632	0.0596670025448768
1.01e+08	101500000	2.06176272915927	-0.334479972270955	0.03076664412209
101500000	1.02e+08	2.006657272706	-0.243834142419355	0.0147549191116197
1.02e+08	102500000	1.95532726408651	-0.155606795322721	0.00142342252834668
102500000	1.03e+08	1.91806877243981	-0.0673659530663652	-0.00604176612099786
1.03e+08	103500000	1.84554232706335	-0.0117566133635725	-0.000906910112852664
103500000	1.04e+08	1.82766370081492	-0.0039402979125961	0.0805916761437634
1.04e+08	104500000	1.82573656047952	-0.0285617411042035	0.229246997370911
104500000	1.05e+08	1.82823623048039	-0.0488867658139946	0.398399717906373
1.05e+08	105500000	1.8158420499894	-0.0565809126789152	0.536118529435114
105500000	1.06e+08	1.81549751781913	-0.0746859646544256	0.663123447828271
1.06e+08	106500000	1.82099601827461	-0.102345312372927	0.806951845428115
106500000	1.07e+08	1.82636201298742	-0.131129898571545	0.960783972458794
1.07e+08	107500000	1.84649745988153	-0.191241745355908	1.07961340792964
107500000	1.08e+08	1.90430735854013	-0.243238534072003	1.12414551213812
1.08e+08	108500000	1.97442702507063	-0.315638192084194	1.0933348833484
108500000	1.09e+08	2.05764958290312	-0.381200916270073	1.02464005481659
1.09e+08	109500000	2.12407380053473	-0.46900721498196	0.947551094090847
109500000	1.1e+08	2.19795470519986	-0.552178220161168	0.884152889154466
1.1e+08	110500000	2.26678921749274	-0.629930794268672	0.821410569155745
110500000	1.11e+08	2.33765668903964	-0.710263099820415	0.755877702924177
1.11e+08	111500000	2.41629852008263	-0.799770408718153	0.682955386323095
111500000	1.12e+08	2.49401864147642	-0.887819464366735	0.611475030783622
1.12e+08	112500000	2.5685771629743	-0.973068001992935	0.54298621848293
112500000	1.13e+08	2.64315831017341	-1.0769698399244	0.507784828218169
1.13e+08	113500000	2.71687569594964	-1.18885521526714	0.489220029016723
113500000	1.14e+08	2.80178800332207	-1.32589571998342	0.483626960169749
1.14e+08	114500000	2.84746620892905	-1.44003631436703	0.490813258453496
114500000	1.15e+08	2.85539218106794	-1.5635415870548	0.480139172638831
1.15e+08	115500000	2.82383395651383	-1.67524262518354	0.467745397682117
115500000	1.16e+08	2.76377758413397	-1.76671491192488	0.413549761114497
1.16e+08	116500000	2.68201515239399	-1.84526125395204	0.358901596532472
116500000	1.17e+08	2.5746180940287	-1.91242250032304	0.291487182725113
1.17e+08	117500000	2.47861102456702	-1.99457879181152	0.22772587976411
117500000	1.18e+08	2.39053429521418	-2.06920976329834	0.168157430836813
1.18e+08	118500000	2.28561665064181	-2.15820114944754	0.0966265132720497
118500000	1.19e+08	2.1841611463087	-2.24476038775863	0.0271773261693344
1.19e+08	119500000	2.08872182056574	-2.3287225072098	-0.035192789630816
119500000	1.2e+08	2.01075254239497	-2.40021733217235	-0.081139755827992
1.2e+08	120500000	1.92481041370312	-2.48134833910853	-0.128309695836089
120500000	1.21e+08	1.8233703242746	-2.57660394064773	-0.184184077333613
1.21e+08	121500000	1.72699846801757	-2.66703437260257	-0.237323498184188
121500000	1.22e+08	1.62919995652685	-2.75862234767015	-0.291019409409437
1.22e+08	122500000	1.55146456903166	-2.83152049313266	-0.333653596061416
122500000	1.23e+08	1.4134733846021	-2.86011016487203	-0.359521680870748
1.23e+08	123500000	1.27053269862814	-2.85285759854598	-0.368283009268329
123500000	1.24e+08	1.10763986714679	-2.82500399972563	-0.368588409526894
1.24e+08	124500000	1.03119141739899	-2.78835161122701	-0.396330122703044
124500000	1.25e+08	0.979116284189981	-2.73145344244491	-0.443834548753677
1.25e+08	125500000	0.948469580339284	-2.64859950781234	-0.515276861359566
125500000	1.26e+08	0.90260641816947	-2.56615429895352	-0.585395300548511
1.26e+08	126500000	0.853298115348474	-2.4753893654219	-0.662660922754169
126500000	1.27e+08	0.809174759591543	-2.39339419466893	-0.732772236074111
1.27e+08	127500000	0.754363452280077	-2.2903581338331	-0.821333462855607
127500000	1.28e+08	0.702623493328902	-2.19333931185704	-0.9049750820829
1.28e+08	128500000	0.645521103675116	-2.08635526114571	-0.997122675370669
128500000	1.29e+08	0.618144463243406	-1.99584849123793	-1.03079404112816
1.29e+08	129500000	0.60252898863567	-1.87700434238153	-1.03256795410144
129500000	1.3e+08	0.600589630001793	-1.72675069309906	-0.998249867122494
1.3e+08	130500000	0.629980177562299	-1.60172963243222	-0.985325641391416
130500000	1.31e+08	0.675760110878129	-1.48739602952114	-0.970332638158103
1.31e+08	131500000	0.744640491060884	-1.3909895958376	-0.956066093921648
131500000	1.32e+08	0.803827530673668	-1.24800921178391	-0.926394009554377
1.32e+08	132500000	0.811396078781735	-1.14369595113676	-0.889722398090497
132500000	1.33e+08	0.783188490275419	-1.05292509328297	-0.818875046863378
1.33e+08	133500000	0.71574509683714	-0.990112904804154	-0.727175868429548
133500000	1.34e+08	0.657393107183398	-0.946354619103232	-0.639531532437581
1.34e+08	134500000	0.579872863226075	-0.945795680000155	-0.575869057919221
134500000	1.35e+08	0.487611480962465	-0.95217925968715	-0.568738971526423
1.35e+08	135500000	0.37002030337351	-0.932509038810606	-0.58865902387778
135500000	1.36e+08	0.255702383339265	-0.894537939670438	-0.634282968841379
1.36e+08	136500000	0.120589511303364	-0.864869127688214	-0.666844308433158
136500000	1.37e+08	-0.00816259371428532	-0.83771251149008	-0.697995507074323
1.37e+08	137500000	-0.143322496106229	-0.812851960495329	-0.731527401514543
137500000	1.38e+08	-0.259483159440879	-0.802387082470059	-0.723867918623722
1.38e+08	138500000	-0.385813156184118	-0.803109617689282	-0.678294770448346
138500000	1.39e+08	-0.511921641968725	-0.808141462681867	-0.606414528990419
1.39e+08	139500000	-0.647850907290474	-0.810238412571126	-0.544714396000005
139500000	1.4e+08	-0.774639183451508	-0.812509932733258	-0.486001281171517
1.4e+08	140500000	-0.893133322005303	-0.814637964545296	-0.430684309526709
140500000	1.41e+08	-1.02940968277219	-0.816932079656292	-0.366735075870086
1.41e+08	141500000	-1.14833146997945	-0.81890528342108	-0.310972489004674
141500000	1.42e+08	-1.28003071824006	-0.8209371986936	-0.249115585806442
1.42e+08	142500000	-1.39441098149962	-0.823164395550074	-0.195591528047777
142500000	1.43e+08	-1.52279541224634	-0.827767180451093	-0.136254729203029
1.43e+08	143500000	-1.64688717786267	-0.834671950435858	-0.0792028638511596
143500000	1.44e+08	-1.78027148930378	-0.843781119390067	-0.0178466777300744
1.44e+08	144500000	-1.91291869008923	-0.852906636247343	0.0434810983090832
144500000	1.45e+08	-2.04425922833113	-0.861785980932176	0.104412243746196
1.45e+08	145500000	-2.1175543957772	-0.866389327538878	0.178625401141119
145500000	1.46e+08	-2.16504722470358	-0.868624610019063	0.292347308060698
1.46e+08	146500000	-2.19249159986238	-0.869071471589737	0.437468263058354
146500000	1.47e+08	-2.24203183478838	-0.87090687364882	0.591011640665561
1.47e+08	147500000	-2.28455033896573	-0.872677806611129	0.724156292063171
147500000	1.48e+08	-2.32357731925502	-0.874114409925638	0.851313762786309
1.48e+08	148500000	-2.36467115971653	-0.875519850394531	0.986437378031639
148500000	1.49e+08	-2.40728850761061	-0.876963567566369	1.12607495862038
1.49e+08	149500000	-2.44620200990682	-0.878428041356088	1.25400333339776
149500000	1.5e+08	-2.48239029237074	-0.880116235504791	1.37363979620004
1.5e+08	150500000	-2.51675732956315	-0.881828926021235	1.48734959116214
150500000	1.51e+08	-2.53100766083374	-0.866276379328268	1.6083428798284
1.51e+08	151500000	-2.53107620438147	-0.836380523636083	1.74414903663418
151500000	1.52e+08	-2.52024732507306	-0.796651660354231	1.88633038786711
1.52e+08	152500000	-2.48357271337899	-0.748298736142872	1.99428217094679
152500000	1.53e+08	-2.41059594413933	-0.682620470348513	2.07108463933079
1.53e+08	153500000	-2.30747713826855	-0.601411415281425	2.12600835488161
153500000	1.54e+08	-2.21999451745601	-0.5281466487269	2.19213320361721
1.54e+08	154500000	-2.17098106115127	-0.490112793541523	2.30715924040684
154500000	1.55e+08	-2.1413849592341	-0.470132511833474	2.45320648478608
1.55e+08	155500000	-2.15217504609585	-0.444989597343007	2.59865048147634
155500000	1.56e+08	-2.19203431401133	-0.378425869258922	2.70943969456478
1.56e+08	156500000	-2.263960905111	-0.292937654640842	2.7945157559917
156500000	1.57e+08	-2.3067746101937	-0.210915125072908	2.92037910331907
1.57e+08	157500000	-2.31752586662138	-0.150205299422114	3.04049470115227
157500000	1.58e+08	-2.30500644917494	-0.0964774311047822	3.17490655832583
1.58e+08	158500000	-2.30075362954842	-0.0435255788836157	3.29591833705401
158500000	1.59e+08	-2.29654840392466	0.0136071412722612	3.42605407813051
1.59e+08	159500000	-2.29244510602489	0.0701527077096314	3.55425257050773
159500000	1.6e+08	-2.25483888107656	0.13257691755269	3.63944974443129
1.6e+08	160500000	-2.17933114283544	0.194035385727364	3.66023757268932
160500000	1.61e+08	-2.06982904575116	0.254080218418766	3.62311614962459
1.61e+08	161500000	-1.9906606385987	0.331547255172128	3.56332872233371
161500000	1.62e+08	-1.98968056515072	0.396194890803677	3.49884222787111
1.62e+08	162500000	-2.05253270552739	0.47615038743321	3.40668095968638
162500000	1.63e+08	-2.14315238490329	0.541225774239302	3.30269645170759
1.63e+08	163500000	-2.22142839721135	0.620985662286204	3.19215577871063
163500000	1.64e+08	-2.29569055400756	0.632238339996345	3.10992488881605
1.64e+08	164500000	-2.37887453090498	0.581217074436547	3.03502652325847
164500000	1.65e+08	-2.46341308281257	0.484697278642084	2.96516017003314
1.65e+08	165500000	-2.5504277387304	0.399622611408335	2.8882069959356
165500000	1.66e+08	-2.61402114464497	0.362321597988982	2.79465503870858
1.66e+08	166500000	-2.66215673290181	0.353118703382503	2.68735322958901
166500000	1.67e+08	-2.70801472200285	0.372129690404539	2.5337118923534
1.67e+08	167500000	-2.75759012630321	0.382820481746417	2.38504266488359
167500000	1.68e+08	-2.81134263883954	0.394389796434327	2.22333951776214
1.68e+08	168500000	-2.84947389292507	0.405360357038877	2.10277890901561
168500000	1.69e+08	-2.88971158104108	0.415840404078745	1.97802204061133
1.69e+08	169500000	-2.95109735003008	0.429871911743348	1.90752985135924
169500000	1.7e+08	-3.09284887088764	0.460992986833047	1.82767380629291
1.7e+08	170500000	-3.2668909974961	0.498757619935914	1.77117015691536
170500000	1.71e+08	-3.44618688520269	0.53780873377289	1.6939113544337
1.71e+08	171500000	-3.57958955244243	0.566867442376089	1.6399516849493
171500000	1.72e+08	-3.71648616922817	0.579783793970648	1.59310166354547
1.72e+08	172500000	-3.84177950172794	0.59663271384724	1.55380803474663
172500000	1.73e+08	-3.89929040008286	0.646394459993334	1.53365787248759
1.73e+08	173500000	-3.88821971825423	0.741395935686735	1.54537328093054
173500000	1.74e+08	-3.84216005060069	0.895760599445697	1.58263170759776
1.74e+08	174500000	-3.815138625093	1.03461417333955	1.62296799598968
174500000	1.75e+08	-3.76220364067884	1.11603900721214	1.65746854899263
1.75e+08	175500000	-3.67242312263975	1.16676847155417	1.70093136753081
175500000	1.76e+08	-3.56575427563455	1.21121401116485	1.74990704785328
1.76e+08	176500000	-3.47571126307843	1.29760883378339	1.80190698190779
176500000	1.77e+08	-3.38215634932277	1.37881075394522	1.85415585894322
1.77e+08	177500000	-3.30677788738132	1.46499000282644	1.90331747741523
177500000	1.78e+08	-3.24096107090321	1.57297278018779	1.95735500319955
1.78e+08	178500000	-3.20020304145583	1.68671610518645	2.00641942481897
178500000	1.79e+08	-3.14955683235716	1.80778924926658	2.06089947543549
1.79e+08	179500000	-3.13280046067666	1.89980031077557	2.06232742430009
179500000	1.8e+08	-3.14136750317362	2.00332944537965	2.01776334352173
1.8e+08	180500000	-3.16747386349203	2.10583834067501	1.94212633769665
180500000	1.81e+08	-3.18337111204352	2.23029207197852	1.87849679983809
1.81e+08	181500000	-3.19830196596246	2.33654477486728	1.8221045215634
181500000	1.82e+08	-3.2150264216296	2.44973790587006	1.76102528416737
1.82e+08	182500000	-3.231311128196	2.56078985685146	1.70121860974164
182500000	1.83e+08	-3.24975383287404	2.68748370656106	1.63329454696893
1.83e+08	183500000	-3.26623549981839	2.80098478909961	1.57246376274864
183500000	1.84e+08	-3.28373688159336	2.92115379710849	1.50809894916772
1.84e+08	184500000	-3.30110826161893	3.04090707701433	1.44398246133698
184500000	1.85e+08	-3.32041193423595	3.1738862043473	1.37270733354767
1.85e+08	185500000	-3.34019044814824	3.25698146473444	1.29165734292769
185500000	1.86e+08	-3.39283009642618	3.28328873366681	1.25080296413355
1.86e+08	186500000	-3.51286492335749	3.26905836496873	1.21845587787379
186500000	1.87e+08	-3.61936130093279	3.23405799880373	1.20045517770705
1.87e+08	187500000	-3.68162210036207	3.17185553570684	1.14934442959265
187500000	1.88e+08	-3.67921348632378	3.0569065421164	1.07658006440577
1.88e+08	188500000	-3.68776652052178	2.9413158359839	1.00407943193059
188500000	1.89e+08	-3.68981137451106	2.82548184749797	0.932129730524666
1.89e+08	189500000	-3.71421822560882	2.77686758222368	0.862815905890768
189500000	1.9e+08	-3.75814905732568	2.75306019998414	0.775512149674409
1.9e+08	190500000	-3.7944434954604	2.76245201124619	0.667169183886908
190500000	1.91e+08	-3.79664676705215	2.75789067830666	0.54406487432253
1.91e+08	191500000	-3.77402564606016	2.75698298274046	0.415581892457484
191500000	1.92e+08	-3.76755287187746	2.7558857133926	0.293451639785297
1.92e+08	192500000	-3.76130876251018	2.75577441692095	0.179927949310296
192500000	1.93e+08	-3.75309547893206	2.75534937020009	0.0618442265972384
1.93e+08	193500000	-3.74461544294982	2.75499981461198	-0.054776444704247
193500000	1.94e+08	-3.73686013637132	2.75457277480508	-0.167613898949582
1.94e+08	194500000	-3.73009167871172	2.75429889678094	-0.26419562633614
194500000	1.95e+08	-3.72264029654412	2.75412088545251	-0.368130192813365
1.95e+08	195500000	-3.71899373279358	2.75408486043172	-0.41812573642427
