0	5e+05	-0.00301272376728675	-0.00366873454002865	0.00164227756941244
5e+05	1e+06	-0.00301272376756272	-0.00366873454001146	0.00164227756953126
1e+06	1500000	-0.00301272376732638	-0.00366873454013514	0.00164227756933626
1500000	2e+06	-0.00301272376738687	-0.00366873454004219	0.00164227756943848
2e+06	2500000	-0.00301272376756882	-0.00366873454000242	0.00164227756951379
2500000	3e+06	-0.00301273010620408	-0.003668732801872	0.00164228133549312
3e+06	3500000	-0.0030065287560949	-0.00367248115821602	0.00165065273428057
3500000	4e+06	-0.00302189139476766	-0.00366536347871971	0.00163686887782285
4e+06	4500000	-0.0030134276824252	-0.00366859365318033	0.0016420763191652
4500000	5e+06	-0.00301090763711473	-0.00366888809500804	0.00163964862734215
5e+06	5500000	-0.00301188471239654	-0.00366861788175287	0.00164181532629107
5500000	6e+06	-0.00301226248850783	-0.00366779203823301	0.00164226609573948
6e+06	6500000	-0.00301054149451844	-0.00366967591716489	0.0016425216352066
6500000	7e+06	-0.0030142842704421	-0.00366867692123592	0.00164232752486274
7e+06	7500000	-0.00301267233926967	-0.00366879546180956	0.00164236684425398
7500000	8e+06	-0.00301270971172919	-0.00366872200420683	0.00164225927926295
8e+06	8500000	-0.00301278866528748	-0.00366868621036241	0.00164220666175502
8500000	9e+06	-0.00301268329669571	-0.00366851736752351	0.00164216616115374
9e+06	9500000	-0.00301282019073259	-0.00366874057077811	0.00164242854996092
9500000	1e+07	-0.00301271203360689	-0.00366866173766732	0.00164227438934435
1e+07	10500000	-0.00301281457453814	-0.00366881077959267	0.00164236746133227
10500000	1.1e+07	-0.00301264469455567	-0.00366873110277214	0.00164219085769715
1.1e+07	11500000	-0.00301272376755364	-0.00366873453996906	0.00164227756950757
11500000	1.2e+07	-0.00301272376745083	-0.00366873454002137	0.0016422775693156
1.2e+07	12500000	-0.00301272376739565	-0.00366873454003248	0.0016422775696069
12500000	1.3e+07	-0.00301272376754493	-0.00366873454015333	0.00164227756932611
1.3e+07	13500000	-0.00301259587703977	-0.00366900280239233	0.00164302051259391
13500000	1.4e+07	-0.00301298709834863	-0.00366842448122166	0.00164154182233057
1.4e+07	14500000	-0.00301258832732222	-0.00366877633684438	0.00164227037307601
14500000	1.5e+07	-0.00301272562976359	-0.00366867535613162	0.00164226543444994
1.5e+07	15500000	-0.00301272190537777	-0.0036687937241703	0.00164228970425017
15500000	1.6e+07	-0.00301270802440176	-0.00366860951553281	0.00164237670042824
1.6e+07	16500000	-0.00301273951074572	-0.0036688595647783	0.00164217843824763
16500000	1.7e+07	-0.00301272376756916	-0.00366873454013199	0.00164227756935112
1.7e+07	17500000	-0.00301272376731425	-0.00366873454009876	0.00164227756932624
17500000	1.8e+07	-0.0030127237673658	-0.00366873454012595	0.00164227756935755
1.8e+07	18500000	-0.00301272376733551	-0.00366873454014883	0.00164227756932722
18500000	1.9e+07	-0.00301272376742683	-0.00366873454018269	0.00164227756918714
1.9e+07	19500000	-0.00301272376584205	-0.00366873454005478	0.00164227756942727
19500000	2e+07	-0.00301272376963032	-0.00366873454019737	0.00164227756916402
2e+07	20500000	-0.00301272376739292	-0.00366873454006946	0.00164227756945072
20500000	2.1e+07	-0.00301272376750585	-0.00366873454021625	0.00164227756913278
2.1e+07	21500000	-0.00301272376740201	-0.0036687345400755	0.00164227756945835
21500000	2.2e+07	-0.00301272376747521	-0.0036687345400883	0.00164227756926884
2.2e+07	22500000	-0.00301272376737161	-0.00366873454004961	0.00164227756948476
22500000	2.3e+07	-0.00301272376746007	-0.00366873454019303	0.00164227756926464
2.3e+07	23500000	-0.00301272376724752	-0.00366873454012918	0.00164227756931181
23500000	2.4e+07	-0.00301272376773485	-0.00366873453823393	0.00164227757135232
2.4e+07	24500000	-0.00301272376728385	-0.00366873454019877	0.00164227756936828
24500000	2.5e+07	-0.00301272376744817	-0.00366873454018742	0.00164227756913636
2.5e+07	25500000	-0.00301272376730178	-0.00366873453999044	0.00164227756948745
25500000	2.6e+07	-0.00301272376742652	-0.00366873454006986	0.00164227756933546
2.6e+07	26500000	-0.00301272376751449	-0.00366873454001969	0.00164227756935441
26500000	2.7e+07	-0.00301272376754829	-0.00366873454017064	0.0016422775691547
2.7e+07	27500000	-0.00301272376738379	-0.00366873454004666	0.00164227756946201
27500000	2.8e+07	-0.00301272376742691	-0.00366873454027689	0.00164227756915637
2.8e+07	28500000	-0.00301272376735985	-0.00366873454014591	0.00164227756929387
28500000	2.9e+07	-0.00301272376728968	-0.00366873454008911	0.00164227756947943
2.9e+07	29500000	-0.00301270980352138	-0.00366873769477104	0.00164227598983871
29500000	3e+07	-0.00301273773158077	-0.00366873138547372	0.00164227914872227
3e+07	30500000	-0.00301284401913864	-0.00366858395603555	0.00164239268707148
30500000	3.1e+07	-0.00301319090360335	-0.00366889872140764	0.00164234490758162
3.1e+07	31500000	-0.00301323417557644	-0.00366997093086732	0.00164342628443044
31500000	3.2e+07	-0.0030136283058493	-0.00367042815847388	0.00164203852237881
3.2e+07	32500000	-0.00301446415294202	-0.00366843071902449	0.00164206970488578
32500000	3.3e+07	-0.00301319409163862	-0.00366955779379005	0.00163984799927743
3.3e+07	33500000	-0.00301343424123108	-0.00366659966797296	0.00164440822579877
33500000	3.4e+07	-0.0030127348535502	-0.00366873211174583	0.00164227886668193
3.4e+07	34500000	-0.0030127352737468	-0.00366873164161783	0.00164227869954626
34500000	3.5e+07	-0.00301273528601877	-0.00366873162815416	0.00164227869529623
3.5e+07	35500000	-0.00301273527966748	-0.0036687316349774	0.00164227869733846
35500000	3.6e+07	-0.00301273528458645	-0.00366873162916207	0.00164227869532523
3.6e+07	36500000	-0.00301273527376198	-0.00366873164161631	0.00164227869954552
36500000	3.7e+07	-0.00301273527942423	-0.00366873163504941	0.00164227869758714
3.7e+07	37500000	-0.00301273906996568	-0.00366861829889933	0.00164269573084799
37500000	3.8e+07	-0.00301273148908907	-0.00366884497120837	0.00164186166437299
3.8e+07	38500000	-0.00302219139970808	-0.00366754650687429	0.00164004682942733
38500000	3.9e+07	-0.00302221779206644	-0.00366510939767152	0.00165215185939962
3.9e+07	39500000	-0.00300625403617009	-0.00366914531239917	0.00163742260357403
39500000	4e+07	-0.00301194965805502	-0.00366841872836493	0.00165518664476097
4e+07	40500000	-0.0030108242851339	-0.00366302359867289	0.00164005699456607
40500000	4.1e+07	-0.00299746378242036	-0.00367503518283141	0.0016445279289703
4.1e+07	41500000	-0.00301854362980736	-0.00367136607368144	0.00161731985936893
41500000	4.2e+07	-0.0030126027451105	-0.0036729219362418	0.00164614523497351
4.2e+07	42500000	-0.00303684237538632	-0.00356786762080691	0.00164896428842334
42500000	4.3e+07	-0.00299489343323821	-0.00376539098589154	0.00164639191648638
4.3e+07	43500000	-0.00300575816435464	-0.00367118810359503	0.0016333365939039
43500000	4.4e+07	-0.00300828777424959	-0.00366634346238174	0.00164544989114047
4.4e+07	44500000	-0.00301288432373818	-0.00366880841920748	0.00164204588619691
44500000	4.5e+07	-0.00301273527988273	-0.00366873163349531	0.00164227869886702
4.5e+07	45500000	-0.00301273527777236	-0.00366873164122492	0.00164227869243822
45500000	4.6e+07	-0.0030127352776483	-0.00366873164119838	0.00164227869223075
4.6e+07	46500000	-0.00301273527565295	-0.00366873164865586	0.00164227868593093
46500000	4.7e+07	-0.00301273527759979	-0.00366873164122123	0.00164227869220949
4.7e+07	47500000	-0.00301273527766329	-0.0036687316410873	0.00164227869231232
47500000	4.8e+07	-0.00301273527773584	-0.00366873164108824	0.00164227869246953
4.8e+07	48500000	-0.00301273527771214	-0.00366873164130018	0.00164227869219178
48500000	4.9e+07	-0.00301273527771458	-0.00366873164108517	0.00164227869247934
4.9e+07	49500000	-0.0030127352777727	-0.00366873164118917	0.00164227869225143
49500000	5e+07	-0.00301273527748607	-0.0036687316420813	0.0016422786914756
5e+07	50500000	-0.00301273527777856	-0.00366873164105378	0.00164227869234201
50500000	5.1e+07	-0.00301273527758742	-0.00366873164117681	0.00164227869232692
5.1e+07	51500000	-0.00301273527756356	-0.00366873164122464	0.00164227869210928
51500000	5.2e+07	-0.00301273527778123	-0.00366873164102275	0.00164227869253084
5.2e+07	52500000	-0.00301273527766327	-0.00366873164105996	0.00164227869232133
52500000	5.3e+07	-0.00301273527770889	-0.00366873164121483	0.00164227869229314
5.3e+07	53500000	-0.00301273527764818	-0.00366873164107377	0.00164227869227962
53500000	5.4e+07	-0.00301273527791549	-0.00366873164125311	0.00164227869218364
5.4e+07	54500000	-0.0030127352778424	-0.00366873164117834	0.00164227869230464
54500000	5.5e+07	-0.00301273527775147	-0.00366873164111791	0.00164227869223369
5.5e+07	55500000	-0.00301273527748723	-0.00366873164091286	0.0016422786923053
55500000	5.6e+07	-0.00301284115912329	-0.00366873988383744	0.00164216834446714
5.6e+07	56500000	-0.00301262939588456	-0.00366872339806563	0.00164238904015214
56500000	5.7e+07	-0.00301273943565566	-0.00366873142595467	0.0016422824701619
5.7e+07	57500000	-0.00301273103394692	-0.00366873242522241	0.00164227486686811
57500000	5.8e+07	-0.00301275267887556	-0.003668725657756	0.00164229423180437
5.8e+07	58500000	-0.00301275525013654	-0.00366873216859791	0.00164229116271485
58500000	5.9e+07	-0.00301275307329979	-0.00366872445927905	0.00164229473686746
5.9e+07	59500000	-0.00301273499140549	-0.00366871242830258	0.00164230431831882
59500000	6e+07	-0.00301273489262754	-0.00366871985776586	0.00164230341339179
6e+07	60500000	-0.00301274148287481	-0.00366871321142627	0.00164230035941456
60500000	6.1e+07	-0.00301272410995562	-0.00366873084137001	0.00164230743944442
6.1e+07	61500000	-0.0030127247084659	-0.00366873016529871	0.00164230780937245
61500000	6.2e+07	-0.00301272470830195	-0.0036687301652486	0.00164230780939321
6.2e+07	62500000	-0.00301272470809234	-0.00366873016518457	0.00164230780949123
62500000	6.3e+07	-0.00301272470827171	-0.00366873016523213	0.00164230780933391
6.3e+07	63500000	-0.0030127247084022	-0.00366873016523965	0.0016423078093448
63500000	6.4e+07	-0.00301272470818963	-0.00366873016514241	0.00164230780939186
6.4e+07	64500000	-0.0030127247085176	-0.00366873016525339	0.00164230780931093
64500000	6.5e+07	-0.00301272470811662	-0.00366873016518002	0.00164230780948898
6.5e+07	65500000	-0.00301272470846898	-0.00366873016519112	0.0016423078093311
65500000	6.6e+07	-0.00301272470823808	-0.00366873016512854	0.00164230780944805
6.6e+07	66500000	-0.00301272470829272	-0.00366873016513613	0.00164230780944438
66500000	6.7e+07	-0.00301272470819842	-0.00366873016526012	0.00164230780957516
6.7e+07	67500000	-0.00301272470836894	-0.00366873016529298	0.00164230780928423
67500000	6.8e+07	-0.00301272470833223	-0.00366873016522267	0.00164230780942883
6.8e+07	68500000	-0.0030127247081991	-0.00366873016522652	0.00164230780921159
68500000	6.9e+07	-0.00301272470848751	-0.00366873016529334	0.00164230780917747
6.9e+07	69500000	-0.00301272470824746	-0.003668730165214	0.00164230780931483
69500000	7e+07	-0.00301272470811978	-0.00366873016519846	0.0016423078094238
7e+07	70500000	-0.00301272470827421	-0.00366873016510673	0.00164230780960359
70500000	7.1e+07	-0.00301272470828392	-0.00366873016524137	0.00164230780929679
7.1e+07	71500000	-0.00301272470841129	-0.00366873016522446	0.0016423078093478
71500000	7.2e+07	-0.00301272470832965	-0.00366873016525842	0.00164230780919298
7.2e+07	72500000	-0.00301272074472899	-0.00366873092433763	0.00164230110414107
72500000	7.3e+07	-0.00301267655000938	-0.00366881136907035	0.00164231900274528
7.3e+07	73500000	-0.00301280816309837	-0.00366879354180817	0.00164214402607862
73500000	7.4e+07	-0.00301268083875498	-0.00366858768427735	0.00164244618504361
7.4e+07	74500000	-0.00301275312251569	-0.00366867665215314	0.00164230799027392
74500000	7.5e+07	-0.00301268980537885	-0.00366878446341961	0.00164229636276914
7.5e+07	75500000	-0.00301272153742293	-0.00366873077249553	0.00164230244519699
75500000	7.6e+07	-0.0030127215376296	-0.00366873077261888	0.001642302445062
7.6e+07	76500000	-0.00301272153958132	-0.00366873077297186	0.00164230244339461
76500000	7.7e+07	-0.00301272153739869	-0.00366873077251229	0.00164230244518107
7.7e+07	77500000	-0.00301272153769307	-0.00366873077244696	0.00164230244518138
77500000	7.8e+07	-0.00301272153739265	-0.00366873077245168	0.00164230244515656
7.8e+07	78500000	-0.00301272153768739	-0.00366873077265854	0.0016423024450023
78500000	7.9e+07	-0.00301272153748991	-0.0036687307725854	0.00164230244510031
7.9e+07	79500000	-0.00301272153757498	-0.00366873077263863	0.00164230244506121
79500000	8e+07	-0.00301272153733811	-0.00366873077258838	0.00164230244512432
8e+07	80500000	-0.00301272153744437	-0.00366873077251713	0.00164230244509846
80500000	8.1e+07	-0.00301272153740488	-0.00366873077256561	0.00164230244512209
8.1e+07	81500000	-0.00301272153760227	-0.00366873077260521	0.00164230244506721
81500000	8.2e+07	-0.00301272153751406	-0.00366873077242285	0.00164230244514454
8.2e+07	82500000	-0.00301272153753851	-0.00366873077255665	0.00164230244507223
82500000	8.3e+07	-0.00301272153556559	-0.00366873077216736	0.00164230244671289
8.3e+07	83500000	-0.00301272153742891	-0.00366873077248776	0.00164230244524705
83500000	8.4e+07	-0.00301272153754464	-0.00366873077264321	0.0016423024450551
8.4e+07	84500000	-0.00301272153746839	-0.00366873077244838	0.00164230244522422
84500000	8.5e+07	-0.0030127215377298	-0.00366873077240811	0.00164230244500983
8.5e+07	85500000	-0.0030127215374808	-0.00366873077252016	0.00164230244509475
85500000	8.6e+07	-0.00301272153760222	-0.00366873077250349	0.00164230244508202
8.6e+07	86500000	-0.00301272153740793	-0.00366873077257626	0.00164230244511378
86500000	8.7e+07	-0.00301272153728952	-0.00366873077255953	0.00164230244513475
8.7e+07	87500000	-0.00301272153757491	-0.00366873077247772	0.00164230244507429
87500000	8.8e+07	-0.0030127215376993	-0.00366873077251401	0.00164230244510272
8.8e+07	88500000	-0.00301272153750537	-0.00366873077258746	0.00164230244494784
88500000	8.9e+07	-0.00298167148296842	-0.00360148123015137	0.00160215049925991
8.9e+07	89500000	-0.00298779651143079	-0.0036604942846399	0.00169596670774826
89500000	9e+07	-0.00306869686043456	-0.00374421701428893	0.00162879001288585
9e+07	90500000	-0.00301274335121731	-0.00366859943776007	0.00164222732413032
90500000	9.1e+07	-0.00301260411475755	-0.00366881931933664	0.00164233754428266
9.1e+07	91500000	-0.00301281690411057	-0.00366877334914929	0.00164234258174026
91500000	9.2e+07	-0.00301272153749625	-0.00366873077257984	0.00164230244495538
9.2e+07	92500000	-0.00301272153752628	-0.00366873077252159	0.00164230244511609
92500000	9.3e+07	-0.00301272153749594	-0.00366873077252769	0.00164230244510998
9.3e+07	93500000	-0.00301272153771445	-0.00366873077253822	0.00164230244512105
93500000	9.4e+07	-0.00301272052486466	-0.00366872839215622	0.00164230100977974
9.4e+07	94500000	-0.00301271899034737	-0.00366872968234663	0.00164229706434936
94500000	9.5e+07	-0.00301272482713336	-0.0036687315290673	0.00164230699525736
9.5e+07	95500000	-0.00301272079449685	-0.00366873110568777	0.00164230327584953
95500000	9.6e+07	-0.00301272379662794	-0.00366872095274746	0.00164229437504887
9.6e+07	96500000	-0.0030127180949636	-0.0036687428366406	0.00164231289274307
96500000	9.7e+07	-0.00301272373285277	-0.00366873090779269	0.00164230150330048
9.7e+07	97500000	-0.00301272153751428	-0.00366873077252488	0.00164230244504551
97500000	9.8e+07	-0.00301272153758708	-0.00366873077251114	0.00164230244506305
9.8e+07	98500000	-0.0030127215374173	-0.00366873077250244	0.00164230244496482
98500000	9.9e+07	-0.00301272153762011	-0.00366873077253169	0.00164230244525591
9.9e+07	99500000	-0.00301272153769054	-0.00366873077256017	0.00164230244492532
99500000	1e+08	-0.00301272153734121	-0.00366873077252632	0.00164230244508085
1e+08	100500000	-0.00301272153759316	-0.00366873077238982	0.00164230244504062
100500000	1.01e+08	-0.00301272153759312	-0.00366873077244436	0.00164230244506737
1.01e+08	101500000	-0.00301272153745382	-0.00366873077251475	0.00164230244491333
101500000	1.02e+08	-0.00301272153764043	-0.00366873077303803	0.00164230244582153
1.02e+08	102500000	-0.00301272153745075	-0.00366873077256019	0.00164230244493777
102500000	1.03e+08	-0.00301272153753558	-0.0036687307725341	0.00164230244501371
1.03e+08	103500000	-0.00301272153766314	-0.00366873077235829	0.00164230244494124
103500000	1.04e+08	-0.00301272153763847	-0.00366873077243491	0.00164230244515923
1.04e+08	104500000	-0.0030127215374229	-0.00366873077242873	0.00164230244520661
104500000	1.05e+08	-0.00301272153757881	-0.00366873077208351	0.0016423024445554
1.05e+08	105500000	-0.00301272153741108	-0.00366873077247182	0.00164230244503906
105500000	1.06e+08	-0.00301272153774753	-0.00366873077247241	0.00164230244527263
1.06e+08	106500000	-0.00301272153757801	-0.00366873077240656	0.00164230244502851
106500000	1.07e+08	-0.0030127215374934	-0.00366873077255745	0.0016423024448521
1.07e+08	107500000	-0.00301272153775665	-0.0036687307724876	0.00164230244526815
107500000	1.08e+08	-0.00301272153752684	-0.00366873077249232	0.00164230244481475
1.08e+08	108500000	-0.00301272153762923	-0.00366873077234515	0.00164230244522187
108500000	1.09e+08	-0.00301272153742653	-0.00366873077250268	0.00164230244489731
1.09e+08	109500000	-0.00301272153747792	-0.00366873077249773	0.00164230244500437
109500000	1.1e+08	-0.00301272153761445	-0.00366873077231862	0.00164230244500474
1.1e+08	110500000	-0.00301272153757495	-0.00366873077245505	0.00164230244504841
110500000	1.11e+08	-0.00301272153756537	-0.00366873077243747	0.00164230244529796
1.11e+08	111500000	-0.00301272153756675	-0.0036687307725038	0.00164230244457282
111500000	1.12e+08	-0.00301272153765384	-0.00366873077246105	0.00164230244506299
1.12e+08	112500000	-0.00301272153743251	-0.00366873077242666	0.00164230244493726
112500000	1.13e+08	-0.00301272153771121	-0.00366873077246047	0.00164230244521941
1.13e+08	113500000	-0.00301272153746289	-0.00366873077246765	0.0016423024449276
113500000	1.14e+08	-0.0030130901139418	-0.00366866026279007	0.00164238276233191
1.14e+08	114500000	-0.0030127241234288	-0.00366859633363868	0.00164235696874598
114500000	1.15e+08	-0.00301244866683613	-0.00366875462601606	0.00164267328934619
1.15e+08	115500000	-0.00301266735228734	-0.00366872131756699	0.00164230513736598
115500000	1.16e+08	-0.00301268886422938	-0.00366873454545249	0.00164228125055708
1.16e+08	116500000	-0.00301270024034279	-0.00366872022723768	0.00164226092484904
116500000	1.17e+08	-0.00301520800748604	-0.003669839879652	0.00164232473950896
1.17e+08	117500000	-0.00301308404641068	-0.00366818463996905	0.00164193585239669
117500000	1.18e+08	-0.00301422343386394	-0.00366739272394069	0.00164197415286439
1.18e+08	118500000	-0.00301329940747486	-0.00366773703367842	0.00164160495975126
118500000	1.19e+08	-0.0030139657011378	-0.00366972373318015	0.00164017924056396
1.19e+08	119500000	-0.00301442343527357	-0.00366860332552845	0.0016424156010219
119500000	1.2e+08	-0.00301271881111593	-0.00366873961808908	0.00164228055358082
1.2e+08	120500000	-0.00301272153748709	-0.00366873077245386	0.00164230244496326
120500000	1.21e+08	-0.00301272153731139	-0.00366873077254251	0.00164230244480011
1.21e+08	121500000	-0.00301272153756287	-0.00366873077244758	0.00164230244501725
121500000	1.22e+08	-0.00301272153758773	-0.0036687307724047	0.00164230244469998
1.22e+08	122500000	-0.00301272153753269	-0.00366873077242365	0.00164230244491998
122500000	1.23e+08	-0.00301272153758111	-0.00366873077240365	0.00164230244499285
1.23e+08	123500000	-0.0030127215372749	-0.00366873077236492	0.00164230244481382
123500000	1.24e+08	-0.00301272153746889	-0.00366873077239775	0.00164230244495316
1.24e+08	124500000	-0.00301272153754518	-0.00366873077262603	0.0016423024447667
124500000	1.25e+08	-0.00301272153746596	-0.00366873077242223	0.00164230244489937
1.25e+08	125500000	-0.00301272154468898	-0.00366873067639599	0.00164230252990259
125500000	1.26e+08	-0.00301272168269078	-0.00366873083872959	0.00164230238113534
1.26e+08	126500000	-0.0030127213848063	-0.0036687308014386	0.00164230242322249
126500000	1.27e+08	-0.00301328451949214	-0.00366825019261536	0.00164294201152661
1.27e+08	127500000	-0.00301270223744061	-0.00366831000181861	0.00164297298587266
127500000	1.28e+08	0.00107677020056538	-0.0171847526083532	0.00424948626208156
1.28e+08	128500000	-0.00520409128478432	-0.0034376781722213	-0.001761244634148
128500000	1.29e+08	-0.00493556377031058	0.00963982098038925	0.00247476531963563
1.29e+08	129500000	-0.00299872261026451	-0.00366043901682688	0.00163513448992318
129500000	1.3e+08	-0.00300712320344386	-0.00365089555945722	0.00163875702100728
1.3e+08	130500000	-0.00299905001215614	-0.00366437688206524	0.00164917207104223
130500000	1.31e+08	-0.00301744906151548	-0.00368967353418717	0.00165843552902115
1.31e+08	131500000	-0.00301329197222858	-0.0036670122730566	0.00164084993869377
131500000	1.32e+08	-0.00301303806152198	-0.00366717397140164	0.00164082723238578
1.32e+08	132500000	-0.00301535366537821	-0.00366836212236251	0.00164100995129529
132500000	1.33e+08	-0.00301275441277129	-0.00366984185790111	0.00164299147655766
1.33e+08	133500000	-0.00301331206234156	-0.00366985557691129	0.00164229310375683
133500000	1.34e+08	-0.00301289237222787	-0.00366891003867781	0.00164393998062299
1.34e+08	134500000	-0.00301365153620616	-0.00366690116655022	0.00164319613906006
134500000	1.35e+08	-0.0030124346184234	-0.003667935678156	0.00164301334504325
1.35e+08	135500000	-0.00346584917643385	-0.00353781294451062	0.00120631339078697
135500000	1.36e+08	-0.0030180218392146	-0.00366942004696208	0.00164589743997065
1.36e+08	136500000	-0.0030128061329017	-0.00366872423289922	0.00164230063314712
136500000	1.37e+08	-0.00301271867056004	-0.00366869002818893	0.00164234043514105
1.37e+08	137500000	-0.00301285276284405	-0.00366875449429289	0.00164229702510629
137500000	1.38e+08	-0.00301291899057189	-0.00366867741126562	0.00164249266448565
1.38e+08	138500000	-0.00301356683501343	-0.00366846145687544	0.00164223513474021
138500000	1.39e+08	-0.00301318036758125	-0.0036671690164205	0.00164209187636764
1.39e+08	139500000	-0.00301265937246338	-0.00366834040196223	0.00164057815132473
139500000	1.4e+08	-0.00301617262534578	-0.00369195406597789	0.00166739511398243
1.4e+08	140500000	-0.0030023299560666	-0.00368356116181555	0.00160987815240537
140500000	1.41e+08	-0.00298923735323485	-0.00364869050306541	0.00164926560895347
1.41e+08	141500000	-0.00304536051735904	-0.00354552552421415	0.00169557172772155
141500000	1.42e+08	-0.0030175060935261	-0.00369655857322669	0.00161955300906267
1.42e+08	142500000	-0.00302737451534233	-0.00365710050788134	0.00164748725625315
142500000	1.43e+08	-0.00298901536222238	-0.00367239988009371	0.00165211008176913
1.43e+08	143500000	-0.00301655701618893	-0.00365580239338951	0.00164155457268794
143500000	1.44e+08	1.17516930676227	0.329357515894065	1.1580905436324
1.44e+08	144500000	-1.18121600242097	-0.336691521145428	-1.15482412675409
144500000	1.45e+08	-0.00301774937088207	-0.00367875471612736	0.00163247150242392
1.45e+08	145500000	0.263320604745451	-0.134035861233502	-0.0272778576613691
145500000	1.46e+08	-0.268805988357503	0.12664099721884	0.0308142247300864
1.46e+08	146500000	-5.04958011018559	2.47218608475472	-0.272399256652309
146500000	1.47e+08	-1.14578904587797	0.419056040454341	0.307339478463758
1.47e+08	147500000	6.18604210186528	-2.9023257961222	-0.0301115210522239
147500000	1.48e+08	-0.658472062678966	0.230601246089853	0.344033055784314
1.48e+08	148500000	0.652696075433975	-0.23805625023366	-0.340528290946996
148500000	1.49e+08	-0.0030135654885375	-0.00366979978498103	0.00164010763291521
1.49e+08	149500000	-0.00301236491487357	-0.00366680021327528	0.0016421241980303
149500000	1.5e+08	-0.00301271882611401	-0.00366873109771613	0.00164230582533784
1.5e+08	150500000	-0.00301272280800801	-0.00366873213698861	0.00164229997837854
150500000	1.51e+08	-0.00301272182633215	-0.00366871721463085	0.00164230748037745
1.51e+08	151500000	-0.0030127244420519	-0.00366871009232476	0.00164229952523416
151500000	1.52e+08	-0.00301274490267374	-0.00366870183961383	0.00164231020384072
1.52e+08	152500000	-0.00301276606049212	-0.00366871692496775	0.00164234061170978
152500000	1.53e+08	-0.00301273115508016	-0.00366872567292942	0.00164232655513145
1.53e+08	153500000	-0.00301271014749881	-0.00366876021302695	0.00164227310829157
153500000	1.54e+08	-0.00301271049076379	-0.00366871905774138	0.00164228586710955
1.54e+08	154500000	-0.0030127185306839	-0.00366873929637708	0.00164229407559604
154500000	1.55e+08	-0.00301275847270982	-0.00366878908778089	0.00164225881019995
1.55e+08	155500000	-0.00301272898559888	-0.00366874779378519	0.00164230927988937
155500000	1.56e+08	-0.00301273802889083	-0.00366874820243052	0.00164228188077952
1.56e+08	156500000	-0.0030127206300981	-0.0036687188578537	0.00164230842914144
156500000	1.57e+08	-0.0030127220004615	-0.00366871893151209	0.00164230721277327
1.57e+08	157500000	-0.00301271925996111	-0.00366871878167895	0.00164230964581528
157500000	1.58e+08	-0.00301272062925653	-0.00366871885647596	0.00164230842900493
1.58e+08	158500000	-0.00301270763531757	-0.00366871698543247	0.00164230495077681
158500000	1.59e+08	-0.00301270269058428	-0.00366871488766106	0.00164229084106013
1.59e+08	159500000	-0.00301212878625791	-0.00366817371787499	0.00164226120521082
159500000	1.6e+08	-0.0030127206524174	-0.00366871870610066	0.00164230815550439
1.6e+08	160500000	-0.0030127205371047	-0.00366871945877569	0.00164230952303151
160500000	1.61e+08	-0.00301272053702466	-0.00366871945858823	0.00164230952309541
1.61e+08	161500000	-0.00301272053703772	-0.00366871945863299	0.00164230952297058
161500000	1.62e+08	-0.00301272053695137	-0.00366871945851837	0.00164230952315623
1.62e+08	162500000	-0.00301272053701684	-0.00366871945884603	0.0016423095231625
162500000	1.63e+08	-0.00301272053699724	-0.00366871945861579	0.0016423095230289
1.63e+08	163500000	-0.00301260754818765	-0.00367004217456819	0.00164187850931939
163500000	1.64e+08	-0.00301278615681106	-0.0036687447556975	0.00164224995668143
1.64e+08	164500000	-0.00301561357552329	-0.00367839582753405	0.00164463423599446
164500000	1.65e+08	-0.00301261215380803	-0.00367012346698807	0.00163985297263527
1.65e+08	165500000	-0.00301148497834746	-0.00366746108828918	0.00164069625715962
165500000	1.66e+08	-0.0030099755005644	-0.00367057050779773	0.00163837886651171
1.66e+08	166500000	-0.0030155930855715	-0.00367534228289149	0.00164487229946999
166500000	1.67e+08	-0.0030137098236376	-0.00366144364725281	0.0016453871879457
1.67e+08	167500000	-0.00304888179424576	-0.00348677865894024	0.00160364542866953
167500000	1.68e+08	-0.00300319296695508	-0.00366514060944274	0.00164748733480769
1.68e+08	168500000	-0.00298617489680484	-0.00385409945104362	0.00167591039883032
168500000	1.69e+08	-0.00301286044681865	-0.00366864657901325	0.00164283913571191
1.69e+08	169500000	-0.00301282212787094	-0.00366856347010566	0.00164237573321388
169500000	1.7e+08	-0.00301272620356431	-0.00366871611603237	0.00164231957597585
1.7e+08	170500000	-0.00301271920836295	-0.00366871625114925	0.0016422989318572
170500000	1.71e+08	-0.00301271557604683	-0.0036687269961502	0.00164230912571725
1.71e+08	171500000	-0.00301272053700848	-0.00366871945861651	0.00164230952302536
171500000	1.72e+08	-0.00301272053691367	-0.00366871945840117	0.00164230952318886
1.72e+08	172500000	-0.00301272053702227	-0.00366871945862936	0.00164230952305653
172500000	1.73e+08	-0.00301272053704124	-0.0036687194588064	0.00164230952311117
1.73e+08	173500000	-0.00301272053687269	-0.0036687194585385	0.00164230952326618
173500000	1.74e+08	-0.00301272053719656	-0.00366871945865051	0.00164230952296544
1.74e+08	174500000	-0.00301272053715622	-0.00366871945871649	0.00164230952297354
174500000	1.75e+08	-0.0030127205369165	-0.00366871945848506	0.00164230952322748
1.75e+08	175500000	-0.00301272053699964	-0.00366871945867492	0.00164230952300336
175500000	1.76e+08	-0.00301272053703808	-0.00366871945863672	0.00164230952312858
1.76e+08	176500000	-0.00301272053679029	-0.00366871945857759	0.00164230952294954
176500000	1.77e+08	-0.00301272053694511	-0.00366871945862581	0.00164230952316492
1.77e+08	177500000	-0.00301272053707213	-0.00366871945864739	0.00164230952309592
177500000	1.78e+08	-0.00301272053711349	-0.00366871945864602	0.00164230952322807
1.78e+08	178500000	-0.00301272053689765	-0.00366871945845607	0.00164230952318197
178500000	1.79e+08	-0.0030127205372075	-0.003668719458595	0.00164230952306928
1.79e+08	179500000	-0.00301271637867921	-0.00366871768795445	0.00164231198340205
179500000	1.8e+08	-0.00301272378342718	-0.00366872373436113	0.00164231212840608
1.8e+08	180500000	-0.00301272144961031	-0.00366871695443627	0.00164230445726014
180500000	1.81e+08	-0.00301272175033319	-0.0036687190727366	0.00164230768107054
1.81e+08	181500000	-0.00301271934042814	-0.00366871810453286	0.0016423093047576
181500000	1.82e+08	-0.00301272052082301	-0.00366872119909357	0.00164231158328379
1.82e+08	182500000	-0.00301272180593757	-0.00366872106941852	0.00164230929735633
182500000	1.83e+08	-0.0030127199181399	-0.00366872838015835	0.00164233066575624
1.83e+08	183500000	-0.00301272743352467	-0.0036687308837146	0.00164231921565674
183500000	1.84e+08	-0.00301271252544895	-0.00366872019379372	0.00164232946917743
1.84e+08	184500000	-0.00301272004193135	-0.00366872659586444	0.00164232643722672
184500000	1.85e+08	-0.00301272004165735	-0.00366872659564193	0.00164232643698677
1.85e+08	185500000	-0.00301272004204587	-0.00366872659592966	0.00164232643718938
185500000	1.86e+08	-0.00301272004170398	-0.00366872659570433	0.0016423264373564
1.86e+08	186500000	-0.00301272004191028	-0.00366872659583382	0.00164232643715435
186500000	1.87e+08	-0.00301272004171426	-0.00366872659569547	0.00164232643732035
1.87e+08	187500000	-0.0030127200419298	-0.00366872659583957	0.00164232643726927
187500000	1.88e+08	-0.00301272004210292	-0.00366872659596199	0.00164232643711813
1.88e+08	188500000	-0.00301272004172021	-0.00366872659571658	0.00164232643709798
188500000	1.89e+08	-0.00301272001707682	-0.00366872663169547	0.00164232646779116
