0	5e+05	-1.51365580757055	-0.301421763071989	1.62822448401952
5e+05	1e+06	-1.49287932633326	-0.273196443631345	1.62906183297785
1e+06	1500000	-1.45163215065366	-0.217122362662365	1.63071848963629
1500000	2e+06	-1.39428836893054	-0.139177421172126	1.63296284557798
2e+06	2500000	-1.33100818566811	-0.0530021747620657	1.63543287639305
2500000	3e+06	-1.27480969966658	0.02824443470362	1.66221276887885
3e+06	3500000	-1.26459972435423	0.0942159745192607	1.67838778735262
3500000	4e+06	-1.25445936936265	0.143482850111868	1.67236317433128
4e+06	4500000	-1.27281658696468	0.173039534578422	1.61424550999215
4500000	5e+06	-1.28960492353054	0.18832924035043	1.52940626813328
5e+06	5500000	-1.34176291253398	0.20095107968838	1.42764423168651
5500000	6e+06	-1.37533904782802	0.239138727919867	1.33574043770903
6e+06	6500000	-1.41779560934703	0.277594675070534	1.28309976221011
6500000	7e+06	-1.48416997188887	0.330855728956971	1.28168041717137
7e+06	7500000	-1.55845992296213	0.374917962206268	1.27155444456086
7500000	8e+06	-1.64206163218692	0.431236587122743	1.24440736922508
8e+06	8500000	-1.71118231543908	0.479662945037	1.19764963461481
8500000	9e+06	-1.78841051075753	0.50052999999721	1.16654844906642
9e+06	9500000	-1.84362729686931	0.473617574136399	1.14043064527286
9500000	1e+07	-1.89312714843846	0.400489024850247	1.10936703637608
1e+07	10500000	-1.93785814411338	0.323268023883822	1.08004763643632
10500000	1.1e+07	-1.98925314711714	0.243150604484651	1.04879111754849
1.1e+07	11500000	-2.040724833452	0.164558244802618	1.01751010574272
11500000	1.2e+07	-2.09823054248233	0.0749890364236252	0.982585491676288
1.2e+07	12500000	-2.13482664551046	-0.0157524845719769	0.971239732557922
12500000	1.3e+07	-2.12084754237396	-0.0859521131817273	0.968794508517776
1.3e+07	13500000	-2.0534590693132	-0.113367112552993	0.993365784701772
13500000	1.4e+07	-1.93917737247622	-0.121381762984813	1.02128384913607
1.4e+07	14500000	-1.83775117359718	-0.100602134032044	1.0584443444862
14500000	1.5e+07	-1.76788053504782	-0.046617693815984	1.08200743544868
1.5e+07	15500000	-1.74465296127196	0.0493537362729337	1.09106377566105
15500000	1.6e+07	-1.71329827319658	0.14419162551097	1.10632646237063
1.6e+07	16500000	-1.6579670518211	0.221613823445954	1.132591588541
16500000	1.7e+07	-1.58290786573582	0.290488758250399	1.16834342517858
1.7e+07	17500000	-1.51477823153785	0.365492021387713	1.20139985634462
17500000	1.8e+07	-1.45374944220828	0.394659464158446	1.2251339192199
1.8e+07	18500000	-1.36974945976833	0.385744175498631	1.25031873900724
18500000	1.9e+07	-1.27634514833665	0.364429610045101	1.27604476777042
1.9e+07	19500000	-1.17438755014318	0.366960834344741	1.27719800234619
19500000	2e+07	-1.09698528054121	0.411497740267568	1.26349966191374
2e+07	20500000	-1.0481948123418	0.476253651999399	1.23055733405771
20500000	2.1e+07	-1.03599370326703	0.54292164464125	1.18753165502998
2.1e+07	21500000	-1.09065223147996	0.582285139190463	1.13208841308171
21500000	2.2e+07	-1.17794787155571	0.600093085947627	1.06284697893979
2.2e+07	22500000	-1.2823345388007	0.601521507498928	1.01326224841673
22500000	2.3e+07	-1.36800983711471	0.590348332324232	0.967565361978661
2.3e+07	23500000	-1.44962748866877	0.556938770970142	0.93240993983287
23500000	2.4e+07	-1.5371134648558	0.51983062300655	0.895495712354355
2.4e+07	24500000	-1.634985014804	0.479286897593037	0.853787322041156
24500000	2.5e+07	-1.7363343051858	0.436955639935505	0.810772912948995
2.5e+07	25500000	-1.8064275611252	0.374662635467037	0.779165526478116
25500000	2.6e+07	-1.84530528316193	0.320142106091888	0.79719497419453
2.6e+07	26500000	-1.82360560180087	0.258947556993565	0.844459033415921
26500000	2.7e+07	-1.78286336972038	0.214287982917988	0.924570626797478
2.7e+07	27500000	-1.71500692008115	0.195594057912098	0.984954146230686
27500000	2.8e+07	-1.64366646920407	0.207679170982623	1.01597744480975
2.8e+07	28500000	-1.56458746603317	0.229326443882925	0.995866725772066
28500000	2.9e+07	-1.47170559718536	0.216157725775507	0.957542747338963
2.9e+07	29500000	-1.38160452866118	0.201188674347757	0.94688482415923
29500000	3e+07	-1.29116474579208	0.179036678635203	0.984160117478437
3e+07	30500000	-1.22707865709555	0.141190174140014	1.03095018449019
30500000	3.1e+07	-1.15644410947902	0.0973684032733274	1.0770404056546
3.1e+07	31500000	-1.06871112743067	0.0565858425418484	1.11547554970089
31500000	3.2e+07	-0.962927622293898	0.0401083296553644	1.16054702652063
3.2e+07	32500000	-0.867821496813617	0.0131832137602663	1.20360616715176
32500000	3.3e+07	-0.78525613541026	-0.0106832625218877	1.24083044372113
3.3e+07	33500000	-0.703323189138018	-0.0342951051978236	1.27781463135154
33500000	3.4e+07	-0.61805125013128	-0.0311199028118515	1.30687981803612
3.4e+07	34500000	-0.535560129874935	-0.00629202430864476	1.32762217208911
34500000	3.5e+07	-0.440675729552592	0.0433492863502713	1.34432946118988
3.5e+07	35500000	-0.353648082572545	0.0876462205053632	1.359781658221
35500000	3.6e+07	-0.260218490468652	0.145797293309283	1.37206092526072
3.6e+07	36500000	-0.180474037058068	0.20547917545004	1.37845143689181
36500000	3.7e+07	-0.0960569664212918	0.270367625176464	1.38446819358189
3.7e+07	37500000	-0.0179244009556411	0.329117181314419	1.39030958623933
37500000	3.8e+07	0.0597988961226159	0.387589214327678	1.39589399874158
3.8e+07	38500000	0.135531148960191	0.444708820342483	1.40108147137072
38500000	3.9e+07	0.212142123676322	0.502682415295912	1.40639258955643
3.9e+07	39500000	0.298331205032878	0.567843684828512	1.41232655034107
39500000	4e+07	0.386571292783339	0.634585436708998	1.41853200875898
4e+07	40500000	0.436684181887528	0.682464208418264	1.44469675411816
40500000	4.1e+07	0.444480303861112	0.717206131545842	1.50967551160605
4.1e+07	41500000	0.431708213704018	0.749377849469724	1.60492542665823
41500000	4.2e+07	0.412969804912369	0.780096820167121	1.70536101901461
4.2e+07	42500000	0.415130242381055	0.816556045525724	1.78596227026092
42500000	4.3e+07	0.423284058938366	0.856538879556078	1.86296054947897
4.3e+07	43500000	0.457883723391718	0.915373386856647	1.94092569879909
43500000	4.4e+07	0.490074798277152	0.975702594909323	2.02599304731395
4.4e+07	44500000	0.537283088532871	1.03125423653189	2.10656581959945
44500000	4.5e+07	0.591032984623247	1.0843683129217	2.18477938397394
4.5e+07	45500000	0.661393242470491	1.11419280238231	2.23387508400836
45500000	4.6e+07	0.712691193176511	1.14463009594062	2.2813052300772
4.6e+07	46500000	0.981474112276202	1.24786402930725	2.45530385573538
46500000	4.7e+07	1.19049895370918	1.33889133310386	2.60601273468239
4.7e+07	47500000	1.37193663852983	1.40251974601359	2.71839618459045
47500000	4.8e+07	1.29234910027507	1.35488731758441	2.65283613416398
4.8e+07	48500000	1.25503838676319	1.30022292632936	2.59401987478148
48500000	4.9e+07	1.2293708034823	1.27223818204116	2.52361405684052
4.9e+07	49500000	1.22745111517056	1.28328971434286	2.43917065818378
49500000	5e+07	1.21196215314201	1.331476189083	2.32983043677718
5e+07	50500000	1.20746073346162	1.37818182041833	2.22686086973844
50500000	5.1e+07	1.17102243131669	1.39198669380601	2.15342694475732
5.1e+07	51500000	1.11670671334735	1.38768924850089	2.10498303615704
51500000	5.2e+07	1.02179249289197	1.36295847251781	2.04757667992592
5.2e+07	52500000	0.936783833804536	1.34845976904462	1.98203298345271
52500000	5.3e+07	0.848480895883108	1.33279073774777	1.91516408319719
5.3e+07	53500000	0.787833921500597	1.3345381418124	1.86212044744365
53500000	5.4e+07	0.730882791569523	1.35283753330664	1.8018211905277
5.4e+07	54500000	0.676236224422485	1.38782068959532	1.73269118960216
54500000	5.5e+07	0.643469427425369	1.43604420555417	1.67875995049938
5.5e+07	55500000	0.631266936138544	1.50541195029473	1.63455406460158
55500000	5.6e+07	0.640733781257138	1.59523070534631	1.6013730967027
5.6e+07	56500000	0.638947247364886	1.6933120335874	1.55398154904209
56500000	5.7e+07	0.637522636897309	1.7849851971216	1.50991416773794
5.7e+07	57500000	0.625738501511376	1.87070753607655	1.46272022968261
57500000	5.8e+07	0.604952397692749	1.9436561661755	1.41600015847127
5.8e+07	58500000	0.553341288898045	1.98732249797147	1.36347123601128
58500000	5.9e+07	0.473162214399321	2.01650313848652	1.29939029329394
5.9e+07	59500000	0.385157040021856	2.04775607965812	1.23032611705746
59500000	6e+07	0.305393351876774	2.10291232180492	1.15636514314156
6e+07	60500000	0.249206292040179	2.16112356613384	1.09654892277701
60500000	6.1e+07	0.187834867896979	2.21757847145233	1.03421324337259
6.1e+07	61500000	0.123463714432615	2.27534694692189	0.969588595831399
61500000	6.2e+07	0.0633164165464923	2.32969707203007	0.909156629082551
6.2e+07	62500000	0.00287774433680484	2.38395267456899	0.848711283244703
62500000	6.3e+07	-0.0599729585105798	2.44063989957061	0.785732492868284
6.3e+07	63500000	-0.12806024967343	2.50225489585359	0.717568926059561
63500000	6.4e+07	-0.199313353226663	2.56717425659095	0.646036801294452
6.4e+07	64500000	-0.256565806718858	2.61942851005679	0.588531291561048
64500000	6.5e+07	-0.30018910664709	2.63585916973633	0.525714154977356
6.5e+07	65500000	-0.322373496927168	2.61192771066604	0.467727196845997
65500000	6.6e+07	-0.337749087555481	2.56123164662417	0.3997853940113
6.6e+07	66500000	-0.501170165682337	2.22518386370382	-0.152999177499537
66500000	6.7e+07	-0.0965420949129741	2.40934277403322	0.384672292382752
6.7e+07	67500000	-0.109117075832419	2.32468850470369	0.273300792203327
67500000	6.8e+07	0.0879180456351746	2.56288419027814	0.737367102438847
6.8e+07	68500000	-0.252252287355509	2.28599876107707	0.139058363971164
68500000	6.9e+07	-0.14346647669358	2.28916426663187	0.22975830949939
6.9e+07	69500000	-0.0668093215768314	2.27241109963485	0.270710221886147
69500000	7e+07	0.00987085005266272	2.26496755803961	0.32268917721786
7e+07	70500000	0.0891803826424172	2.25759155845811	0.376669530064502
70500000	7.1e+07	0.161454565904925	2.25026139103433	0.425221354828049
7.1e+07	71500000	0.197680568032287	2.22880299681537	0.488939018862823
71500000	7.2e+07	0.211978608938047	2.19644553701642	0.568358532023357
7.2e+07	72500000	0.196995469583948	2.13659462179538	0.638078052544946
72500000	7.3e+07	0.19043549834702	2.07758150130574	0.698989679069551
7.3e+07	73500000	0.175050933272526	2.01214844315618	0.746612190546246
73500000	7.4e+07	0.167099845562278	1.95408846920329	0.813799623833553
7.4e+07	74500000	0.157125287637462	1.89492538353084	0.87352027020786
74500000	7.5e+07	0.146942858025073	1.83272941772344	0.937156642855135
7.5e+07	75500000	0.137955690782875	1.77702496861799	0.994771851789774
75500000	7.6e+07	0.128607841670629	1.71749149705226	1.0568906546822
7.6e+07	76500000	0.119615277840948	1.66020334418757	1.11636341259323
76500000	7.7e+07	0.110250387361469	1.60050581731165	1.17824380068414
7.7e+07	77500000	0.100795788447583	1.53981787433502	1.24095795415347
77500000	7.8e+07	0.0903398117078061	1.47167255278814	1.31141427618718
7.8e+07	78500000	0.080270126507677	1.40592247342442	1.37926697179034
78500000	7.9e+07	0.0689988189239373	1.33156352222156	1.4561107820963
7.9e+07	79500000	0.0585890236327164	1.26267383571457	1.52712348854591
79500000	8e+07	0.0365808331540747	1.2262596649443	1.58810401398884
8e+07	80500000	-0.0223062782044861	1.21513249136469	1.68097424089802
80500000	8.1e+07	-0.0940268270631329	1.22609991665528	1.77413844038633
8.1e+07	81500000	-0.168520925778979	1.24613875746866	1.86493589894866
81500000	8.2e+07	-0.211677592214574	1.30211326502907	1.90973141780454
8.2e+07	82500000	-0.212738299334151	1.37966708142367	1.9422723893786
82500000	8.3e+07	-0.164190418210948	1.44179124707803	1.95656771320962
8.3e+07	83500000	-0.073919300803033	1.49276125533083	1.94525565647656
83500000	8.4e+07	0.0103844612437518	1.53560191290529	1.91777229026456
8.4e+07	84500000	0.104245621291463	1.59762189066699	1.89629185953696
84500000	8.5e+07	0.190408678099183	1.64258793415938	1.88391662708875
8.5e+07	85500000	0.326093749677696	1.70082938177781	1.86880766520523
85500000	8.6e+07	0.4395591468602	1.73622557868944	1.86070860318752
8.6e+07	86500000	0.533198456189693	1.74929045223037	1.8366528108929
86500000	8.7e+07	0.535641299480791	1.71288998765293	1.81048360165665
8.7e+07	87500000	0.509487295627399	1.62565725613731	1.75795660345023
87500000	8.8e+07	0.473299169709218	1.53575172193343	1.70680096461329
8.8e+07	88500000	0.445936899985463	1.42544067437449	1.63838823238826
88500000	8.9e+07	0.418373684174018	1.32897577705	1.57982931286488
8.9e+07	89500000	0.40427725672595	1.25778589100281	1.50340044298358
89500000	9e+07	0.390045610551031	1.24104668594625	1.42588340177192
9e+07	90500000	0.376673660756339	1.26599395334846	1.33860531395697
90500000	9.1e+07	0.325778161623814	1.30804889477057	1.27347563104156
9.1e+07	91500000	0.277180536698783	1.35137896632724	1.20973669158818
91500000	9.2e+07	0.220636212519815	1.39727914220667	1.14991481094403
9.2e+07	92500000	0.174716061470818	1.44060350621569	1.07047189284795
92500000	9.3e+07	0.127695446907458	1.48293252973869	0.999456482010265
9.3e+07	93500000	0.0829624374194806	1.52526434328565	0.921971182062451
93500000	9.4e+07	0.036826065653123	1.57064574797534	0.833681167465387
9.4e+07	94500000	-0.00893516067646934	1.61689403439428	0.740712613504215
94500000	9.5e+07	-0.0651868479259502	1.63747261106876	0.665646519138706
9.5e+07	95500000	-0.104269338550432	1.60827144117008	0.650421017091408
95500000	9.6e+07	-0.176006983823471	1.53987019522577	0.635342814863443
9.6e+07	96500000	-0.249690613819102	1.46008297300488	0.625416308825542
96500000	9.7e+07	-0.34767920081501	1.37513340909756	0.595702091726641
9.7e+07	97500000	-0.417102394810713	1.29887502573125	0.588098829297326
97500000	9.8e+07	-0.421120543067087	1.23834930263469	0.586323996400496
9.8e+07	98500000	-0.358501937353772	1.19905117161534	0.582643068269274
98500000	9.9e+07	-0.244535856856592	1.15823994128416	0.577423978774015
9.9e+07	99500000	-0.135682057665613	1.1064762931266	0.572120730191438
99500000	1e+08	-0.0352289200701839	1.08028892273407	0.565899109083868
1e+08	100500000	0.0665258022090928	1.10335063955121	0.557408480081473
100500000	1.01e+08	0.155791548331664	1.17084063555648	0.547778722294436
1.01e+08	101500000	0.242513523182591	1.24846913243333	0.537740375107163
101500000	1.02e+08	0.328118300848725	1.30296778323236	0.534259723815384
1.02e+08	102500000	0.415608810534635	1.30929133459471	0.54896328278254
102500000	1.03e+08	0.506590205301201	1.28087495443143	0.579201887840604
1.03e+08	103500000	0.581796934925768	1.25534084638149	0.627128610679326
103500000	1.04e+08	0.660337107514991	1.2493082491855	0.678102530404417
1.04e+08	104500000	0.702051890215996	1.22541310222481	0.736920073107102
104500000	1.05e+08	0.738398525278768	1.16683889295422	0.807008985476732
1.05e+08	105500000	0.760049797382855	1.08776545751881	0.886276653696875
105500000	1.06e+08	0.769342018862454	1.02752472828842	0.935080098641597
1.06e+08	106500000	0.73902262157843	0.964625567855065	0.94789570365464
106500000	1.07e+08	0.673175857827509	0.90597886190532	0.919464045922883
1.07e+08	107500000	0.594886449501553	0.843438550942225	0.876664889124122
107500000	1.08e+08	0.515445693689639	0.79567551971745	0.818040980880477
1.08e+08	108500000	0.440653482868192	0.756114277793009	0.75899319276134
108500000	1.09e+08	0.389089280580546	0.719339067467039	0.681809444673495
1.09e+08	109500000	0.352358004619843	0.686112064910826	0.596302638183251
109500000	1.1e+08	0.323704670735626	0.652837580133366	0.495667100820821
1.1e+08	110500000	0.286796511744383	0.616410381463651	0.394009880071594
110500000	1.11e+08	0.247232186154454	0.608028811643609	0.305838265939828
1.11e+08	111500000	0.228578852527691	0.596627830502161	0.217408062629945
111500000	1.12e+08	0.23811851470674	0.600723320273362	0.131091479333585
1.12e+08	112500000	0.268680155881906	0.585875360010542	0.0313448411047004
112500000	1.13e+08	0.298730403116858	0.582774930469922	-0.0794923693464901
1.13e+08	113500000	0.325851608244528	0.579134492998608	-0.170110861970373
113500000	1.14e+08	0.364221134754166	0.59355772093926	-0.261935126520474
1.14e+08	114500000	0.408974505581898	0.621123347470825	-0.34335119611098
114500000	1.15e+08	0.446081687414953	0.630728894938171	-0.429642768556611
1.15e+08	115500000	0.460389567660455	0.596912812813891	-0.50683957555527
115500000	1.16e+08	0.457498699309813	0.533830760222865	-0.573125358588575
1.16e+08	116500000	0.460035997760633	0.503257386005702	-0.65173359792843
116500000	1.17e+08	0.47207335157285	0.50514734310886	-0.741050394071929
1.17e+08	117500000	0.491216128121921	0.529383423007824	-0.854188707486973
117500000	1.18e+08	0.507544452778109	0.544162652433917	-0.961335750829042
1.18e+08	118500000	0.490904077443821	0.574323204404757	-1.04014350866686
118500000	1.19e+08	0.443372455903747	0.625115877184245	-1.10533429854013
1.19e+08	119500000	0.374372685677289	0.688083119617532	-1.15641305592696
119500000	1.2e+08	0.307369486398214	0.750518530961896	-1.19984929696323
1.2e+08	120500000	0.219406265004702	0.826984724097658	-1.22690097449347
120500000	1.21e+08	0.126762169444787	0.905316266460971	-1.241585234863
1.21e+08	121500000	0.0650488549605123	0.98934235738958	-1.25360812846805
121500000	1.22e+08	0.0682790441259449	1.03063841612316	-1.27222406253145
1.22e+08	122500000	0.102942870652984	1.03099902939513	-1.30678878281194
122500000	1.23e+08	0.149185367007247	0.977027113094482	-1.38455326603272
1.23e+08	123500000	0.191216377908524	0.905263171066725	-1.4719694586113
123500000	1.24e+08	0.218849316151201	0.82596612437583	-1.53774932366083
1.24e+08	124500000	0.232362743524327	0.741207291093757	-1.57969166692253
124500000	1.25e+08	0.223705900164526	0.647956739155476	-1.58962775943217
1.25e+08	125500000	0.21486511995841	0.55103791371961	-1.60104871982514
125500000	1.26e+08	0.198736957105574	0.453020502865047	-1.60178452515867
1.26e+08	126500000	0.183940956479778	0.348222139057319	-1.60622031061429
126500000	1.27e+08	0.168283913623958	0.242254965865975	-1.60972648406678
1.27e+08	127500000	0.184296946792411	0.159219996439605	-1.61403894115908
127500000	1.28e+08	0.230331264816021	0.0723418862954141	-1.62061337681068
1.28e+08	128500000	0.296213969091773	-0.00344584690214127	-1.62809488664554
128500000	1.29e+08	0.354379598241926	-0.0964313620339469	-1.63571362283363
1.29e+08	129500000	0.401070616692827	-0.168410200670667	-1.64162805328082
129500000	1.3e+08	0.45428635522713	-0.248945626144766	-1.64838052507075
1.3e+08	130500000	0.502252661867641	-0.321643501203898	-1.65464321206449
130500000	1.31e+08	0.558059054828833	-0.406177771477506	-1.66206333652329
1.31e+08	131500000	0.609168824990894	-0.483154384107441	-1.66898765348942
131500000	1.32e+08	0.668898329457298	-0.573024543278919	-1.67700667515588
1.32e+08	132500000	0.730087521239098	-0.665561594958346	-1.68519518757597
132500000	1.33e+08	0.790938954196138	-0.757852385199606	-1.69326985571589
1.33e+08	133500000	0.846793175155331	-0.842833046367226	-1.70058648422351
133500000	1.34e+08	0.866955451488807	-0.914947349256591	-1.72641674041145
1.34e+08	134500000	0.864577228757473	-1.00386157258984	-1.77783903032876
134500000	1.35e+08	0.840630217162735	-1.09532003749415	-1.84613044252818
1.35e+08	135500000	0.826287897666003	-1.19111432416411	-1.90984980019806
135500000	1.36e+08	0.796717164440871	-1.25557659760498	-1.95391538677458
1.36e+08	136500000	0.748067162957418	-1.3109467647932	-1.99367396559067
136500000	1.37e+08	0.680061639083367	-1.36015318755392	-2.03080362850521
1.37e+08	137500000	0.611288090536517	-1.41818500837126	-2.07370460687743
137500000	1.38e+08	0.54170646525687	-1.47572728575594	-2.11632250470537
1.38e+08	138500000	0.462155688342828	-1.54119478678301	-2.16471194262512
138500000	1.39e+08	0.38148773697021	-1.60725588998206	-2.21366941944136
1.39e+08	139500000	0.297919381269188	-1.67560791690293	-2.26425408077615
139500000	1.4e+08	0.229009359703878	-1.7319968530002	-2.30600326910081
1.4e+08	140500000	0.191410671483921	-1.77588060054791	-2.35395672690657
140500000	1.41e+08	0.18385129029742	-1.81788469554543	-2.42760841406992
1.41e+08	141500000	0.196523311121575	-1.86054428138428	-2.52285487611226
141500000	1.42e+08	0.231004767561784	-1.89379130282932	-2.60874607637047
1.42e+08	142500000	0.28947270058943	-1.93101061481591	-2.64182223474528
142500000	1.43e+08	0.377619368293482	-1.97343124568285	-2.6384939735199
1.43e+08	143500000	0.443684377959721	-2.05371451178687	-2.60871202787555
143500000	1.44e+08	0.489736657949276	-2.14652159806441	-2.58418305124346
1.44e+08	144500000	0.509774243823142	-2.2543057427117	-2.55448170523502
144500000	1.45e+08	0.528410204825384	-2.3627566028404	-2.53153380223918
1.45e+08	145500000	0.53429032993765	-2.46523116353498	-2.51606481717499
145500000	1.46e+08	0.532908716510084	-2.57400772610763	-2.506942231369
1.46e+08	146500000	0.523787723328879	-2.68249488354954	-2.5043673663312
146500000	1.47e+08	0.518611756158013	-2.79172462868746	-2.49837535864387
1.47e+08	147500000	0.513856773375625	-2.88708902869994	-2.49337055098145
147500000	1.48e+08	0.50941360684447	-2.97465122860487	-2.48882644166958
1.48e+08	148500000	0.504733497825131	-3.06624735153651	-2.48397959574109
148500000	1.49e+08	0.499666390114266	-3.16687475232747	-2.47859597162186
1.49e+08	149500000	0.493431189876706	-3.28783840859321	-2.47211185935805
149500000	1.5e+08	0.515988617242099	-3.38193515573796	-2.45261599177741
1.5e+08	150500000	0.53963147128112	-3.42626258271009	-2.40675854486462
150500000	1.51e+08	0.574624099752312	-3.41850741021725	-2.33201987657002
1.51e+08	151500000	0.593161275166002	-3.39947167360806	-2.23919404816622
151500000	1.52e+08	0.617317579409108	-3.42386406135864	-2.13561422699557
1.52e+08	152500000	0.638507342723966	-3.46808663887829	-2.03297460341591
152500000	1.53e+08	0.655389250074773	-3.52019066349149	-1.93283195657536
1.53e+08	153500000	0.695135606077492	-3.54746293075337	-1.87786657868941
153500000	1.54e+08	0.762913976139856	-3.56951304661699	-1.84104892247441
1.54e+08	154500000	0.849387483594892	-3.59460341910095	-1.82528366162603
154500000	1.55e+08	0.951556132747377	-3.62735342031353	-1.78776141543265
1.55e+08	155500000	1.04380822320479	-3.65186505454897	-1.77655957077724
155500000	1.56e+08	1.11578869469774	-3.63772890955666	-1.7767262609957
1.56e+08	156500000	1.15643788236799	-3.58499749784908	-1.79229375608273
156500000	1.57e+08	1.18937960843902	-3.49687192210062	-1.7989033082764
1.57e+08	157500000	1.23794344611982	-3.39807644518608	-1.80897156111077
157500000	1.58e+08	1.2845894983037	-3.30136706895843	-1.82059734734982
1.58e+08	158500000	1.33192666104393	-3.24368612842128	-1.85761504740221
158500000	1.59e+08	1.38166332246324	-3.21443732726555	-1.91672048837685
1.59e+08	159500000	1.41019339987712	-3.1976225250911	-1.99706272789783
159500000	1.6e+08	1.39737902670221	-3.16434917475018	-2.03724870582548
1.6e+08	160500000	1.32121088695655	-3.10668615159946	-2.08207012474292
160500000	1.61e+08	1.23433796774847	-3.04358350748858	-2.11004018873612
1.61e+08	161500000	1.14816522759325	-3.00958712187232	-2.16938688801892
161500000	1.62e+08	1.08050948448183	-3.01754496011671	-2.17224028518481
1.62e+08	162500000	0.994798897727443	-3.04743209306938	-2.15790302377271
162500000	1.63e+08	0.907403542907588	-3.07329126830605	-2.10880968232925
1.63e+08	163500000	0.820257855587453	-3.07961968702634	-2.10117920719636
163500000	1.64e+08	0.76466939861413	-3.09114798677262	-2.1384224621326
1.64e+08	164500000	0.712049618030221	-3.10089141991492	-2.21470081077563
164500000	1.65e+08	0.655821090320043	-3.13723280222993	-2.30698780426625
1.65e+08	165500000	0.587674065840839	-3.17187664470892	-2.39433583067689
165500000	1.66e+08	0.526994098476715	-3.20129018439707	-2.47832181618712
1.66e+08	166500000	0.452631696765106	-3.23380457407845	-2.51733801077939
166500000	1.67e+08	0.37921838236794	-3.22945817419987	-2.5484577136506
1.67e+08	167500000	0.302339909943116	-3.19614584358962	-2.57700982010295
167500000	1.68e+08	0.243216907842166	-3.12721338939772	-2.63624954126148
1.68e+08	168500000	0.185489153184347	-3.06876063086411	-2.68981093036077
168500000	1.69e+08	0.128522620737661	-3.01443808000167	-2.73884775506763
1.69e+08	169500000	0.0734040474396495	-2.96185531486754	-2.78617411763658
169500000	1.7e+08	0.0205019257748164	-2.91076020845552	-2.83252702078362
1.7e+08	170500000	-0.0383506680475118	-2.85413918655826	-2.88412967904676
170500000	1.71e+08	-0.0968129371856126	-2.82996938080927	-2.93918921297195
1.71e+08	171500000	-0.160342600656028	-2.82778997202775	-3.00162770746499
171500000	1.72e+08	-0.219969133344817	-2.85558462391683	-3.06340866205356
1.72e+08	172500000	-0.266794536720196	-2.89745299395439	-3.11784674096899
172500000	1.73e+08	-0.31373537133412	-2.96524830534366	-3.17866789490778
1.73e+08	173500000	-0.359272683702865	-3.03798353445981	-3.23340813611544
173500000	1.74e+08	-0.415221012197321	-3.10219236544103	-3.29228381587106
1.74e+08	174500000	-0.46823996987607	-3.15251522500332	-3.34100873892017
174500000	1.75e+08	-0.522132607786285	-3.21076036148667	-3.39446798828472
1.75e+08	175500000	-0.579093772362318	-3.27081635151313	-3.44990730950884
175500000	1.76e+08	-0.624159061037152	-3.3257810673667	-3.47581394372679
1.76e+08	176500000	-0.641286652950923	-3.3819994068435	-3.45259561780512
176500000	1.77e+08	-0.632713445422151	-3.44808723931782	-3.41407703054062
1.77e+08	177500000	-0.612446039281988	-3.5287221912945	-3.38231035694684
177500000	1.78e+08	-0.59662748142428	-3.60903597246668	-3.37603065269417
1.78e+08	178500000	-0.588746675525051	-3.64806553579776	-3.36823324586983
