0	5e+05	0.034373890499749	0.0905742456630027	0.119562766120132
5e+05	1e+06	0.0343916055702652	0.0903185382421351	0.118670151600305
1e+06	1500000	0.0344406239536385	0.0896201764927757	0.116241339831382
1500000	2e+06	0.0343306226275024	0.0887493133350903	0.114197780288124
2e+06	2500000	0.0333379912308935	0.0880254366285124	0.112595565729609
2500000	3e+06	0.0313840237429145	0.0874187460289592	0.111728537103895
3e+06	3500000	0.0289553068217415	0.0870571456155878	0.110947939612527
3500000	4e+06	0.0266203075764604	0.0865252896874425	0.109940636568676
4e+06	4500000	0.0245946494578051	0.0860813469068541	0.109118322100117
4500000	5e+06	0.022407425116438	0.0853866333658465	0.108150723732321
5e+06	5500000	0.0203256608528982	0.0845731997571087	0.10717137644505
5500000	6e+06	0.0181618930840583	0.0835958747510205	0.106100886878657
6e+06	6500000	0.0160669256415077	0.0826898000475176	0.105083360390707
6500000	7e+06	0.0141367224975742	0.0818546257216394	0.104146265660181
7e+06	7500000	0.0121677349211882	0.0809907190853255	0.103193963429978
7500000	8e+06	0.0101709546093101	0.080118724340869	0.10222892123154
8e+06	8500000	0.00768707481536668	0.0790341314541193	0.101028297268972
8500000	9e+06	0.00515562779348119	0.0779262276878316	0.0998017076284204
9e+06	9500000	0.00323623053683471	0.0768601110216269	0.0982994140390615
9500000	1e+07	0.00300863562348295	0.0766302545032737	0.0970412345730256
1e+07	10500000	0.00419285795535403	0.0769924439170394	0.0951936778368945
10500000	1.1e+07	0.00608795500784453	0.0778563680037386	0.0929800974437417
1.1e+07	11500000	0.00783064415839285	0.078535728399584	0.0901884933870065
11500000	1.2e+07	0.00924360267393081	0.0790891523651534	0.0879464481654549
1.2e+07	12500000	0.0101276627112732	0.0791697200270446	0.0860132098585244
12500000	1.3e+07	0.0106615762583083	0.0788000439476107	0.0839021501233099
1.3e+07	13500000	0.0110497762959523	0.0781592599019087	0.0815265833492837
13500000	1.4e+07	0.011560470892212	0.0775662596220344	0.0789657679543532
1.4e+07	14500000	0.0120139377067173	0.0770450320750273	0.0767032705522979
14500000	1.5e+07	0.0124906151181966	0.0760887913374261	0.0750391163994768
1.5e+07	15500000	0.0137133239746333	0.075155127372296	0.0738278900877061
15500000	1.6e+07	0.0153336879077218	0.074144095244416	0.0730101727989856
1.6e+07	16500000	0.0173875576151414	0.0734523359054708	0.071951542453789
16500000	1.7e+07	0.0196372611327627	0.0724647572646413	0.0707172351476104
1.7e+07	17500000	0.0220115537785881	0.071440917022141	0.0694294630155352
17500000	1.8e+07	0.0244669445181618	0.070390159425765	0.0681102028964152
1.8e+07	18500000	0.0267252472131574	0.0694146184932937	0.066890278231745
18500000	1.9e+07	0.029123328545155	0.0683679465521073	0.0655942774431792
1.9e+07	19500000	0.031294695149486	0.0680098752970426	0.065103972810845
19500000	2e+07	0.0333198982510257	0.068832034984375	0.0660271821401402
2e+07	20500000	0.0353332920845268	0.0705240581279396	0.0679884723972017
20500000	2.1e+07	0.0373168693444991	0.0721270490937039	0.0698572172988192
2.1e+07	21500000	0.0379729390984404	0.0734251960232467	0.0713399831262043
21500000	2.2e+07	0.0376821299740035	0.074687916834837	0.0727752805406039
2.2e+07	22500000	0.0366860986625746	0.0751996231169451	0.0742441250725259
22500000	2.3e+07	0.0358185477357673	0.0746575603406274	0.0757610731111081
2.3e+07	23500000	0.0347690747957395	0.0729964887016367	0.0770170216447535
23500000	2.4e+07	0.034010807324892	0.071010899129115	0.0773376768108675
2.4e+07	24500000	0.0334349284285816	0.0683526868301669	0.0767410796377736
24500000	2.5e+07	0.0330543769892352	0.0655538118590993	0.0756337418921755
2.5e+07	25500000	0.0325400817946336	0.0628617594491821	0.0748835838059859
25500000	2.6e+07	0.0318745815986735	0.0591801734599608	0.073767943178449
2.6e+07	26500000	0.0312645101365141	0.0557512729419417	0.0727060131178875
26500000	2.7e+07	0.0306533862458678	0.0522745006913182	0.0716169386327152
2.7e+07	27500000	0.0302975702130396	0.0505262099642158	0.0712324772111392
27500000	2.8e+07	0.0298285573248154	0.0484136114391649	0.0708863613175506
2.8e+07	28500000	0.029539297201937	0.0467655762377124	0.0700203429012186
28500000	2.9e+07	0.0293074673596565	0.0449240061463467	0.0685323656765045
2.9e+07	29500000	0.0291655876605066	0.0432652881529853	0.0667328520863549
29500000	3e+07	0.0288677785997135	0.0411619748966737	0.0651978973806233
3e+07	30500000	0.0285474538161591	0.0390830557264751	0.0638052219234816
30500000	3.1e+07	0.0282670944486846	0.0372120729751659	0.0625049042088175
3.1e+07	31500000	0.0279762334633451	0.0352809393595497	0.0611611271870875
31500000	3.2e+07	0.0276832746150426	0.0333205193558722	0.0598031465125796
3.2e+07	32500000	0.0274001947745202	0.0314110162707681	0.0584785208370045
32500000	3.3e+07	0.0271511842987208	0.0297019392305234	0.0572909929524476
3.3e+07	33500000	0.0268855306711543	0.0278577502541268	0.0560108037168221
33500000	3.4e+07	0.0266015638166104	0.0258805755954536	0.0546375029022677
3.4e+07	34500000	0.026322588340761	0.023912212437722	0.0532722375375112
34500000	3.5e+07	0.0264590993623373	0.0222105692029794	0.0524433242826694
3.5e+07	35500000	0.0269259983832446	0.0202665271078976	0.0517907810040457
35500000	3.6e+07	0.027678464854169	0.0181706386844743	0.0513218692163103
3.6e+07	36500000	0.0283621207992456	0.0159143891907564	0.0507054931491129
36500000	3.7e+07	0.0290090866356726	0.0137971931349888	0.0501317038270808
3.7e+07	37500000	0.0296687583311262	0.0116550453385012	0.0495558636816237
37500000	3.8e+07	0.030306918253664	0.00958380467152041	0.0489997888498491
3.8e+07	38500000	0.0310745488901531	0.0075795472791294	0.0483018333150769
38500000	3.9e+07	0.0320213910692317	0.0054081063475323	0.0474206148492201
3.9e+07	39500000	0.0330464503688363	0.0032915918118927	0.0464576159994328
39500000	4e+07	0.0339428645743157	0.0014130572510394	0.0452585657276443
4e+07	40500000	0.0343311652234453	0.00088126866636119	0.0438622466534343
40500000	4.1e+07	0.0344338289544554	0.00134173432397589	0.0416093223766156
4.1e+07	41500000	0.0343354716999484	0.00237759966660491	0.0392237592933308
41500000	4.2e+07	0.0343478479204677	0.00319531588711794	0.0366515834891459
4.2e+07	42500000	0.0343650348892119	0.00386985520466956	0.0344769706310814
42500000	4.3e+07	0.0343741717904215	0.00454544436320473	0.0323521173286436
4.3e+07	43500000	0.0343797018659492	0.00530265476259312	0.0299835666703882
43500000	4.4e+07	0.0343853577583091	0.00601793572492339	0.0277411295786588
4.4e+07	44500000	0.0343898235949531	0.00717096986693726	0.0241228637506884
44500000	4.5e+07	0.0343937983859904	0.00819133274138022	0.0209127341415632
4.5e+07	45500000	0.0341903832404972	0.00841624716337351	0.0180869202330597
45500000	4.6e+07	0.0336869163526124	0.00735034086631758	0.0162277522933849
4.6e+07	46500000	0.0330133207838439	0.00573478499228606	0.014319896315942
46500000	4.7e+07	0.0322776285322498	0.00412682876725366	0.0116985611864978
4.7e+07	47500000	0.0316502572093164	0.00274698537864852	0.00947707918805899
47500000	4.8e+07	0.0309325768871291	0.00115933045692578	0.00701073218732049
4.8e+07	48500000	0.0303596496276101	0.00050886228628252	0.00472383024553514
48500000	4.9e+07	0.0291680613828778	0.000756926448495358	0.00308340167797197
4.9e+07	49500000	0.0273195959565945	0.00197136991541801	0.00217590044230789
49500000	5e+07	0.0245873778789316	0.00328255441336373	0.00167632206697267
5e+07	50500000	0.0218443017312519	0.00448903683542406	0.00095308579817206
50500000	5.1e+07	0.0192847224149871	0.00563340145610254	0.000185199021430701
5.1e+07	51500000	0.0175562732824203	0.00584350974938964	-0.000837830929680123
51500000	5.2e+07	0.0156924617337008	0.00538658238298516	-0.00259200919458022
5.2e+07	52500000	0.0140256867465046	0.00437900250386176	-0.00473152955029552
52500000	5.3e+07	0.0119388795025379	0.0036176351327972	-0.00693349936607895
5.3e+07	53500000	0.0100760266356602	0.00302074912378992	-0.00879672862743391
53500000	5.4e+07	0.00800056698720684	0.0024698914557531	-0.0107430476500261
5.4e+07	54500000	0.00619768690613088	0.00242505442933858	-0.0127482539280642
54500000	5.5e+07	0.00417260931761285	0.00267899746420487	-0.014596334292276
5.5e+07	55500000	0.00223539811448431	0.00322918853785839	-0.0161827510718372
55500000	5.6e+07	-0.000373856594551688	0.00374964639654888	-0.0176815559235154
5.6e+07	56500000	-0.00279324870113053	0.00427083877379511	-0.0191968404893631
56500000	5.7e+07	-0.00525720221397735	0.00481994494610448	-0.0207399925059873
5.7e+07	57500000	-0.00793307728286181	0.00541310805083314	-0.0224111560253624
57500000	5.8e+07	-0.00892777347049432	0.0065021109893219	-0.0244220648049809
5.8e+07	58500000	-0.00964270657283968	0.00673200031024787	-0.0265780287634971
58500000	5.9e+07	-0.0111433199728831	0.006822894630931	-0.0273271721892841
5.9e+07	59500000	-0.0131938541676904	0.00675759123413856	-0.0268294933816372
59500000	6e+07	-0.0152738134407559	0.00813731974258874	-0.0249141830265341
6e+07	60500000	-0.0157332058874677	0.00992273342035884	-0.0230202695258757
60500000	6.1e+07	-0.0167793893805433	0.0119032700216779	-0.0207982774187356
6.1e+07	61500000	-0.0176789145968851	0.0139308129785892	-0.0185491807100812
61500000	6.2e+07	-0.0192633977292839	0.0153023518599732	-0.0168837805035972
6.2e+07	62500000	-0.021493640584001	0.0159452125806601	-0.0158613295257099
62500000	6.3e+07	-0.0244318158991627	0.0158155484085986	-0.0155284459354788
6.3e+07	63500000	-0.0272222771294119	0.0155236673330608	-0.0148111076712749
63500000	6.4e+07	-0.0295882014904025	0.0145783566447803	-0.0138147052798892
6.4e+07	64500000	-0.0307392686237798	0.0139047146871983	-0.0120078759924831
64500000	6.5e+07	-0.0311423396828543	0.0134829427637296	-0.00958267931247202
6.5e+07	65500000	-0.0310033939585821	0.0141094772691531	-0.0067137796279007
65500000	6.6e+07	-0.030500174883348	0.01402378568897	-0.00429082009276934
6.6e+07	66500000	-0.0304447853601467	0.0130478756985676	-0.00275909095517247
66500000	6.7e+07	-0.0308431267755712	0.0107290680361682	-0.00152782720403491
6.7e+07	67500000	-0.0320616396841079	0.00797160013618855	-0.000307031593741697
67500000	6.8e+07	-0.0328708972131162	0.00547475847103844	0.00112387829623734
6.8e+07	68500000	-0.0336631636127012	0.00291120799519486	0.00260886491184359
68500000	6.9e+07	-0.0345377176337322	0.000556073057145481	0.00367494588888481
6.9e+07	69500000	-0.0357179945575199	-0.00217690024523651	0.00461095332635707
69500000	7e+07	-0.0369039812865563	-0.00457804969010121	0.00513530855213095
7e+07	70500000	-0.038415639658008	-0.00773050767807887	0.00588299374347144
70500000	7.1e+07	-0.0396621227754034	-0.0103569183695239	0.00651502444133928
7.1e+07	71500000	-0.0416098743156653	-0.012577988535403	0.00727180768935739
71500000	7.2e+07	-0.0442836754976591	-0.013551515686577	0.00807334216996726
7.2e+07	72500000	-0.0475865280773439	-0.0142185836336614	0.00899293101629491
72500000	7.3e+07	-0.0494316393106465	-0.0152202153445694	0.00957603515470623
7.3e+07	73500000	-0.0495519298873476	-0.0171835738254794	0.00982286044869468
73500000	7.4e+07	-0.0487942563600352	-0.0202232403851159	0.00996874235227991
7.4e+07	74500000	-0.0484055716767608	-0.0235507460203121	0.0102432086224686
74500000	7.5e+07	-0.0479732952229759	-0.0266575183301534	0.0104594646678638
7.5e+07	75500000	-0.0466703063456952	-0.0288931177469859	0.0104742841395068
75500000	7.6e+07	-0.0449988117348861	-0.0310306890556272	0.010438426170793
7.6e+07	76500000	-0.0434498724415977	-0.032348153686189	0.00957657708032379
76500000	7.7e+07	-0.0419527388064264	-0.0335418800285984	0.00785365549248352
7.7e+07	77500000	-0.0403159141935045	-0.033540367693145	0.00629570104551172
77500000	7.8e+07	-0.0376223057685342	-0.033073488852559	0.00529063009757142
7.8e+07	78500000	-0.0347326628981819	-0.0319790485714505	0.00504339465467975
78500000	7.9e+07	-0.0315079897940533	-0.0309486737005932	0.00446082501178373
7.9e+07	79500000	-0.0293523589402434	-0.0302293015743951	0.00497549420359629
79500000	8e+07	-0.0286992520770791	-0.0295186777759728	0.00627310428384571
8e+07	80500000	-0.0289653140411315	-0.028525568696568	0.00876690674585224
80500000	8.1e+07	-0.0300924211562607	-0.0279645144090813	0.0109377041699642
8.1e+07	81500000	-0.0312167596607231	-0.0277696491968585	0.0131847919498695
81500000	8.2e+07	-0.0329418919597468	-0.0282165598606528	0.015267675423253
8.2e+07	82500000	-0.0346401716977437	-0.0283663046318603	0.0177251307546318
82500000	8.3e+07	-0.0356104749678894	-0.028072977413392	0.0201744884898666
8.3e+07	83500000	-0.0361341151135881	-0.026399147816562	0.0216942624932969
83500000	8.4e+07	-0.0361644314835331	-0.0243530784808393	0.0234746164376205
8.4e+07	84500000	-0.0364975688856488	-0.0225502667286568	0.0254070614718145
84500000	8.5e+07	-0.0367236603344147	-0.0206919225219771	0.027476108553284
8.5e+07	85500000	-0.036918875302184	-0.018247079143052	0.0287516575577496
85500000	8.6e+07	-0.0371127355603842	-0.015296951567287	0.0294446851938537
8.6e+07	86500000	-0.0372744992024616	-0.013119899080766	0.0302124707160427
86500000	8.7e+07	-0.0373032563110652	-0.0115840892068228	0.029734090523893
8.7e+07	87500000	-0.0372508957598184	-0.0101675000003945	0.0283485393039709
87500000	8.8e+07	-0.0371148502660647	-0.00856364526424875	0.0258666093780911
8.8e+07	88500000	-0.0370172873836049	-0.00678610756746899	0.0237752816048128
88500000	8.9e+07	-0.0368889264175111	-0.00455519982791387	0.0210783831712641
8.9e+07	89500000	-0.0367548368015705	-0.00240841352047279	0.0184218627799536
89500000	9e+07	-0.0373346369424503	-0.000297059839702102	0.0166149597980724
9e+07	90500000	-0.0379526377786435	0.00124854304670323	0.0168862231715663
90500000	9.1e+07	-0.0388285293427044	0.0029470882855471	0.0188277671909485
9.1e+07	91500000	-0.0392242312216705	0.00468491003254159	0.0213211978051833
91500000	9.2e+07	-0.0399360137655167	0.00661306918623719	0.0236490007316522
9.2e+07	92500000	-0.0402524384629328	0.0076666156280958	0.0261723914692321
92500000	9.3e+07	-0.0402752231097088	0.00845891643321981	0.0289492796979905
9.3e+07	93500000	-0.0399452841559614	0.00876328547121742	0.031926760002851
93500000	9.4e+07	-0.0397164354686188	0.00923527577778354	0.0349431749733526
9.4e+07	94500000	-0.0395062702935586	0.0096652460840194	0.0377513850048159
94500000	9.5e+07	-0.0389792239274199	0.00939342764950297	0.0403538048638077
9.5e+07	95500000	-0.0381151117263782	0.00839692186875031	0.0427957993695838
95500000	9.6e+07	-0.0369585953657006	0.00675910986465462	0.0450690482849627
9.6e+07	96500000	-0.0357512290891143	0.00506638614829241	0.0461632094725943
96500000	9.7e+07	-0.0343082740641979	0.0031957686968041	0.0458047588014563
9.7e+07	97500000	-0.032686867073987	0.00118023483283255	0.0443735983674169
97500000	9.8e+07	-0.0307750078032182	-0.00109488931947523	0.0430125670902484
9.8e+07	98500000	-0.0289907832756626	-0.00324765064234571	0.0418421507335823
98500000	9.9e+07	-0.0265766163700123	-0.0047674187032182	0.0410663079782276
9.9e+07	99500000	-0.0238963110585037	-0.00566785433205228	0.0406751214561508
99500000	1e+08	-0.0209401818432354	-0.00528169209665762	0.0405528219274902
1e+08	100500000	-0.0186720799265359	-0.00442273244790998	0.0410949687558794
100500000	1.01e+08	-0.016755250392816	-0.00353167330654489	0.0422872818285443
1.01e+08	101500000	-0.014680229319035	-0.00361244662508731	0.043895170093323
101500000	1.02e+08	-0.0131040086140388	-0.00495155971915101	0.0451943945255605
1.02e+08	102500000	-0.011828535105298	-0.00706084473320407	0.0466031271377596
102500000	1.03e+08	-0.0111268010096419	-0.00984253293401101	0.0483865087508679
1.03e+08	103500000	-0.0101852342213266	-0.0124050073529791	0.0501452025123234
103500000	1.04e+08	-0.00994103589463195	-0.0145097409311516	0.0514805065474055
1.04e+08	104500000	-0.0103259751176766	-0.0164119051120188	0.0525764780747
104500000	1.05e+08	-0.0112011721436146	-0.0185757120734334	0.0537473316981713
1.05e+08	105500000	-0.0119479158961438	-0.020913629390097	0.0550482175996158
105500000	1.06e+08	-0.0126946161215236	-0.0231875311476041	0.0563119425732322
1.06e+08	106500000	-0.0130448495632231	-0.0251433041740558	0.0574688740025819
106500000	1.07e+08	-0.0131293322610438	-0.0272203764955962	0.0587621746170051
1.07e+08	107500000	-0.01293520422802	-0.0292783892889735	0.0601069806611259
107500000	1.08e+08	-0.0125417750654186	-0.031211077841046	0.0617224911005153
1.08e+08	108500000	-0.011928594903139	-0.0327690225328506	0.063372103854881
108500000	1.09e+08	-0.0110787521391993	-0.034173549920947	0.065224297363564
1.09e+08	109500000	-0.0102645676836116	-0.0357341478076025	0.0671264057086705
109500000	1.1e+08	-0.00917082103005856	-0.0378545221797122	0.0697010634508986
1.1e+08	110500000	-0.00800800811870889	-0.0400979719623031	0.0724325341965067
110500000	1.11e+08	-0.00709548605821074	-0.042427406420679	0.0750442857663859
1.11e+08	111500000	-0.00725121389244122	-0.0438988179464015	0.0761344266094873
111500000	1.12e+08	-0.00910718795959055	-0.0456787418661311	0.0761697574620195
1.12e+08	112500000	-0.0117834612883887	-0.0474487909135817	0.0755652675921234
112500000	1.13e+08	-0.0142935480051764	-0.0486253543291575	0.0745885119708661
1.13e+08	113500000	-0.015506877957782	-0.0495558881147076	0.0733234178541921
113500000	1.14e+08	-0.0163297069033512	-0.050590288436988	0.0711642240461458
1.14e+08	114500000	-0.0166922121192924	-0.0519462942956574	0.0684220260418147
114500000	1.15e+08	-0.0170581134234518	-0.0527451024278514	0.0650178317590619
1.15e+08	115500000	-0.0170666215852884	-0.0529136178472732	0.0617041724612179
115500000	1.16e+08	-0.0171963262649141	-0.0532978570340092	0.0587659199086158
1.16e+08	116500000	-0.0172965513315352	-0.0536099347241816	0.0562178771948355
116500000	1.17e+08	-0.017410869913271	-0.0539424350134621	0.0534331512230379
1.17e+08	117500000	-0.0171871354452219	-0.0535081705251746	0.0511001254568888
117500000	1.18e+08	-0.0166261402007156	-0.0523142085610722	0.0488987532558147
1.18e+08	118500000	-0.0158544402423395	-0.0506579304654406	0.0468656402009061
118500000	1.19e+08	-0.0148896640332683	-0.0497432221900453	0.0445592485419042
1.19e+08	119500000	-0.0136004699450781	-0.0490022091211332	0.0426846634673663
119500000	1.2e+08	-0.0115923599509958	-0.0481131720370772	0.0411200511749721
1.2e+08	120500000	-0.00925894847665976	-0.0466920541007169	0.0396601275511507
120500000	1.21e+08	-0.00683881238274341	-0.0453633850816352	0.0379509680232335
1.21e+08	121500000	-0.00456990212041	-0.0441015521414969	0.0363745221359499
121500000	1.22e+08	-0.00242761106325221	-0.0429177193765866	0.034891901036355
1.22e+08	122500000	-0.00119981480848686	-0.042311280025449	0.0329592936019034
122500000	1.23e+08	-0.000468498503762161	-0.0420556024600655	0.030301563648205
1.23e+08	123500000	-0.000273145301886083	-0.0421425019272188	0.0272632585786142
123500000	1.24e+08	0.000282310028770734	-0.0420193358490193	0.0242309606380385
1.24e+08	124500000	0.000459011958176162	-0.0426628867701524	0.0219996228140805
124500000	1.25e+08	-0.00012548777274927	-0.0442130285567353	0.0201317478007309
1.25e+08	125500000	-0.00135460457101217	-0.0468157728847955	0.0182467941995282
125500000	1.26e+08	-0.00271699850502837	-0.0492497642332595	0.0163565336488862
1.26e+08	126500000	-0.00428778977829417	-0.0508479752144271	0.0145593102798848
126500000	1.27e+08	-0.00632740558061376	-0.0516602209440568	0.0133659712944915
1.27e+08	127500000	-0.00873989689231809	-0.0521033338144172	0.0123286306198174
127500000	1.28e+08	-0.0112877903047188	-0.0527546620792966	0.0112973284044634
1.28e+08	128500000	-0.0133192370495013	-0.053045760908943	0.0100043296686753
128500000	1.29e+08	-0.0154186861544651	-0.0531220322885465	0.00826912620432927
1.29e+08	129500000	-0.0174734859156711	-0.0529086692261919	0.00605763236527229
129500000	1.3e+08	-0.0198616669003203	-0.0527721212032376	0.00369301158622597
1.3e+08	130500000	-0.0221037789636121	-0.0526461862366355	0.00147128986139332
130500000	1.31e+08	-0.0240816215944458	-0.0525304649738829	-0.000511046514452778
1.31e+08	131500000	-0.0262975456572195	-0.0523956137746205	-0.00175865239885049
131500000	1.32e+08	-0.0290946633580042	-0.0522206968684285	-0.00268991163582624
1.32e+08	132500000	-0.0311866906010704	-0.051920036215825	-0.00372160739733848
132500000	1.33e+08	-0.0327050237021202	-0.0515305311385607	-0.00538400338729046
1.33e+08	133500000	-0.0334837242709933	-0.0510409039614515	-0.00756439297464582
133500000	1.34e+08	-0.0341612441487396	-0.0499499696948543	-0.00955223138959455
1.34e+08	134500000	-0.0343927701823374	-0.0483158192362313	-0.0116074259687655
134500000	1.35e+08	-0.0342163540447439	-0.0464201617678255	-0.0133529290517284
1.35e+08	135500000	-0.0341894804271325	-0.0446992014890516	-0.0151437832980271
135500000	1.36e+08	-0.0341541380586368	-0.0429873913078691	-0.016902599667333
1.36e+08	136500000	-0.0340982295150002	-0.0410621965089577	-0.0188565365220067
136500000	1.37e+08	-0.0340433903010216	-0.0390706350288169	-0.0208783589814544
1.37e+08	137500000	-0.0339910628375153	-0.037233807575437	-0.0227437729455891
137500000	1.38e+08	-0.0339386501622941	-0.0354660951889239	-0.0245405826512032
1.38e+08	138500000	-0.0343976041006649	-0.0345766298959064	-0.0260999966181382
138500000	1.39e+08	-0.0346549051837114	-0.0347273124599079	-0.0275509795072671
1.39e+08	139500000	-0.0351047629828721	-0.0361728335845703	-0.0294429398359362
139500000	1.4e+08	-0.0351831141284467	-0.0380173231442053	-0.0318174540274572
1.4e+08	140500000	-0.0356114600775386	-0.0400822370431995	-0.0347856127220485
140500000	1.41e+08	-0.0351252863986301	-0.041476726270459	-0.0366282109195055
1.41e+08	141500000	-0.0338069640490425	-0.0426416548670217	-0.0379622943723713
141500000	1.42e+08	-0.0317356467009457	-0.0434646103147288	-0.0386767959559777
1.42e+08	142500000	-0.0297098047963196	-0.0446114120428666	-0.0398493489126566
142500000	1.43e+08	-0.0277180431098175	-0.0457100301682003	-0.0409611474338936
1.43e+08	143500000	-0.0253050514431188	-0.0462975004529565	-0.041762593247598
143500000	1.44e+08	-0.0226365163344078	-0.0466655010556779	-0.0424575975721334
1.44e+08	144500000	-0.0195499092165663	-0.0468246900164298	-0.0430929665151659
144500000	1.45e+08	-0.0166577470544537	-0.0472078633313168	-0.0438410213553713
1.45e+08	145500000	-0.0142529738422961	-0.046667097326169	-0.0442552952207486
145500000	1.46e+08	-0.0118685122449756	-0.045887589511569	-0.0446071747243142
1.46e+08	146500000	-0.00941540035899376	-0.0447807796171833	-0.0449049702725875
146500000	1.47e+08	-0.00682956632680268	-0.0442963580601259	-0.0453763238541017
1.47e+08	147500000	-0.00427215635726113	-0.0436372537386709	-0.0458021412481035
147500000	1.48e+08	-0.00186710616224622	-0.043008821581876	-0.0462004577332352
1.48e+08	148500000	0.000643476881671108	-0.0423474848264443	-0.0466043073156682
148500000	1.49e+08	0.00295113831286591	-0.0417406057556341	-0.0469702118839699
1.49e+08	149500000	0.00562549232682943	-0.0410340892837935	-0.047386608011511
149500000	1.5e+08	0.00815449325451923	-0.0403004007791532	-0.0472615282750311
1.5e+08	150500000	0.0110347656610965	-0.0394063764954592	-0.0466666099987648
150500000	1.51e+08	0.013569079885317	-0.0385632667773936	-0.0456768823084459
1.51e+08	151500000	0.0163725533475848	-0.0376590855263843	-0.0448434820112407
151500000	1.52e+08	0.0187719633809491	-0.0368752246675333	-0.044083242746416
1.52e+08	152500000	0.0213852683180942	-0.0360062763257554	-0.0432123415664136
152500000	1.53e+08	0.0239712344633157	-0.0351499753228031	-0.042358698718747
1.53e+08	153500000	0.0266484049500787	-0.034266910977882	-0.041476459343941
153500000	1.54e+08	0.0283352888692454	-0.033041349107515	-0.040519781001818
1.54e+08	154500000	0.0290080314526571	-0.0314458323263431	-0.0394802354802022
154500000	1.55e+08	0.0288781710813551	-0.0300294445460922	-0.0376782484555644
1.55e+08	155500000	0.0287648864901421	-0.0290827606223095	-0.035659944217008
155500000	1.56e+08	0.028866041327135	-0.0283186169859122	-0.0329440196912022
1.56e+08	156500000	0.0288882650009784	-0.0273997320060553	-0.0306360807010692
156500000	1.57e+08	0.0288907259967676	-0.0263314728905972	-0.0280527939140681
1.57e+08	157500000	0.0288971302435197	-0.0253483802830936	-0.025596565908566
157500000	1.58e+08	0.028911548913687	-0.0243139999340525	-0.0229803132898354
1.58e+08	158500000	0.0289334415863012	-0.0231042443886269	-0.019924283102011
158500000	1.59e+08	0.0289592249537044	-0.0220221142177172	-0.0171865488613098
1.59e+08	159500000	0.0289887116312417	-0.0208596525198877	-0.0142540341433011
159500000	1.6e+08	0.0290090102209468	-0.019892101770727	-0.0118121119499285
1.6e+08	160500000	0.0284682536593844	-0.0195162604207962	-0.00928713185522675
160500000	1.61e+08	0.027159474501861	-0.0201867156923451	-0.00728769607355827
1.61e+08	161500000	0.0251568174865972	-0.0211222504580126	-0.00597831874437953
161500000	1.62e+08	0.0236149153551683	-0.0205869243435196	-0.0050833655873273
1.62e+08	162500000	0.0229337329312408	-0.0187801810857106	-0.0050465873739931
162500000	1.63e+08	0.0228711000182442	-0.0159984618766009	-0.00538270676792984
1.63e+08	163500000	0.0228778798490704	-0.0134165832293065	-0.00623335450087256
163500000	1.64e+08	0.022742294324294	-0.0102926888901931	-0.00701629821019507
1.64e+08	164500000	0.022650022296548	-0.0073156711024477	-0.00782473383893369
164500000	1.65e+08	0.0225647376202588	-0.00462875743191235	-0.00855237046957306
1.65e+08	165500000	0.0225218086695414	-0.00220483281890651	-0.00918244640033335
165500000	1.66e+08	0.0225117602850405	0.00033507949168773	-0.00981415526828465
1.66e+08	166500000	0.0225215359201972	0.00305311442596099	-0.0104809836658367
166500000	1.67e+08	0.0229376285178143	0.00544127800910908	-0.0109144857135754
1.67e+08	167500000	0.0240851242988097	0.00657285674743627	-0.0114937945197211
167500000	1.68e+08	0.0257284292053971	0.00660386124954389	-0.0121282531198253
1.68e+08	168500000	0.343383324303425	0.162646204274296	-3.31669023745795
168500000	1.69e+08	0.502091325398964	0.240641118312655	-4.96890291242809
