0	5e+05	-4.61232279400521	-2.36682220042858	-2.75682300163199
5e+05	1e+06	-2.72975621588483	-2.09821336165884	-1.9097457484118
1e+06	1500000	-3.39339326512491	-2.29870422534098	-1.69123012139322
1500000	2e+06	-7.99576515396873	-4.38288725839866	-11.1142402897871
2e+06	2500000	-11.1801893479238	-1.73853522560524	-8.84402563713499
2500000	3e+06	-10.5164038378145	-1.53786314344451	-9.06256807774148
3e+06	3500000	-2.54265802909038	1.46282808558546	2.73662517192809
3500000	4e+06	1.35809546134355	0.272846023660846	1.7773999862566
4e+06	4500000	1.35776199198916	0.272442951445708	1.77736216193127
4500000	5e+06	-8.25696747960226	-2.03773424126785	-1.29075753405005
5e+06	5500000	-8.00596828472882	-3.3564693187613	-3.69971260031141
5500000	6e+06	2.04596449756234	-0.367609093021552	-5.90853657998434
6e+06	6500000	11.2776049589564	2.92133905338242	-2.60201691166301
6500000	7e+06	10.8858220303436	1.65721010459692	0.979172567280084
7e+06	7500000	-3.82668789422499	2.57508716377157	2.78223504986198
7500000	8e+06	-4.47078421969969	0.665544191802434	2.35353849594666
8e+06	8500000	-5.33786493207244	2.19415379329123	-0.129152731937032
8500000	9e+06	0.170186250838414	-0.356554743196588	-0.214987005027926
9e+06	9500000	1.15061960592149	1.13756215975257	-0.749349229081035
9500000	1e+07	1.15697140864343	1.14034406097052	-0.750043432784277
1e+07	10500000	0.170217458122261	-0.35649593861754	-0.215048880806092
10500000	1.1e+07	-0.347726225897407	-1.07546750466468	0.0490960351605823
1.1e+07	11500000	0.102865946111905	-0.73822331922632	-0.70047360507599
11500000	1.2e+07	0.152750591278595	-0.297129419484527	-0.207164627559219
1.2e+07	12500000	0.154148144008628	-0.3025644041043	-0.207540064469792
12500000	1.3e+07	9.25284987087464	-10.0829183762345	14.8464018909903
1.3e+07	13500000	9.71241040412805	-9.76286248688838	14.0935759973175
13500000	1.4e+07	9.71231158745705	-9.76196212438948	14.0934016745752
1.4e+07	14500000	0.154613083071558	-0.30212683559985	-0.208418012212224
14500000	1.5e+07	0.15461308318125	-0.302126836038117	-0.208418011978461
1.5e+07	15500000	0.154613084281628	-0.302126835707419	-0.208418012616366
15500000	1.6e+07	0.154613084587982	-0.302126834967853	-0.208418012740047
1.6e+07	16500000	0.527783482977819	-1.01430328563894	1.88895322287573
16500000	1.7e+07	0.154613084103658	-0.302126834128338	-0.208418013114476
1.7e+07	17500000	0.154534853363169	-0.302086550807789	-0.20847056944319
17500000	1.8e+07	-0.217931467677234	0.409727348561762	-2.30536880026692
1.8e+07	18500000	0.155551853910605	-0.302610236096435	-0.207787338733393
18500000	1.9e+07	3.20027327926077	-12.3065909421973	25.3024917802826
1.9e+07	19500000	0.155551853476423	-0.302610235207762	-0.20778733710606
19500000	2e+07	0.155551853490493	-0.30261023524324	-0.207787337147285
2e+07	20500000	-2.88877842249798	11.7011690637793	-25.7178036666176
20500000	2.1e+07	0.155551852931711	-0.30261023491829	-0.207787336232191
2.1e+07	21500000	0.155551852816325	-0.302610234615531	-0.207787336237354
21500000	2.2e+07	0.155551857273552	-0.302610244896036	-0.207787343643386
2.2e+07	22500000	0.155551853120567	-0.302610234420252	-0.207787336548433
22500000	2.3e+07	0.155551853242997	-0.30261023470903	-0.207787336180465
2.3e+07	23500000	0.15555185311646	-0.302610234330516	-0.207787336826972
23500000	2.4e+07	0.155551853064116	-0.302610235181801	-0.20778733610346
2.4e+07	24500000	0.255404220441424	-0.0939074689573674	-0.204330178660157
24500000	2.5e+07	0.155551850713456	-0.302610236500594	-0.207787336768715
2.5e+07	25500000	0.155551851054241	-0.30261023577026	-0.20778733698331
25500000	2.6e+07	0.0556994834144486	-0.511313002232453	-0.21124449450352
2.6e+07	26500000	0.155551853079833	-0.302610234714672	-0.207787336145731
26500000	2.7e+07	0.15555185258798	-0.302610235174445	-0.207787336315807
2.7e+07	27500000	0.155551852904887	-0.302610234937876	-0.20778733683357
27500000	2.8e+07	0.159229881369209	-0.297324544475373	-0.231855614297901
2.8e+07	28500000	0.158963360506303	-0.298141038251027	-0.231609910599746
28500000	2.9e+07	0.155551852088985	-0.302610234088146	-0.207787335310915
2.9e+07	29500000	-0.243975168984113	-1.34948781271597	-1.31890543563477
29500000	3e+07	0.143216028489978	-0.31668357426518	-0.125696012399556
3e+07	30500000	0.147364233462878	-0.313336304612948	-0.150613156233354
30500000	3.1e+07	0.523053578601764	0.713408575559364	1.08303163166354
3.1e+07	31500000	0.123102909264137	-0.330510318014869	-0.00954475392413013
31500000	3.2e+07	0.105773392659531	-0.342777470323856	0.0912183904985084
3.2e+07	32500000	0.109341560577521	-0.341320498601339	0.0924338545086246
32500000	3.3e+07	0.105773392987059	-0.342777470503545	0.0912183901198836
3.3e+07	33500000	0.105773396595862	-0.34277747352396	0.0912183915574921
33500000	3.4e+07	0.105772046745275	-0.342776508765484	0.0912130559431658
3.4e+07	34500000	0.105773396606699	-0.34277747355411	0.0912183917639525
34500000	3.5e+07	0.105773389173181	-0.342777467300589	0.0912183887601535
3.5e+07	35500000	0.105773486364179	-0.342777669807217	0.0912184699456221
35500000	3.6e+07	0.131913030977301	-0.333974410673781	0.0584723849034668
3.6e+07	36500000	0.105773391861962	-0.342777469666271	0.0912183903661425
36500000	3.7e+07	0.105773179714992	-0.342776803980525	0.0912186774166377
3.7e+07	37500000	-0.0104170477025994	-0.405621638965018	0.356660397672362
37500000	3.8e+07	0.106342650079414	-0.342684552450443	0.091061093127795
3.8e+07	38500000	0.105834607189393	-0.342874525671443	0.0911337045385881
38500000	3.9e+07	-0.602224150267994	-0.526020405659326	-0.296044421760765
3.9e+07	39500000	0.104439939801993	-0.343250861011092	0.0914249117726952
39500000	4e+07	0.104541573270983	-0.343212960366739	0.0914103232718717
4e+07	40500000	8.68203636490959	7.22706836839006	1.55539621105407
40500000	4.1e+07	0.104553791331863	-0.343232277519973	0.0913934523406586
4.1e+07	41500000	0.104553791384707	-0.343232277573416	0.0913934523555933
41500000	4.2e+07	-7.67523810319699	-7.67647774508517	-1.21805162761454
4.2e+07	42500000	0.104553791355566	-0.343232276916584	0.0913934520183283
42500000	4.3e+07	0.104553791437782	-0.34323227687798	0.0913934518896084
4.3e+07	43500000	0.104553791377495	-0.343232277684897	0.0913934516734989
43500000	4.4e+07	0.104553791332594	-0.343232278167195	0.0913934515981915
4.4e+07	44500000	0.104553791362255	-0.343232277897624	0.0913934518337565
44500000	4.5e+07	0.328964870009515	0.0681291256136516	-0.129026197377211
4.5e+07	45500000	0.10455379179978	-0.343232276854455	0.0913934525832551
45500000	4.6e+07	0.0609755935412264	-0.353926232884116	0.099252952970163
4.6e+07	46500000	0.010667178074719	-0.723062919080967	0.288527238624795
46500000	4.7e+07	0.654017978489991	-0.0262927164189348	0.0234526163949453
4.7e+07	47500000	0.871908969709077	0.0271770634416907	-0.0158448858880791
47500000	4.8e+07	0.872187672311373	0.0279059916936597	-0.0162286432046293
4.8e+07	48500000	0.627492165825094	-0.214904804103244	-0.00292055593668761
48500000	4.9e+07	0.600966357391136	-0.403516893215201	-0.0292937255683527
4.9e+07	49500000	0.60089778474425	-0.403694714506131	-0.0292026060055822
49500000	5e+07	0.600966362695436	-0.403516894481072	-0.0292937225022839
5e+07	50500000	0.627492170960576	-0.214904804987294	-0.00292055254280854
50500000	5.1e+07	0.62749217083584	-0.214904804494358	-0.00292055232312186
5.1e+07	51500000	0.62749217047152	-0.214904804618857	-0.0029205527431312
51500000	5.2e+07	0.627492170637878	-0.214904804992981	-0.00292055271365347
5.2e+07	52500000	0.62749217097557	-0.21490480561183	-0.00292055332655908
52500000	5.3e+07	0.627492170738207	-0.214904805030539	-0.0029205526358679
5.3e+07	53500000	0.62749218386146	-0.214904766377627	-0.0029205448969056
53500000	5.4e+07	0.62749217062069	-0.214904804916308	-0.0029205526124815
5.4e+07	54500000	0.627492170631323	-0.214904804647748	-0.00292055247762019
54500000	5.5e+07	0.627492157943701	-0.214904843220659	-0.00292056064217913
5.5e+07	55500000	0.627492171306718	-0.214904804555307	-0.00292055297121149
55500000	5.6e+07	0.627492171342389	-0.2149048051914	-0.00292055298807759
5.6e+07	56500000	0.627492170890669	-0.214904805078804	-0.00292055254201792
56500000	5.7e+07	0.627492071338899	-0.214904670824834	-0.00292072776545257
5.7e+07	57500000	0.627492170945651	-0.214904804793166	-0.00292055189576459
57500000	5.8e+07	0.627492171133594	-0.214904804778635	-0.0029205520592185
5.8e+07	58500000	0.627492291395702	-0.214904939038281	-0.00292040476963662
58500000	5.9e+07	0.627492171147903	-0.214904804581821	-0.00292055273359737
5.9e+07	59500000	0.627492179345385	-0.214904806183504	-0.00292056054410896
59500000	6e+07	0.627492150073604	-0.214904804701575	-0.00292052414735622
6e+07	60500000	0.627492171965667	-0.214904807030162	-0.0029205507875615
60500000	6.1e+07	0.627492163891347	-0.214904806026007	-0.00292054242183377
6.1e+07	61500000	0.627492172053185	-0.214904806835375	-0.0029205507308615
61500000	6.2e+07	0.627492169901587	-0.214904802532934	-0.00292055328410658
6.2e+07	62500000	-3.35355869519521	-0.724640284808302	-1.43418595571594
62500000	6.3e+07	0.627492114822074	-0.214904754563092	-0.00292063053323903
6.3e+07	63500000	0.627491554189628	-0.214904486030968	-0.00292116812642017
63500000	6.4e+07	4.60852413392461	0.294861730506217	1.42834859947174
6.4e+07	64500000	0.627498912186012	-0.214908145124684	-0.00291376173248984
64500000	6.5e+07	0.62750237190944	-0.214909645854686	-0.00291132554903619
6.5e+07	65500000	0.627523147526738	-0.214941557206093	-0.00291350240969313
65500000	6.6e+07	0.62749982592493	-0.214908288188583	-0.00291429522692338
6.6e+07	66500000	0.627498515079053	-0.214907976953112	-0.00291378888804967
66500000	6.7e+07	0.627498278886112	-0.214907868901987	-0.00291380654724342
6.7e+07	67500000	0.627498107319202	-0.214907757024525	-0.00291372016543074
67500000	6.8e+07	0.627498388754916	-0.214907326433828	-0.00291350895914443
6.8e+07	68500000	0.627096635949118	-0.214519880513131	-0.00300030474468895
68500000	6.9e+07	0.627057332922334	-0.214244703114905	-0.00325743672602766
6.9e+07	69500000	0.627124195162346	-0.214162913045955	-0.00335341443490699
69500000	7e+07	0.627630242313158	-0.214480082608205	-0.00329424165608155
7e+07	70500000	0.627669692911388	-0.214755371032347	-0.00303721664593631
70500000	7.1e+07	0.627603204302431	-0.214837748238362	-0.0029417029195575
7.1e+07	71500000	0.627498898482813	-0.214908029922705	-0.00291410108390312
71500000	7.2e+07	0.627498898331723	-0.214908030230853	-0.00291410076059607
7.2e+07	72500000	0.627498898862524	-0.214908029988491	-0.00291410140086415
72500000	7.3e+07	0.627498898216331	-0.214908030117381	-0.00291410059220047
7.3e+07	73500000	0.627498898729613	-0.21490802977528	-0.00291410085176763
73500000	7.4e+07	0.627498883917698	-0.214908031139085	-0.00291407843577002
7.4e+07	74500000	1.11901606331814	-0.921127903612328	-0.747181669491477
74500000	7.5e+07	0.627498863768583	-0.214908033061549	-0.0029140479990512
7.5e+07	75500000	1.16580869985208	0.354116867913477	6.49583414283387
75500000	7.6e+07	0.0328875381425425	-2.64167310339118	12.0094982541342
7.6e+07	76500000	0.751391822028683	-8.89552398179525	16.0073709913857
76500000	7.7e+07	0.689521317777392	-16.2405056779329	8.37876423941867
7.7e+07	77500000	2.54603674273079	-28.0706520386735	12.692461405402
77500000	7.8e+07	-0.720735876279125	-18.2352230943425	14.3141517235168
7.8e+07	78500000	-1.40311212259995	-11.4866036389458	15.424457135448
78500000	7.9e+07	-2.41020346141668	4.09775585377606	6.46103983776646
7.9e+07	79500000	0.0657216490109226	-0.535948411676232	-2.57348721077047
79500000	8e+07	1.08794549290869	0.517327941384964	-1.67775257728854
8e+07	80500000	0.0588070878888912	-0.579892923076287	-2.75604053282075
80500000	8.1e+07	6.75241022652892	-0.987826100086109	1.62667254011268
8.1e+07	81500000	6.75962300876961	-2.0088562815985	0.411217019875197
81500000	8.2e+07	4.85599068326607	-0.211865862645303	-1.86991313854992
8.2e+07	82500000	-17.4941525226713	1.53293007909001	-13.2980971720883
82500000	8.3e+07	-24.3501251263537	0.395891736287067	-13.2082491590499
8.3e+07	83500000	-18.8185823483301	-4.0016215032375	-8.97607238331977
83500000	8.4e+07	-9.89586561170214	-4.51766273892734	-3.78371198256739
8.4e+07	84500000	-10.3847728395734	-10.7545869524138	-3.76973244319929
84500000	8.5e+07	-16.6689349158097	-8.64131325946469	-5.03030149716718
8.5e+07	85500000	-16.2495740372492	-4.64453651752999	-2.08018378052465
85500000	8.6e+07	-13.0751379780325	12.3773692398958	1.59535425174864
8.6e+07	86500000	-7.016894823752	15.9671427198256	9.67261576406995
86500000	8.7e+07	-0.138804775179864	11.4961042027478	11.2465884291191
8.7e+07	87500000	4.43259130857717	2.89650477497096	8.75652621152446
87500000	8.8e+07	2.76792514533253	2.51644682163082	1.53873001007598
8.8e+07	88500000	2.76841816947727	2.51512831133348	1.53817341686277
88500000	8.9e+07	0.603036875824888	5.04216640483207	0.47985877849687
8.9e+07	89500000	-1.45859334495004	6.16836778812165	0.846736407999801
89500000	9e+07	3.27613036325002	4.51519520921224	5.64222304072919
9e+07	90500000	8.83744733608343	-0.937604464784208	4.06154365218788
90500000	9.1e+07	-0.587310691241357	-0.174535723405352	0.0667473063621846
9.1e+07	91500000	1.16398730620822	-5.01785118413971	-10.0598740348411
91500000	9.2e+07	-1.24969367475892	-4.77215818145445	-15.4887842419812
9.2e+07	92500000	9.18462464315075	-8.61130336187086	-7.19817540723553
92500000	9.3e+07	-0.400790367791215	-2.77449175055935	3.65382246763257
9.3e+07	93500000	-2.71734664129427	-1.31044899546362	11.0667555107422
93500000	9.4e+07	-2.47171302982846	-0.875231118709487	5.51766345364129
9.4e+07	94500000	0.627498786594865	-0.21490791430769	-0.00291431557429566
94500000	9.5e+07	-3.33028370651119	7.62754578823042	0.198475985326029
9.5e+07	95500000	-4.2747809749645	3.48044176311432	-5.12238330589182
95500000	9.6e+07	-4.27691030580744	3.4809615385229	-5.12275358160972
9.6e+07	96500000	-1.9716285070113	-5.70270006990158	-20.1744606262968
96500000	9.7e+07	1.26453874824845	9.73709196318625	-12.802847484568
9.7e+07	97500000	-0.967884316403585	-1.76398320032484	-13.7476229204867
97500000	9.8e+07	0.627498942471053	-0.214908157283436	-0.00291378252449216
9.8e+07	98500000	-2.26309877203939	-9.72923752459801	-4.26741819118221
98500000	9.9e+07	4.99987702329605	4.69683018686147	-11.0876316567497
9.9e+07	99500000	10.6585560529998	8.75390395386101	-13.0358619696874
99500000	1e+08	21.4905776943512	8.46764596726968	-8.11600318332838
1e+08	100500000	17.5621701512953	5.77742572530397	0.866507046788384
100500000	1.01e+08	5.70229395501822	4.27452642726566	5.96120875966994
1.01e+08	101500000	-5.80051851796456	6.19384337109718	-1.5695371850077
101500000	1.02e+08	1.48005568843766	16.3308042815083	1.91530803149363
1.02e+08	102500000	11.2686181188861	8.79378071188469	-1.45153764800238
102500000	1.03e+08	13.9280440680364	2.24412256510759	0.158873199349835
1.03e+08	103500000	11.4582539605501	-12.4746503578902	-5.24686273965705
103500000	1.04e+08	9.52308364185807	-4.10278139276089	1.08540713463912
1.04e+08	104500000	11.0066994848839	1.6941552375925	10.6294344139077
104500000	1.05e+08	11.1159844730139	9.58489020121178	12.3150420977752
1.05e+08	105500000	10.3035402593122	1.98479716978805	4.83278094572226
105500000	1.06e+08	7.32043397006337	-0.836442927436406	-1.2020271614306
1.06e+08	106500000	1.30039227679537	-4.38286388189277	-2.18320409869091
106500000	1.07e+08	0.627646438398803	-0.217879583357756	-0.00197389680372542
1.07e+08	107500000	0.626976917040367	-0.219832872110516	-0.001742479076354
107500000	1.08e+08	0.627632486347967	-0.217884998872909	-0.00197172951662342
1.08e+08	108500000	0.627646435703365	-0.217879581300814	-0.00197389656930783
108500000	1.09e+08	0.628987003526021	-0.217649393507395	-0.00136066731792067
1.09e+08	109500000	0.62797859887925	-0.217924189318839	-0.00193957885898715
109500000	1.1e+08	0.627982471127896	-0.21793323000468	-0.00193543622745281
1.1e+08	110500000	0.627366380562418	-0.217440217634429	-0.00239212894622103
110500000	1.11e+08	0.627646439481506	-0.217879582885462	-0.00197389625295806
1.11e+08	111500000	-14.0802342159946	0.2369523782191	-9.01480161296314
111500000	1.12e+08	0.627646443407955	-0.217879586299275	-0.00197389596179443
1.12e+08	112500000	0.627646442640748	-0.21787958587132	-0.00197389608705738
112500000	1.13e+08	42.2307059206936	-0.998936973060258	31.1217855425561
1.13e+08	113500000	0.62764644254179	-0.21787958587033	-0.00197389609481341
113500000	1.14e+08	0.627646443043805	-0.217879585571239	-0.0019738955642897
1.14e+08	114500000	-26.2671938770849	0.107921214166071	-22.1154874255035
114500000	1.15e+08	0.627646448467111	-0.217879591807924	-0.00197389804871112
1.15e+08	115500000	0.627646105349648	-0.217879723463091	-0.00197393288334124
115500000	1.16e+08	0.627301413420549	-0.217446915344519	0.000604130734016334
1.16e+08	116500000	0.62764644091529	-0.217879592304667	-0.00197390128796184
116500000	1.17e+08	0.627646783427818	-0.217879463266822	-0.00197386873761793
1.17e+08	117500000	0.627646441311536	-0.217879592322923	-0.00197390202430987
117500000	1.18e+08	0.627646441032849	-0.217879592170036	-0.00197390165024428
1.18e+08	118500000	0.627646440672396	-0.217879591963933	-0.00197390155089335
118500000	1.19e+08	0.627646440593707	-0.217879592560961	-0.00197390096745007
1.19e+08	119500000	0.627646440837579	-0.217879592861497	-0.00197390166376228
119500000	1.2e+08	0.627646441207381	-0.217879593535184	-0.00197390179626442
1.2e+08	120500000	0.627646441205614	-0.217879592895122	-0.00197390185336585
120500000	1.21e+08	0.627646445211184	-0.21787959997452	-0.0019739141137906
1.21e+08	121500000	0.627646444734962	-0.217879599159029	-0.00197391398204163
121500000	1.22e+08	0.62764644084153	-0.217879592421208	-0.0019739016147238
1.22e+08	122500000	0.627646436787044	-0.217879585222346	-0.00197388940610614
122500000	1.23e+08	0.627646436760976	-0.217879585165003	-0.00197388949409967
1.23e+08	123500000	0.627646441140299	-0.217879592289075	-0.00197390185957979
123500000	1.24e+08	-16.5720054172188	5.36048496236499	9.8812423244478
1.24e+08	124500000	0.627646442141388	-0.217879592620737	-0.00197390195500913
124500000	1.25e+08	0.627646442020391	-0.217879592611726	-0.00197390191374287
1.25e+08	125500000	17.8272983008257	-5.79624414671586	-9.8851901285802
125500000	1.26e+08	0.627646442664731	-0.217879592191037	-0.00197390220415121
1.26e+08	126500000	0.627646442642154	-0.217879591876436	-0.00197390249410768
126500000	1.27e+08	0.627646442564563	-0.21787959209347	-0.00197390243174946
1.27e+08	127500000	0.627646441563846	-0.217879591677034	-0.00197390263053512
127500000	1.28e+08	-4.67354757973751	-0.218484972118394	-2.08221820145153
1.28e+08	128500000	-3.72450265081733	1.84998906294266	3.23445161777505
128500000	1.29e+08	0.627646441385743	-0.217879591352179	-0.00197390226225365
1.29e+08	129500000	5.92884046237231	-0.217274210833822	2.07827039672043
129500000	1.3e+08	4.97979553405759	-2.28574824623938	-3.23839942220505
1.3e+08	130500000	0.62764644284591	-0.217879592069331	-0.00197390175615644
130500000	1.31e+08	0.62764644346617	-0.217879592299312	-0.00197390132050354
1.31e+08	131500000	0.627646443381224	-0.217879592521217	-0.00197390055208217
131500000	1.32e+08	0.627646442424935	-0.217879593053176	-0.00197390120179851
1.32e+08	132500000	0.627646006221853	-0.217876218941515	-0.00197083804663119
132500000	1.33e+08	0.627646441426946	-0.217879592133301	-0.0019739021825329
1.33e+08	133500000	0.614599249113719	-0.209051002477871	0.00297254360662757
133500000	1.34e+08	0.614202403186126	-0.209899402995391	0.00271178231436361
1.34e+08	134500000	0.62764644094656	-0.217879591467839	-0.00197390157481896
134500000	1.35e+08	-1.21788143152683	-5.03505978354394	10.9627425592857
1.35e+08	135500000	0.662602072811826	-0.23863685334225	-0.0141646449115552
135500000	1.36e+08	0.659913178098394	-0.237040140873223	-0.0132268956221971
1.36e+08	136500000	2.64942743010982	4.14373924132209	-12.8002235418228
136500000	1.37e+08	0.659913178088782	-0.237040140898018	-0.0132268957095548
1.37e+08	137500000	0.65991317805748	-0.237040140986318	-0.01322689562403
137500000	1.38e+08	0.539729570568627	0.184145230175208	1.80035584704071
1.38e+08	138500000	0.659913179343866	-0.237040141483739	-0.0132268944989958
138500000	1.39e+08	0.659913180194034	-0.237040141483332	-0.0132268937526599
1.39e+08	139500000	0.659913179737905	-0.237040141768108	-0.0132268941254565
139500000	1.4e+08	-0.442229196974847	1.12678325908687	-0.665893560821779
1.4e+08	140500000	0.659913178773413	-0.237040141366444	-0.0132268947547515
140500000	1.41e+08	0.65991317881659	-0.237040141320074	-0.0132268947527047
1.41e+08	141500000	1.76065648916209	-1.60207413406724	0.64149498300753
141500000	1.42e+08	0.659913178175063	-0.237040140922082	-0.0132268954540914
1.42e+08	142500000	0.659952725001193	-0.23702118254647	-0.0132338270226586
142500000	1.43e+08	0.661383078473532	-0.235710576898286	-0.0152136577197601
1.43e+08	143500000	0.659913181967195	-0.237040140361459	-0.0132268980101641
143500000	1.44e+08	0.659680568303534	-0.237148337989602	-0.0132347692561019
1.44e+08	144500000	0.659422399517892	-0.237722861587687	-0.0138997548077338
144500000	1.45e+08	0.782495612086634	-1.4444031109743	0.505294690523748
1.45e+08	145500000	0.648298175163574	-1.07741994499325	-1.40003144409982
145500000	1.46e+08	0.350827670428021	-0.188661888081003	-0.357714708207284
1.46e+08	146500000	0.536042812562101	0.970267233858344	-0.536683483903386
146500000	1.47e+08	0.670251811106424	0.602993698945967	1.36818576947919
1.47e+08	147500000	0.968060856340081	-0.294734149724263	0.337939797725643
147500000	1.48e+08	0.65995522077984	-0.247301446024405	-0.00231434540197875
1.48e+08	148500000	0.65995522097851	-0.247301445678364	-0.00231434513803995
148500000	1.49e+08	0.662881266625723	-0.240328082092913	-0.0109282724868341
1.49e+08	149500000	0.659368663050525	-0.238178964507172	-0.0146419469471349
149500000	1.5e+08	0.659368663086558	-0.238178964489005	-0.0146419469312772
1.5e+08	150500000	0.662392114081693	-0.22859012517735	-0.0254915025764263
150500000	1.51e+08	0.659368710766875	-0.238179226834101	-0.0146421189474903
1.51e+08	151500000	0.659739408793146	-0.238461625457853	-0.0145501723988516
151500000	1.52e+08	0.694584624383618	-0.227093585812574	-0.00933112348936106
1.52e+08	152500000	0.668716828333298	-0.206340438715063	-0.0582971765211964
152500000	1.53e+08	0.659368662931992	-0.238178964361007	-0.0146419474083745
1.53e+08	153500000	0.618453242454184	-0.25720854852379	-0.0119460143000345
153500000	1.54e+08	0.505098959378676	-0.443908640223935	0.426001951586643
1.54e+08	154500000	0.659541118555881	-0.238343003454794	-0.014237609747989
154500000	1.55e+08	0.659368671273513	-0.238178969860509	-0.0146419733311193
1.55e+08	155500000	0.761446308931782	-1.48025637794009	1.08979640029899
155500000	1.56e+08	0.659368685613379	-0.238178969974113	-0.0146420012109695
1.56e+08	156500000	0.659368683337583	-0.238178970372945	-0.0146419956339848
156500000	1.57e+08	0.724449276135724	1.88510421193232	-2.26603815090674
