0	5e+05	1.42038391817108	1.37338303459175	0.11013124170029
5e+05	1e+06	1.41028099766247	1.40530045210471	0.0673818224370757
1e+06	1500000	1.38893066346988	1.47236737725529	-0.022478636296312
1500000	2e+06	1.36766903839499	1.53935719455765	-0.112177662260796
2e+06	2500000	1.34469189015972	1.6114183898767	-0.208679895532882
2500000	3e+06	1.32238963683133	1.68126906934359	-0.30206878515719
3e+06	3500000	1.29461265213802	1.76756415852321	-0.417439503476077
3500000	4e+06	1.26977803430428	1.84491732187644	-0.520473810644122
4e+06	4500000	1.28359013191699	1.85911025846994	-0.621780164923137
4500000	5e+06	1.33027312983036	1.81676223578974	-0.713444730443679
5e+06	5500000	1.39997947900711	1.737612867689	-0.807810129400256
5500000	6e+06	1.47015078300705	1.66488232382475	-0.921420021280404
6e+06	6500000	1.52080791528798	1.59194167222184	-0.967541963572349
6500000	7e+06	1.60293750302793	1.45509841720695	-1.00803153908067
7e+06	7500000	1.67453250881344	1.32998228540537	-1.0252235122025
7500000	8e+06	1.75231519955848	1.20382481494964	-1.06665394431693
8e+06	8500000	1.81653813333935	1.08188926968927	-1.07625071717731
8500000	9e+06	1.88225624012081	0.933072754367891	-1.05522109633549
9e+06	9500000	1.95819875613101	0.766528622733575	-1.03855700065034
9500000	1e+07	1.96408053739213	0.652730220094514	-1.03085147033399
1e+07	10500000	1.89558034397736	0.591668088956636	-1.02399523220635
10500000	1.1e+07	1.77082534998604	0.56515683455007	-1.02031723432069
1.1e+07	11500000	1.62216658310966	0.55933343004028	-1.00074160971645
11500000	1.2e+07	1.48973822112217	0.531222520859307	-0.999643489668556
1.2e+07	12500000	1.33495714320657	0.495659795268817	-1.00694036832126
12500000	1.3e+07	1.20206732646966	0.453464038523609	-1.0336814630457
1.3e+07	13500000	1.05137535543227	0.413716611115405	-1.0504464184784
13500000	1.4e+07	0.937958552973182	0.396038675700003	-1.09143096941257
1.4e+07	14500000	0.8958790811893	0.377590504889875	-1.16764852197599
14500000	1.5e+07	0.914320932743942	0.361968369968213	-1.28735022397872
1.5e+07	15500000	0.962184250881263	0.331042784248966	-1.41713671065202
15500000	1.6e+07	1.02510112354443	0.313727743252667	-1.51808821615234
1.6e+07	16500000	1.12250782674866	0.305777985299079	-1.59667273540716
16500000	1.7e+07	1.27517641138567	0.303442667292171	-1.67678735677066
1.7e+07	17500000	1.40319779724761	0.303758692134134	-1.7219718894819
17500000	1.8e+07	1.51927610781475	0.312844196907517	-1.71200748585198
1.8e+07	18500000	1.60265767455296	0.332334973443733	-1.63188690547602
18500000	1.9e+07	1.68614582861966	0.354856531959421	-1.53450490747011
1.9e+07	19500000	1.77891803698105	0.378796880619995	-1.43325961145178
19500000	2e+07	1.87572158605631	0.403331014546895	-1.32884921014776
2e+07	20500000	1.90492110028143	0.424323556029951	-1.246827118474
20500000	2.1e+07	1.8791730989922	0.451678302270884	-1.14007187682652
2.1e+07	21500000	1.79557085048609	0.476775883469015	-1.04123662992476
21500000	2.2e+07	1.73915061562477	0.506972106647764	-0.920422319488994
2.2e+07	22500000	1.67932748171509	0.532557143206946	-0.814572176431129
22500000	2.3e+07	1.62785614825662	0.560759508072214	-0.69882319213218
2.3e+07	23500000	1.57395654423598	0.587997041609534	-0.585785419900227
23500000	2.4e+07	1.52014821953833	0.615693144065802	-0.472573963457779
2.4e+07	24500000	1.48938745874075	0.650873626318784	-0.356529301571713
24500000	2.5e+07	1.47654505184255	0.689660845628792	-0.24424408418974
2.5e+07	25500000	1.48166005336246	0.737341464518221	-0.120893454878058
25500000	2.6e+07	1.47846236030845	0.784516142882277	0.00727425993368136
2.6e+07	26500000	1.48635735658893	0.826322868122809	0.139388723160863
26500000	2.7e+07	1.52228220620342	0.846086756396785	0.246898553924107
2.7e+07	27500000	1.59070453330346	0.84241846872428	0.33370615185718
27500000	2.8e+07	1.64801709148622	0.84943641736217	0.434903874841158
2.8e+07	28500000	1.68772427448429	0.86665208637567	0.542120300209834
28500000	2.9e+07	1.67465504656102	0.902143700773829	0.677561255043378
2.9e+07	29500000	1.6333014334168	0.928459667041942	0.802240458253689
29500000	3e+07	1.55674454968157	0.957571466563273	0.939821967322346
3e+07	30500000	1.4825154966309	0.984250358286936	1.06304016104809
30500000	3.1e+07	1.41228578862844	1.01155076077747	1.18863515461879
3.1e+07	31500000	1.34502152309537	1.03808957069826	1.30979039307049
31500000	3.2e+07	1.27984176244535	1.0640182158065	1.42821194761781
3.2e+07	32500000	1.20682501494629	1.09331639763548	1.56293617080965
32500000	3.3e+07	1.1384034364031	1.1205740663229	1.69052577362524
3.3e+07	33500000	1.0679393328589	1.14831729697025	1.82256569855187
33500000	3.4e+07	1.0024127533326	1.17271817060843	1.94588841653541
3.4e+07	34500000	0.935010314372636	1.1972851070997	2.07429272204169
34500000	3.5e+07	0.861385673755055	1.22364445034908	2.21345727689263
3.5e+07	35500000	0.794113074280671	1.2479855541013	2.33976689193097
35500000	3.6e+07	0.723871171497558	1.27318913861783	2.47049997080136
3.6e+07	36500000	0.649127203644016	1.29992078657883	2.61073329439536
36500000	3.7e+07	0.567398311234779	1.32062219775996	2.73487761544952
3.7e+07	37500000	0.480533851485783	1.33668399221029	2.84523472821626
37500000	3.8e+07	0.392063394489898	1.34628494838215	2.93296259343885
3.8e+07	38500000	0.291034544203592	1.35958344763322	3.04035918667531
38500000	3.9e+07	0.189647734284192	1.37295590825081	3.14719951328836
3.9e+07	39500000	0.104345773677997	1.33225999776063	3.22276268270437
39500000	4e+07	0.0316848585479574	1.24920499352965	3.27376250289638
4e+07	40500000	-0.0443202276132746	1.12411479566395	3.31695022011795
40500000	4.1e+07	-0.131516657469561	1.01490567284497	3.3758283087352
4.1e+07	41500000	-0.174522197231444	0.917813678764192	3.39090321676917
41500000	4.2e+07	-0.17067190971123	0.801749892511491	3.34980814259759
4.2e+07	42500000	-0.104347454943747	0.70454593090131	3.29284973723142
42500000	4.3e+07	-0.0200575830590065	0.602908271130692	3.25629507228691
4.3e+07	43500000	0.0851757293339559	0.532830078398633	3.24894144273595
43500000	4.4e+07	0.224904641321741	0.423092578784381	3.23032364283032
4.4e+07	44500000	0.357431125717324	0.322642334839492	3.21328346462149
44500000	4.5e+07	0.486534931798165	0.223843996487024	3.1962990394561
4.5e+07	45500000	0.588209824851699	0.147207672958029	3.18357294573527
45500000	4.6e+07	0.712605715231508	0.0530380814162352	3.16777522396424
4.6e+07	46500000	0.841268553606808	-0.0442556716160045	3.15141012787689
46500000	4.7e+07	0.945688592487083	-0.0600558589381813	3.12443749285431
4.7e+07	47500000	1.02656065402838	-0.00985470914842006	3.09019852505638
47500000	4.8e+07	1.11117472524212	0.0995624883524648	3.04213877184387
4.8e+07	48500000	1.21883288967624	0.192894096959474	2.99142243621422
48500000	4.9e+07	1.30788794827668	0.303389968374275	2.9320095868282
4.9e+07	49500000	1.32889529986096	0.408313223110368	2.88323984535376
49500000	5e+07	1.26139106568912	0.552478961708149	2.82735050831072
5e+07	50500000	1.14531992224797	0.647324335821686	2.80872927424784
50500000	5.1e+07	1.01713345860164	0.707301303552491	2.81502104590826
5.1e+07	51500000	0.853416507129298	0.693975624311345	2.87321163016729
51500000	5.2e+07	0.68554887561537	0.68205741743621	2.93186629006571
5.2e+07	52500000	0.554194006283178	0.716628207483271	3.00034371563453
52500000	5.3e+07	0.495293258449373	0.789496155298241	3.01020366545448
5.3e+07	53500000	0.517164144312929	0.900184372094946	3.00279219995724
53500000	5.4e+07	0.575874172910705	0.982630950928314	3.00194139917856
5.4e+07	54500000	0.645578396324316	1.07368585788556	3.06314393782003
54500000	5.5e+07	0.691114989397406	1.16429533563972	3.15031407503516
5.5e+07	55500000	0.718406992334631	1.28741155653485	3.23520524743887
55500000	5.6e+07	0.754811565441371	1.39725125546556	3.31447658011927
5.6e+07	56500000	0.799429540153665	1.52728983710648	3.41061081110632
56500000	5.7e+07	0.846610550264122	1.62835810157338	3.52601071724869
5.7e+07	57500000	0.876619629286476	1.73689788385041	3.60772944200095
57500000	5.8e+07	0.895074416773179	1.85264805741418	3.67268625702051
5.8e+07	58500000	0.980114765028431	1.75653205442228	3.79943890206474
58500000	5.9e+07	1.03915475369854	1.664761811508	3.88581535798596
5.9e+07	59500000	0.948909165244603	1.43398186553468	3.94958137697257
59500000	6e+07	0.743935431791746	1.38371562985057	3.89570189729369
6e+07	60500000	0.584951931177479	1.2547624105902	3.84441295345454
60500000	6.1e+07	0.540790022587767	1.22061357974663	3.77091158388971
6.1e+07	61500000	0.496637860609168	1.19132994050907	3.69127552548079
61500000	6.2e+07	0.401996062265686	1.1861349538358	3.62958479359801
6.2e+07	62500000	0.252693691524784	1.14087933992636	3.52282452557419
62500000	6.3e+07	0.103736512135989	1.10113079184919	3.40481633705599
6.3e+07	63500000	-0.0309722451709656	1.05387550415664	3.29043639461405
63500000	6.4e+07	-0.129127304666055	0.992279140888355	3.19030934335142
6.4e+07	64500000	-0.23586416222818	0.908356774224426	3.06904544602904
64500000	6.5e+07	-0.345351084653385	0.823126276446836	2.9456102573787
6.5e+07	65500000	-0.375766486919583	0.766401568482609	2.85024418457399
65500000	6.6e+07	-0.344060768280696	0.70426121978579	2.8207996622524
6.6e+07	66500000	-0.251478438603706	0.637683761777716	2.83598698208898
66500000	6.7e+07	-0.171329631124671	0.549398000635159	2.84047357340921
6.7e+07	67500000	-0.0938242281672206	0.512758095591395	2.78599813114592
67500000	6.8e+07	-0.0488397012028541	0.535354372952762	2.65420120106616
6.8e+07	68500000	0.0058221627812348	0.570130652142202	2.5362834002348
68500000	6.9e+07	0.0539024945495429	0.598123441171942	2.41466262733599
6.9e+07	69500000	0.134581260646607	0.56625905015063	2.32486077069708
69500000	7e+07	0.244335613477266	0.524505628722634	2.18522563142202
7e+07	70500000	0.366839712383093	0.461053317854344	2.05616989066867
70500000	7.1e+07	0.480460222568416	0.409959270540381	1.92614817272616
7.1e+07	71500000	0.552760907088654	0.37699966095312	1.84441197628854
71500000	7.2e+07	0.860782999325708	0.239536187201047	1.48715397703385
7.2e+07	72500000	0.936899547081519	0.205831966010786	1.3971526220552
72500000	7.3e+07	1.00166850940876	0.17227044801821	1.29842361071371
7.3e+07	73500000	0.81663255079772	0.242783769747648	1.46224421404576
73500000	7.4e+07	0.835731897756805	0.207911022770864	1.33120173659496
7.4e+07	74500000	0.833092156492674	0.175543713896384	1.19488783210001
74500000	7.5e+07	0.808084841730606	0.14455517998396	1.04914062199856
7.5e+07	75500000	0.772172900464612	0.114117076501385	0.898481949621467
75500000	7.6e+07	0.740896476845318	0.0816637872435954	0.74212389061138
7.6e+07	76500000	0.708165494524895	0.0494589137571624	0.585648012625558
76500000	7.7e+07	0.71865686080339	0.0450107328836406	0.453609733165017
7.7e+07	77500000	0.76072672165358	0.0584503872991242	0.321175802930018
77500000	7.8e+07	0.83422609664097	0.0912220290470364	0.20087147167301
7.8e+07	78500000	0.935020452859734	0.132188080028267	0.0927340903596164
78500000	7.9e+07	1.04293236225252	0.175429979962851	0.0179902711086734
7.9e+07	79500000	1.1561743930289	0.221272641268656	0.00823797382389738
79500000	8e+07	1.26114117518508	0.266030501848937	0.0675495502997668
8e+07	80500000	1.3814625104678	0.318289302540751	0.165580890245496
80500000	8.1e+07	1.51742900740167	0.376980571695345	0.268570703969244
8.1e+07	81500000	1.63231178137744	0.426067418685662	0.350363212128899
81500000	8.2e+07	1.71535183644154	0.411267076758091	0.420814432295543
8.2e+07	82500000	1.76621745773866	0.344534500814048	0.476751977933199
82500000	8.3e+07	1.81299422950056	0.215018632754071	0.542850500669845
8.3e+07	83500000	1.8200054677847	0.0964847204987649	0.606152283654938
83500000	8.4e+07	1.80311502287512	-0.0376214777920569	0.680475804177842
8.4e+07	84500000	1.75044827941444	-0.157548843392197	0.741822666567861
84500000	8.5e+07	1.71375785226191	-0.277929813069307	0.80472338717041
8.5e+07	85500000	1.67669338036368	-0.399235689598217	0.867903827644838
85500000	8.6e+07	1.63737649885203	-0.528190834035341	0.935267342647629
8.6e+07	86500000	1.57268925537515	-0.632198453767637	1.00544680406886
86500000	8.7e+07	1.48271314285763	-0.649867460850523	1.04525536010191
8.7e+07	87500000	1.3602487058524	-0.599756149495438	1.06614140694747
87500000	8.8e+07	1.23972409150031	-0.524903109306412	1.07081648715569
8.8e+07	88500000	1.11741645026721	-0.470315529687865	1.08717523961563
88500000	8.9e+07	1.01172315856852	-0.379874388886188	1.07807716923834
8.9e+07	89500000	0.915299031164566	-0.269807950412469	1.05458912459206
89500000	9e+07	0.8423257060376	-0.147343847850749	1.01561847485659
9e+07	90500000	0.757736499142953	-0.0280209717667739	0.982038828836673
90500000	9.1e+07	0.67835887109523	0.0928031834466947	0.947804729083169
9.1e+07	91500000	0.568909621841616	0.200878478374595	0.930902535487758
91500000	9.2e+07	0.474939915004102	0.280173983846201	0.911125813059653
9.2e+07	92500000	0.365831886893337	0.310199409334863	0.882813820173368
92500000	9.3e+07	0.236205558258831	0.328476528318699	0.810853085981774
9.3e+07	93500000	0.0958382603626274	0.322257801402501	0.740751476483833
93500000	9.4e+07	0.0039236068714405	0.296189926539073	0.660733770447318
9.4e+07	94500000	-0.0222505478441748	0.241359565791513	0.583501698187452
94500000	9.5e+07	-0.0315420940913751	0.143595965213078	0.457190929806506
9.5e+07	95500000	-0.0634804888528797	0.0542925553145768	0.324014608386323
95500000	9.6e+07	-0.102379874655546	-0.0409125262191803	0.174832674585055
9.6e+07	96500000	-0.131138949076931	-0.12067942423244	0.0543590736340542
96500000	9.7e+07	-0.159951631031856	-0.201392979599598	-0.0675518606726526
9.7e+07	97500000	-0.18538159517199	-0.271087627426326	-0.173316120837484
97500000	9.8e+07	-0.21044202091274	-0.339546830655776	-0.277126763074716
9.8e+07	98500000	-0.236666314318999	-0.410932017079709	-0.3857877485222
98500000	9.9e+07	-0.260800752142066	-0.476466430705545	-0.485725064104385
9.9e+07	99500000	-0.285644366983755	-0.544292403290632	-0.588952622748879
99500000	1e+08	-0.31160180969829	-0.616152520042621	-0.697637015245261
1e+08	100500000	-0.343583712814974	-0.705799777678663	-0.832289451800263
100500000	1.01e+08	-0.373949036323689	-0.791035542754874	-0.960172409679892
1.01e+08	101500000	-0.382927394027619	-0.877759732850622	-1.05868690795594
101500000	1.02e+08	-0.367586433849696	-0.98659411705281	-1.13852320834398
1.02e+08	102500000	-0.33632356684091	-1.10729517301774	-1.20508242638795
102500000	1.03e+08	-0.307240370817862	-1.22669948526069	-1.27123102677982
1.03e+08	103500000	-0.283489006579311	-1.32167235893577	-1.32454849159216
103500000	1.04e+08	-0.258658746401629	-1.42116277543164	-1.38051993834866
1.04e+08	104500000	-0.233705588112543	-1.52185621182548	-1.43679958750819
104500000	1.05e+08	-0.204805098200636	-1.64050268465491	-1.50315245663365
1.05e+08	105500000	-0.175266974266684	-1.76372580581399	-1.57197076047693
105500000	1.06e+08	-0.139162917293866	-1.91421515745509	-1.65621427906275
1.06e+08	106500000	-0.104011954491476	-2.05930284700508	-1.73736752668273
106500000	1.07e+08	-0.0368799363893705	-2.17257548839	-1.81664485546866
1.07e+08	107500000	0.0603455216165037	-2.22240534310522	-1.84203918158108
107500000	1.08e+08	0.183366751715558	-2.20191860598166	-1.83468032704168
1.08e+08	108500000	0.24967379777429	-2.14784024138448	-1.83416116284044
108500000	1.09e+08	0.283928018156779	-2.04429477739877	-1.88872368732734
1.09e+08	109500000	0.32005745962756	-1.96702793481331	-1.97417311087806
109500000	1.1e+08	0.399264760844811	-1.90016177172852	-2.05617720972619
1.1e+08	110500000	0.471072531917935	-1.86110826518104	-2.14472976224538
110500000	1.11e+08	0.53147997055592	-1.78792843178993	-2.27308626792148
1.11e+08	111500000	0.581759482516958	-1.70380034151854	-2.41888417263443
111500000	1.12e+08	0.632680794629686	-1.62485955194334	-2.55313281735701
1.12e+08	112500000	0.606383824912619	-1.57293752905925	-2.61133960247293
112500000	1.13e+08	0.513876962561803	-1.5525721800721	-2.66197147409323
1.13e+08	113500000	0.385014939658454	-1.55103092892333	-2.70137480542958
113500000	1.14e+08	0.248059797923951	-1.56179787625637	-2.7937146825968
1.14e+08	114500000	0.11781618076503	-1.56691556582239	-2.87705548743366
114500000	1.15e+08	-0.0158104439504941	-1.57425061406802	-2.96293644893503
1.15e+08	115500000	-0.139107678901474	-1.57974052910248	-3.04039819169438
115500000	1.16e+08	-0.261076155031185	-1.58486565970715	-3.1169317013057
1.16e+08	116500000	-0.395094677010514	-1.59011634257434	-3.20107871610086
116500000	1.17e+08	-0.523792589455507	-1.59545942532987	-3.28150481196648
1.17e+08	117500000	-0.641520796106031	-1.60035720476427	-3.35504755591385
117500000	1.18e+08	-0.75517496463917	-1.60543284952395	-3.42615330091657
1.18e+08	118500000	-0.861270852298195	-1.60981353332027	-3.49322612531773
118500000	1.19e+08	-0.983894452283397	-1.61420111070467	-3.57157844335453
1.19e+08	119500000	-1.10420332229713	-1.61813059911208	-3.64889221571151
119500000	1.2e+08	-1.22664560556368	-1.6214130950434	-3.72801178533724
1.2e+08	120500000	-1.35624381774118	-1.62497413335284	-3.8115895915734
120500000	1.21e+08	-1.48765145134947	-1.62834270119655	-3.8964249737501
1.21e+08	121500000	-1.61363324841143	-1.63171378714871	-3.9776041798268
121500000	1.22e+08	-1.72844257681288	-1.66402858916303	-4.03727400951999
1.22e+08	122500000	-1.83640583572482	-1.71328601847726	-4.08396181457235
122500000	1.23e+08	-1.95472494295734	-1.78411424085203	-4.12668623042595
1.23e+08	123500000	-2.05594828308761	-1.83799523181067	-4.16645228744535
123500000	1.24e+08	-2.10233160017975	-1.88384164161092	-4.12690471324676
1.24e+08	124500000	-2.13392055919088	-1.9432374259645	-4.02378957262582
124500000	1.25e+08	-2.1534751957207	-2.00810570617102	-3.88262623314602
1.25e+08	125500000	-2.21511972654885	-2.09929178877118	-3.7486806809116
125500000	1.26e+08	-2.259474518692	-2.17181446391282	-3.63382284466121
1.26e+08	126500000	-2.30426767160635	-2.24612494941137	-3.51481505007689
126500000	1.27e+08	-2.34005265596106	-2.30495208160959	-3.42096658874625
1.27e+08	127500000	-2.37449682263291	-2.36131861668704	-3.3312584614987
127500000	1.28e+08	-2.41381341935988	-2.42587066107209	-3.22892750531987
1.28e+08	128500000	-2.45185683482754	-2.4885187428994	-3.12988784826277
128500000	1.29e+08	-2.5005783410255	-2.56872267607353	-3.00334861125813
1.29e+08	129500000	-2.54482736489303	-2.64147782756452	-2.88825915564593
129500000	1.3e+08	-2.59108111116922	-2.71739742608018	-2.76782772105281
1.3e+08	130500000	-2.6603638768869	-2.75672914675971	-2.69032663917729
130500000	1.31e+08	-2.72923384663938	-2.734376058136	-2.65456425288734
1.31e+08	131500000	-2.82048898982467	-2.64747242527888	-2.64676608370763
131500000	1.32e+08	-2.89671561354204	-2.53416199791381	-2.64158426513887
1.32e+08	132500000	-2.9916375177173	-2.42449897660899	-2.62334639241457
132500000	1.33e+08	-3.08400455277911	-2.31771931970397	-2.60680439085561
1.33e+08	133500000	-3.18217410727986	-2.20224563922323	-2.58999799766359
133500000	1.34e+08	-3.27899059402348	-2.08778168958913	-2.5734966130261
1.34e+08	134500000	-3.32131070479414	-1.97070089408867	-2.54036211027914
134500000	1.35e+08	-3.32190791095296	-1.85513333325203	-2.49606810448494
1.35e+08	135500000	-3.28591085270888	-1.74301926423816	-2.44253959408373
135500000	1.36e+08	-3.26127853093138	-1.62429491949751	-2.38977921104781
1.36e+08	136500000	-3.23162256221399	-1.48459988118487	-2.32820642551282
136500000	1.37e+08	-3.20252930790954	-1.34969749889166	-2.26892326847061
1.37e+08	137500000	-3.17435960436127	-1.22311336779955	-2.21329281668065
137500000	1.38e+08	-3.15059492923339	-1.11498567100632	-2.1655725351924
1.38e+08	138500000	-3.12546639643919	-0.999057303114639	-2.11418818703192
138500000	1.39e+08	-3.09700275669867	-0.866412822676109	-2.0550018597769
1.39e+08	139500000	-3.06640970173026	-0.721095682977496	-1.99000882300359
139500000	1.4e+08	-3.0346661772208	-0.570323894343605	-1.92260989579618
1.4e+08	140500000	-3.00766268819192	-0.440992810484363	-1.86491703252825
140500000	1.41e+08	-2.98034426192857	-0.310037540354115	-1.80643921795923
1.41e+08	141500000	-2.94626884223316	-0.145019953550801	-1.73269026745576
141500000	1.42e+08	-2.91195988711926	0.0223002631571015	-1.6577856700408
1.42e+08	142500000	-2.87950984407769	0.180263498887709	-1.58704307441133
142500000	1.43e+08	-2.82166665225356	0.255652495417435	-1.53404968062076
1.43e+08	143500000	-2.73720508173349	0.324788575604309	-1.47350623194704
143500000	1.44e+08	-2.67136791670976	0.377846489170305	-1.3981128500255
1.44e+08	144500000	-2.65826713507273	0.417212389200357	-1.29884064805095
144500000	1.45e+08	-2.64345698339548	0.414445616235616	-1.20186039032407
1.45e+08	145500000	-2.58600288609153	0.370154998629653	-1.08448430525459
145500000	1.46e+08	-2.49547820821151	0.338610915107405	-0.971714591029012
1.46e+08	146500000	-2.41552036166668	0.306530894560731	-0.840273279011082
146500000	1.47e+08	-2.34587100366559	0.277212379711721	-0.72796045743949
1.47e+08	147500000	-2.26649159733828	0.244016228957391	-0.601314437802703
147500000	1.48e+08	-2.17983194707809	0.248654760386549	-0.52633823173881
1.48e+08	148500000	-2.07252898130227	0.285993978394079	-0.482139493845456
148500000	1.49e+08	-1.95454856192532	0.35907884654163	-0.482901750707402
1.49e+08	149500000	-1.83563460425954	0.423290423981625	-0.468926744355713
149500000	1.5e+08	-1.68191824560043	0.509827409481242	-0.455675914704333
1.5e+08	150500000	-1.52456556525123	0.598958563220729	-0.443262741205191
150500000	1.51e+08	-1.37963957872951	0.660299031016368	-0.397039752920843
1.51e+08	151500000	-1.33904527114937	0.702575642566987	-0.337831845816096
151500000	1.52e+08	-1.39371095851716	0.740876157351199	-0.237725704202153
1.52e+08	152500000	-1.49192662529353	0.802787258112746	-0.149243104228767
152500000	1.53e+08	-1.59208450849059	0.854764921926729	-0.0465122807573824
1.53e+08	153500000	-1.66474389436247	0.898596644040797	0.0374940931344344
153500000	1.54e+08	-1.70835421125588	0.947931797683666	0.132418292590499
1.54e+08	154500000	-1.70945233901101	0.999468704476634	0.230709007130647
154500000	1.55e+08	-1.67320079404348	1.06348192540881	0.353085849726542
1.55e+08	155500000	-1.61647576023223	1.08703435721016	0.454550934388421
155500000	1.56e+08	-1.56812426227829	1.05560735748648	0.536718333420561
1.56e+08	156500000	-1.54298938413001	1.00794047660634	0.612352760954854
156500000	1.57e+08	-1.54079102719009	0.976494020933253	0.650122474876648
