0	5e+05	-0.0131699365892611	0.0131627305638336	0.00459505982664335
5e+05	1e+06	-0.0130606846126527	0.0132902432207607	0.0046058096019924
1e+06	1500000	-0.0131434392201018	0.013183697738073	0.00459161977638621
1500000	2e+06	-0.0133922835218145	0.0132556061387585	0.00445108875344236
2e+06	2500000	-0.0131822810999571	0.0131509850130093	0.00457155627574081
2500000	3e+06	-0.0131588180889112	0.013130399104734	0.00460824588799307
3e+06	3500000	-0.0131840537091366	0.0130798738766078	0.00462458579626231
3500000	4e+06	-0.012889395201401	0.0131639764356387	0.00455424988465499
4e+06	4500000	-0.0131624281661974	0.0128996517962597	0.00475471962526171
4500000	5e+06	-0.0132520799762816	0.0127917176950659	0.00489394763101064
5e+06	5500000	-0.0131436172871199	0.0129256789647397	0.00474320530313326
5500000	6e+06	-0.0131791296099664	0.0129930639336514	0.00469767706841214
6e+06	6500000	-0.0130490804554936	0.012781034266016	0.00483632050863087
6500000	7e+06	-0.0130766277769838	0.012810052119638	0.00481979455229511
7e+06	7500000	-0.0130766277769761	0.0128100521196018	0.00481979455230871
7500000	8e+06	-0.0130766277769596	0.0128100521196291	0.00481979455232828
8e+06	8500000	-0.0130766277769535	0.0128100521195959	0.00481979455231323
8500000	9e+06	-0.0130766277769929	0.0128100521196681	0.00481979455226795
9e+06	9500000	-0.0130766277769942	0.0128100521195988	0.00481979455232079
9500000	1e+07	-0.0130193467164805	0.0127730152267689	0.00514270868938257
1e+07	10500000	-0.0131339088414996	0.0128470890301831	0.00449688042016773
10500000	1.1e+07	-0.0130766277756722	0.0128100521221008	0.00481979455332657
1.1e+07	11500000	-0.0130766277585787	0.0128100521096757	0.00481979456321058
11500000	1.2e+07	-0.0130766278043577	0.012810052110021	0.00481979453438915
1.2e+07	12500000	-0.0130766277822912	0.0128100521096117	0.00481979454824791
12500000	1.3e+07	-0.01307662778227	0.0128100521095877	0.00481979454829919
1.3e+07	13500000	-0.0130766277807534	0.0128100521103494	0.00481979454868661
13500000	1.4e+07	-0.0130766277822565	0.0128100521096028	0.00481979454826297
1.4e+07	14500000	-0.0130766277838005	0.0128100521088952	0.00481979454783631
14500000	1.5e+07	-0.0334836082463332	0.018186154600728	0.0140451306055955
1.5e+07	15500000	0.00733035267935309	0.00743394961733875	-0.00440554150973499
15500000	1.6e+07	-0.0130766277834977	0.0128100521090349	0.00481979454792496
1.6e+07	16500000	0.0118306699845443	0.0112873025830791	0.00756364703628802
16500000	1.7e+07	-0.0235426791069822	0.0257881779989419	0.0190860460531233
1.7e+07	17500000	-0.0275178742327373	0.00135467572931994	-0.0121903094625816
17500000	1.8e+07	-0.0896934380671708	0.024520729162695	-0.0108005893438975
1.8e+07	18500000	0.063540182500183	0.00109937505537169	0.0204401784397595
18500000	1.9e+07	-0.0130766277834887	0.0128100521090349	0.00481979454792043
1.9e+07	19500000	-0.0130766277835416	0.012810052109095	0.00481979454791589
19500000	2e+07	-0.0130766277834976	0.0128100521089866	0.00481979454792048
2e+07	20500000	-0.0130766277835024	0.0128100521090982	0.00481979454790229
20500000	2.1e+07	-0.0130766277835219	0.0128100521090559	0.00481979454792798
2.1e+07	21500000	-0.013076627783528	0.0128100521090649	0.00481979454790083
21500000	2.2e+07	-0.0130766277835052	0.0128100521090168	0.00481979454794157
2.2e+07	22500000	-0.0130693474189981	0.0128211081113184	0.00467369509072756
22500000	2.3e+07	-0.0130839081480228	0.0127989961067302	0.0049658940052355
2.3e+07	23500000	-0.0130766277835159	0.0128100521090529	0.00481979454791591
23500000	2.4e+07	-0.0130766313385439	0.0128100526593439	0.00481979266142926
2.4e+07	24500000	-0.0130766242279394	0.0128100515584168	0.00481979643454126
24500000	2.5e+07	-0.0130509790558717	0.012485714822721	0.00436811263505636
2.5e+07	25500000	-0.00726762206746897	0.0245384657019958	0.00959157504294544
25500000	2.6e+07	-0.0130766249957225	0.0128100516793886	0.00481979602837469
2.6e+07	26500000	-0.0130766244539188	0.0128100515727608	0.00481979632292944
26500000	2.7e+07	-0.0130766247123817	0.0128100516251564	0.00481979617257921
2.7e+07	27500000	-0.0130766247037663	0.0128100516276562	0.00481979617443693
27500000	2.8e+07	-0.0130766247204878	0.0128100516227635	0.00481979617055216
2.8e+07	28500000	-0.0136780747559175	0.0126707483831032	0.00454999946026648
28500000	2.9e+07	-0.0124751748544783	0.0129493548056199	0.0050895928565903
2.9e+07	29500000	-0.0130949163749719	0.0124799730921358	0.00464541697740253
29500000	3e+07	-0.012916548642362	0.0129559834995449	0.00509397722447844
3e+07	30500000	-0.0130766247660975	0.012810051817566	0.0048197960735598
30500000	3.1e+07	-0.0131088274941711	0.0127711103538704	0.00482753159188941
3.1e+07	31500000	-0.013044422084151	0.0128489917135418	0.00481206021538748
31500000	3.2e+07	-0.013076624756049	0.012810049967927	0.00481979593338599
3.2e+07	32500000	-0.0130765793835182	0.0128102422174612	0.00481965334323843
32500000	3.3e+07	-0.0130766696120899	0.0128098585567851	0.00481994067766071
3.3e+07	33500000	-0.0130766245299563	0.0128100508459523	0.00481979656055923
33500000	3.4e+07	-0.0130766245260095	0.0128100508479505	0.00481979656300698
3.4e+07	34500000	-0.0130766245338127	0.0128100508439937	0.00481979655822599
34500000	3.5e+07	-0.0130766243488414	0.0128100513311445	0.00481979675990201
3.5e+07	35500000	-0.0130766245299518	0.0128100508459523	0.00481979656052605
35500000	3.6e+07	-0.0130766245299728	0.0128100508459342	0.00481979656060148
3.6e+07	36500000	-0.0130766245331329	0.0128100508536453	0.00481979658974668
36500000	3.7e+07	-0.013076624526898	0.012810050838794	0.00481979653260946
3.7e+07	37500000	-0.0130766245300722	0.012810050845925	0.00481979656076592
37500000	3.8e+07	-0.0130766245299788	0.0128100508459372	0.0048197965605864
3.8e+07	38500000	-0.0130766245299683	0.0128100508459342	0.00481979656058338
38500000	3.9e+07	-0.0130775607219754	0.0128060868323506	0.00482015621167335
3.9e+07	39500000	-0.0126309547775245	0.0126953195808219	0.00517925678683936
39500000	4e+07	-0.0135239535855207	0.0129171802628189	0.00446038208758981
4e+07	40500000	-0.0083483089843015	0.0140248160051675	0.00844112319753477
40500000	4.1e+07	-0.0178274160994481	0.0115798177531375	0.00130083970923443
4.1e+07	41500000	-0.0180097714197595	0.01246531003539	-0.00310202785702198
41500000	4.2e+07	-0.0130877237775143	0.0127827062507463	0.00483814811325161
4.2e+07	42500000	-0.0130426776585204	0.0128731517505676	0.00470736746699611
42500000	4.3e+07	-0.013141725293004	0.0132972857493411	0.00451148761669858
4.3e+07	43500000	-0.0129373481281904	0.0130588877081339	0.00500763467579896
43500000	4.4e+07	-0.0130773734835746	0.0128068796350667	0.00482008428145053
4.4e+07	44500000	-0.0139114590167149	0.0130298964513976	0.00593220778149381
44500000	4.5e+07	-0.0122432879572868	0.0125838628203284	0.00370796077671868
4.5e+07	45500000	-0.0130773734835791	0.0128068796350697	0.0048200842814445
45500000	4.6e+07	-0.0130773734835653	0.0128068796350155	0.00482008428149279
4.6e+07	46500000	-0.0130773734102348	0.0128068796124413	0.00482008443895304
46500000	4.7e+07	-0.0130773745301283	0.01280687852804	0.00482008563076498
4.7e+07	47500000	-0.0130773734835744	0.0128068796350366	0.00482008428147469
47500000	4.8e+07	-0.01307737347799	0.0128068796300212	0.00482008424711981
4.8e+07	48500000	3.23892479268896	5.94702329470251	0.583296785449311
48500000	4.9e+07	-3.26507953963251	-5.92140953544142	-0.573656616928597
4.9e+07	49500000	-0.0130765010085462	0.012808616433812	0.00481874514118415
49500000	5e+07	-0.0140970596714538	0.00138540310906205	0.00825970394505963
5e+07	50500000	-0.00229970404637558	0.0275163226735764	-0.010067651600085
50500000	5.1e+07	-0.0238550429103673	-0.0019025634146101	0.0197078201109928
5.1e+07	51500000	-0.0130773734791112	0.0128068796310164	0.00482008425399321
51500000	5.2e+07	-0.0130773734790213	0.0128068796309563	0.00482008425395098
5.2e+07	52500000	-0.0130773734790955	0.0128068796310707	0.00482008425397807
52500000	5.3e+07	-0.0130773734791022	0.0128068796310254	0.00482008425396304
5.3e+07	53500000	-0.0130773734793173	0.0128068796311124	0.00482008425406866
53500000	5.4e+07	-0.0130773734777337	0.0128068796315573	0.00482008425403408
5.4e+07	54500000	-0.0130796178274722	0.0128104120263813	0.00482144916175169
54500000	5.5e+07	-0.0130751291318944	0.0128033472357648	0.00481871934501687
5.5e+07	55500000	-0.013077373479112	0.0128068796310103	0.00482008425397814
55500000	5.6e+07	-0.0447324498322517	0.0386032542250855	0.0605204715013347
5.6e+07	56500000	0.0185777028740513	-0.0129894949630407	-0.050880302993395
56500000	5.7e+07	-0.013077373479115	0.0128068796310043	0.00482008425397664
5.7e+07	57500000	-0.0130773734791	0.0128068796310496	0.00482008425398413
57500000	5.8e+07	-0.0130773734791121	0.0128068796310375	0.00482008425395097
5.8e+07	58500000	-0.0130773734791028	0.0128068796309893	0.00482008425398418
58500000	5.9e+07	-0.0388965970205379	0.0351824531879264	-0.0261882049204181
5.9e+07	59500000	0.0127418500623256	-0.00956869392590871	0.0358283734283578
59500000	6e+07	-0.0130773734791051	0.0128068796309983	0.00482008425398418
6e+07	60500000	0.54731273139872	-0.709135730508807	0.901245884676368
60500000	6.1e+07	-0.57346747835693	0.734749489770827	-0.891605716168429
6.1e+07	61500000	-0.0130773734791036	0.0128068796309983	0.00482008425398116
61500000	6.2e+07	0.200052640222823	0.202615301833404	-0.44994969539626
6.2e+07	62500000	-0.226207387181048	-0.17700154257139	0.45958986390418
62500000	6.3e+07	-0.0130773734791554	0.0128068796305968	0.0048200842537463
6.3e+07	63500000	-0.0130773734788905	0.0128068796326013	0.00482008425494471
63500000	6.4e+07	-0.0130773734786345	0.0128068796345514	0.00482008425605723
6.4e+07	64500000	-0.0130773734788148	0.0128068796324269	0.00482008425521928
64500000	6.5e+07	-0.0130773734789294	0.0128068796326223	0.00482008425495528
6.5e+07	65500000	-0.0130773734788935	0.0128068796325832	0.00482008425491457
65500000	6.6e+07	0.6428066504873	1.0216422963437	-3.11441834123126
6.6e+07	66500000	-0.668961397445091	-0.996028537078486	3.12405850974107
66500000	6.7e+07	-0.0130773734789136	0.0128068796326223	0.0048200842548678
6.7e+07	67500000	-0.0130773734788512	0.0128068796324749	0.0048200842551514
67500000	6.8e+07	-0.0130773734788122	0.0128068796324237	0.00482008425510166
6.8e+07	68500000	-0.0130773734788387	0.0128068796324599	0.00482008425512426
68500000	6.9e+07	-0.0130368403936703	0.012820963507381	0.00477382446318723
6.9e+07	69500000	-0.0131179065641526	0.0127927957574657	0.00486634404672818
69500000	7e+07	-0.0130773734793006	0.0128068796320931	0.00482008425454731
7e+07	70500000	-0.0132394740643432	0.0130814258047377	0.00500452118757802
70500000	7.1e+07	-0.0130484211507572	0.0128150616409605	0.00478815570295163
7.1e+07	71500000	-0.19433209426585	6.42905170573144	1.80208659110433
71500000	7.2e+07	0.168310498643492	-6.40372067076915	-1.79259893163823
7.2e+07	72500000	-0.590021847856854	-0.547101103415299	-0.0502234463630832
72500000	7.3e+07	0.563783981365982	0.573200487192529	0.0599472075196151
7.3e+07	73500000	-0.0129942539467848	0.0123212551192651	0.00473649160737745
73500000	7.4e+07	0.0561342219391754	0.0573530304031851	0.00910383091165556
7.4e+07	74500000	-0.0822889688976119	-0.031739271138859	0.00053633759762925
74500000	7.5e+07	-0.0130773734792084	0.0128068796321611	0.00482008425465992
7.5e+07	75500000	-0.0130773734791602	0.0128068796321788	0.00482008425463009
75500000	7.6e+07	-0.0130773734792224	0.0128068796321915	0.0048200842547025
7.6e+07	76500000	-0.013077373479251	0.0128068796321952	0.00482008425471156
76500000	7.7e+07	-0.0130773734792188	0.012806879632136	0.00482008425464411
7.7e+07	77500000	-0.0130773730330685	0.0128068802151358	0.00482008416722562
77500000	7.8e+07	-0.013077373924448	0.0128068790504722	0.00482008434357224
7.8e+07	78500000	-0.0130781170445974	0.0128059651080501	0.00481914054994568
78500000	7.9e+07	-0.013076645310998	0.0128077747592061	0.0048210312683633
7.9e+07	79500000	-0.0130953467986928	0.012783753357462	0.0047961247236003
79500000	8e+07	-0.0130594001598387	0.0128300059068736	0.00484404378550206
8e+07	80500000	-0.0130773734791986	0.0128068796321755	0.00482008425463803
80500000	8.1e+07	-0.0130773734792344	0.0128068796321771	0.00482008425469687
8.1e+07	81500000	-0.0130773734797188	0.0128068796318533	0.00482008425563056
81500000	8.2e+07	-0.0130773734792155	0.0128068796321652	0.00482008425464635
8.2e+07	82500000	-0.0130773734786627	0.0128068796325197	0.00482008425355613
82500000	8.3e+07	-0.0130773735160075	0.0128068796542293	0.0048200842569879
8.3e+07	83500000	-0.0130773734424935	0.0128068796101073	0.00482008425208466
83500000	8.4e+07	-0.0130773734792054	0.0128068796321814	0.00482008425460712
8.4e+07	84500000	-0.0130773734792325	0.0128068796321684	0.00482008425465503
84500000	8.5e+07	-0.0130773734792536	0.0128068796321638	0.0048200842546509
8.5e+07	85500000	-0.0130773734792347	0.0128068796321701	0.00482008425471836
85500000	8.6e+07	-0.0130773734792596	0.012806879632141	0.00482008425468561
8.6e+07	86500000	-0.0130773734791817	0.0128068796321793	0.00482008425461276
86500000	8.7e+07	-0.0130773734792464	0.0128068796321518	0.00482008425465731
8.7e+07	87500000	-0.0130769756496278	0.0128059178633301	0.00481913218126467
87500000	8.8e+07	-0.0130777713094561	0.0128078414008517	0.00482103632870605
8.8e+07	88500000	-0.013077373479225	0.0128068796321696	0.00482008425465502
88500000	8.9e+07	-0.0130773734791844	0.0128068796322013	0.00482008425460218
8.9e+07	89500000	-0.0130773734792592	0.0128068796321604	0.00482008425471273
89500000	9e+07	-0.0130773734792136	0.0128068796321669	0.00482008425465992
9e+07	90500000	-0.0130773734792453	0.0128068796321393	0.00482008425460643
90500000	9.1e+07	-0.0130323170327401	0.0129713826268798	0.00479465139017002
9.1e+07	91500000	-0.0131224299251947	0.0126423766377509	0.00484551711817693
91500000	9.2e+07	-0.0130773734792458	0.0128068796321932	0.00482008425467009
9.2e+07	92500000	-0.0130773734792359	0.0128068796321623	0.0048200842546637
92500000	9.3e+07	-0.0130773734791871	0.0128068796321101	0.00482008425468257
9.3e+07	93500000	-0.0130773734792503	0.0128068796322076	0.00482008425466179
93500000	9.4e+07	-0.0130773734792234	0.0128068796321467	0.00482008425462752
9.4e+07	94500000	-0.013077373479239	0.0128068796321796	0.00482008425459545
94500000	9.5e+07	0.114620391703508	0.0557310256715081	0.00135669211373473
9.5e+07	95500000	-0.140775138661978	-0.0301172664071799	0.00828347639547432
95500000	9.6e+07	-0.0130773734792367	0.0128068796321714	0.00482008425460488
9.6e+07	96500000	-0.0129845811886381	0.012953144721615	0.00487432622753349
96500000	9.7e+07	-0.0131701657698939	0.0126606145426609	0.00476584228173104
9.7e+07	97500000	-0.0135142759700401	0.0124469131867743	0.00405479033665148
97500000	9.8e+07	-0.0133665493103988	0.0123696353259522	0.00468725863492588
9.8e+07	98500000	-0.013177360219041	0.0126433936586017	0.00471836723684445
98500000	9.9e+07	-0.0131258544044852	0.0127363414625128	0.00483501411577856
9.9e+07	99500000	-0.0132546189408841	0.0125039719527603	0.00454339691840689
99500000	1e+08	-0.013692803649626	0.0130599769388025	0.00517729950357638
1e+08	100500000	-0.0128164342321462	0.0119479669667069	0.00390949433324796
100500000	1.01e+08	-0.0132626182051598	0.0125029931711295	0.00454149686536041
1.01e+08	101500000	-0.0131826255624715	0.0125127809874124	0.00456049739595461
101500000	1.02e+08	-0.0132226218837445	0.0125078870792883	0.00455099713058751
1.02e+08	102500000	-0.0132226218837971	0.0125078870793665	0.00455099713056221
102500000	1.03e+08	-0.0132226218837765	0.0125078870792871	0.00455099713063466
1.03e+08	103500000	-0.0132226218837897	0.0125078870792874	0.00455099713065955
103500000	1.04e+08	-0.0132226218838409	0.0125078870793813	0.00455099713057165
1.04e+08	104500000	-0.0132226218837371	0.0125078870792133	0.00455099713062942
104500000	1.05e+08	-0.0132226218837874	0.0125078870792695	0.00455099713062262
1.05e+08	105500000	-0.0132226218838098	0.0125078870793126	0.00455099713056453
105500000	1.06e+08	-0.319841224984437	0.0965421858444462	0.0916952254914805
1.06e+08	106500000	0.293395981216842	-0.0715264116858993	-0.08259323123032
106500000	1.07e+08	-0.00822016851834574	0.0124700153026524	-0.00868472975740087
1.07e+08	107500000	-0.0182250752492533	0.0125457588559382	0.0177867240185533
107500000	1.08e+08	-0.0132226218838049	0.0125078870793102	0.00455099713057207
1.08e+08	108500000	-0.0132225327614059	0.0125079061632513	0.0045511381825436
108500000	1.09e+08	-0.0132227110058888	0.012507867995063	0.00455085607877178
1.09e+08	109500000	-0.0132225325552267	0.012507906143228	0.00455113836597362
109500000	1.1e+08	-0.0132227112121609	0.0125078680153687	0.0045508558950984
1.1e+08	110500000	-0.0132226218838018	0.0125078870792707	0.00455099713054647
110500000	1.11e+08	-0.013222621883814	0.0125078870793301	0.00455099713057319
1.11e+08	111500000	-0.0132226218838355	0.0125078870793419	0.00455099713057433
111500000	1.12e+08	-0.0132226218837902	0.0125078870793246	0.00455099713057356
1.12e+08	112500000	-0.0132226218838122	0.0125078870792499	0.00455099713064188
112500000	1.13e+08	-0.0132226218838035	0.0125078870793655	0.00455099713056901
1.13e+08	113500000	0.562727925517199	-0.0787909496731097	-0.512961441917339
113500000	1.14e+08	-0.598413362579514	0.128421290733245	0.503770297224854
1.14e+08	114500000	-0.0132226218836897	0.0125078870793955	0.00455099713033773
114500000	1.15e+08	-0.0132226703854446	0.0125080314907627	0.00455091173461333
1.15e+08	115500000	-0.0132225734226204	0.0125077426721212	0.00455108249099316
115500000	1.16e+08	-0.0132226218848625	0.0125078870790134	0.00455099713260354
1.16e+08	116500000	-0.0132224790086375	0.0125065687885752	0.00455146426461737
116500000	1.17e+08	-0.0132229799899749	0.0125063253242931	0.00455046273295003
1.17e+08	117500000	-0.013222621884275	0.0125078870791812	0.00455099713150211
117500000	1.18e+08	-0.0132226242520218	0.0125078866067639	0.00455099203226832
1.18e+08	118500000	-0.0132226195163653	0.0125078875515193	0.00455100223130045
118500000	1.19e+08	-0.0118617777125511	0.0171551542591138	0.0168098098348381
1.19e+08	119500000	-0.0132222934970213	0.0125076270677467	0.00455111298922465
119500000	1.2e+08	-0.0132239170907555	0.0125089137431351	0.00455054219832236
1.2e+08	120500000	-0.0132237310156383	0.0125087219595145	0.00455045057280038
120500000	1.21e+08	-0.0132259412071931	0.0125153667003273	0.00455123079442478
1.21e+08	121500000	-0.013223938695838	0.0125089482172035	0.00455056152381688
121500000	1.22e+08	-0.0132239380987431	0.012508926712211	0.00455055135660771
1.22e+08	122500000	0.0309346877314246	0.0388893693841077	0.0430831762737795
122500000	1.23e+08	-0.0618801344875001	-0.0143839774352584	-0.0298673833622336
1.23e+08	123500000	-0.0132239332262218	0.0125089280851483	0.00455055262597088
123500000	1.24e+08	-0.0230046334523701	-0.012827725513931	-0.0048086794867196
1.24e+08	124500000	0.0110950148976465	0.00770527665834261	0.0185100217348874
124500000	1.25e+08	-0.0143495938966734	0.0132470451558253	0.00461808663143996
1.25e+08	125500000	-0.012196199148687	0.0118004127538996	0.00454027135201835
125500000	1.26e+08	-0.0084359802475243	0.00797683916027207	0.00344492336626246
1.26e+08	126500000	-0.0128981290119426	0.0121915066650908	0.00449010269240218
126500000	1.27e+08	-0.013462585289549	0.0128050307372841	0.00456651450960994
1.27e+08	127500000	-0.0132310056374847	0.0124966403172518	0.00455581796906481
127500000	1.28e+08	-0.019585923807805	0.0189867376458817	0.00377132299378022
1.28e+08	128500000	-0.0132239356713295	0.0125089271726199	0.00455055190525162
128500000	1.29e+08	-0.0131613100738087	0.0126106991445028	0.00450909263808143
1.29e+08	129500000	-0.0132795721798323	0.0124180309491903	0.0045954849627625
129500000	1.3e+08	-0.0132239356713129	0.0125089271726254	0.00455055190524228
1.3e+08	130500000	-0.0245847007669091	0.00264912995881364	0.00164589222092416
130500000	1.31e+08	0.215436139551064	-0.158711637098117	-0.0288666258713003
1.31e+08	131500000	-0.230522758770299	0.193589765619989	0.0408738685593676
131500000	1.32e+08	-0.00086955798866044	0.0222521593838095	0.00981752714105251
1.32e+08	132500000	-0.0303429125800786	0.0379910070521358	-0.0082554536705636
132500000	1.33e+08	-0.0314696695680245	-0.017320051335142	0.00391531922413756
1.33e+08	133500000	-0.0132229528788183	0.0125089035692465	0.00455142294773997
133500000	1.34e+08	-0.0132278668416761	0.0125090215857543	0.00454706773513591
1.34e+08	134500000	-0.0132281716049529	0.0125093313721746	0.0045481396610195
134500000	1.35e+08	-0.0132288655611144	0.0125093329585895	0.00454750284793422
1.35e+08	135500000	-0.013227866840855	0.0125090215865694	0.00454706773535791
135500000	1.36e+08	-0.0131860378844206	0.0125160289664148	0.00462903554028941
1.36e+08	136500000	0.0097462630293878	0.00711491426923925	0.0126333612994168
136500000	1.37e+08	0.0124377535679817	0.0114814585161208	0.00925491938743292
1.37e+08	137500000	-0.0389142248821332	0.0135330876714026	-0.000202959803172484
137500000	1.38e+08	-0.0132071292086826	0.0125125185718874	0.0045892436217849
1.38e+08	138500000	-0.0133108173700115	0.0124950336448461	0.00437836418960603
138500000	1.39e+08	-0.0133108173699931	0.0124950336448073	0.00437836418952657
1.39e+08	139500000	-0.0133108173699917	0.0124950336448479	0.00437836418956468
139500000	1.4e+08	-0.0133108173700505	0.0124950336449048	0.00437836418956499
1.4e+08	140500000	-0.0133108173700206	0.0124950336448323	0.00437836418957217
140500000	1.41e+08	-0.0133108173699724	0.0124950336448261	0.00437836418957417
1.41e+08	141500000	-0.0133108173699582	0.0124950336447744	0.00437836418954546
141500000	1.42e+08	-0.0133108173700474	0.0124950336448575	0.00437836418958541
1.42e+08	142500000	-0.0133108173700163	0.0124950336448459	0.00437836418957962
142500000	1.43e+08	-0.0133108173695479	0.0124950336452746	0.00437836418841679
1.43e+08	143500000	-0.0133108161578655	0.0124950301621483	0.0043783705170731
143500000	1.44e+08	-0.0133108167286604	0.0124950317331019	0.00437836794972809
