0	5e+05	-2.22554311548148	-0.988259939992173	1.33690071004492
5e+05	1e+06	-2.20790848442789	-1.01145911821989	1.29231953365339
1e+06	1500000	-2.15094474238156	-1.04068841266454	1.26233507874941
1500000	2e+06	-2.05141680923657	-1.12325157488616	1.24368376841678
2e+06	2500000	-1.91938073525447	-1.19936658220781	1.24573788022301
2500000	3e+06	-1.82258969929705	-1.31283156184126	1.20148874124623
3e+06	3500000	-1.7970097131334	-1.4345200383494	1.20516974338118
3500000	4e+06	-1.84748646250001	-1.54989039644854	1.18328274880452
4e+06	4500000	-1.87502800026344	-1.61507303927371	1.12800092330601
4500000	5e+06	-1.86063587120909	-1.67820150518366	1.01035707083884
5e+06	5500000	-1.84558682078422	-1.73616663071177	0.897406745359231
5500000	6e+06	-1.87025564664527	-1.83007806841347	0.761631828541713
6e+06	6500000	-1.93198944111487	-1.90134554192166	0.62906028596687
6500000	7e+06	-1.98362594551294	-1.99591160468751	0.460951074059664
7e+06	7500000	-2.19016280991186	-2.34213128334392	-0.135651003160165
7500000	8e+06	-1.84348940753266	-2.27913780548101	-0.464580475150972
8e+06	8500000	-1.49279441144514	-2.17787423427934	-0.699087670795549
8500000	9e+06	-0.996699370544561	-1.78741616312835	-0.39002775339292
9e+06	9500000	-1.06738994791476	-1.78935741198421	-0.285999288157495
9500000	1e+07	-1.1471114514228	-1.79184852024277	-0.169945770127692
1e+07	10500000	-1.22304027827411	-1.79342562060659	-0.0578338573660959
10500000	1.1e+07	-1.30346958760689	-1.79483225107773	0.0613056675777858
1.1e+07	11500000	-1.37641747434809	-1.7961014307764	0.169150169203451
11500000	1.2e+07	-1.35564650901069	-1.6169190949373	0.259300678953653
1.2e+07	12500000	-1.28990861429996	-1.36359260599083	0.332633617099621
12500000	1.3e+07	-1.19221764389559	-1.0616852554157	0.391211997785035
1.3e+07	13500000	-1.14539205859211	-0.875273102383889	0.447746488399945
13500000	1.4e+07	-1.10255657732152	-0.71137848476137	0.494994458086386
1.4e+07	14500000	-1.09122423105764	-0.587890697563626	0.576878078234831
14500000	1.5e+07	-1.06709821943872	-0.51026906713721	0.684518681054553
1.5e+07	15500000	-1.00629318556071	-0.499911627791722	0.795866723259967
15500000	1.6e+07	-0.889756755768136	-0.467293895560028	0.835990258574535
1.6e+07	16500000	-0.810466665755667	-0.394314595065413	0.845359679114743
16500000	1.7e+07	-0.757579083737832	-0.240079307369556	0.847185078706937
1.7e+07	17500000	-0.723870340688536	-0.0678912226978839	0.877522596294411
17500000	1.8e+07	-0.662141254210849	0.0999166281832095	0.899774462781768
1.8e+07	18500000	-0.630374248581511	0.255516082725024	0.909092116634252
18500000	1.9e+07	-0.614549298456355	0.421519441546922	0.911641266331938
1.9e+07	19500000	-0.621159263323715	0.572517521264326	0.908297463536953
19500000	2e+07	-0.624028058985927	0.736519808800352	0.905816661166342
2e+07	20500000	-0.630274043725829	0.897508617966505	0.902156330949364
20500000	2.1e+07	-0.599977465579521	1.04036118063466	0.878783274933254
2.1e+07	21500000	-0.58524716823873	1.13163142032353	0.80967028075498
21500000	2.2e+07	-0.570316393340474	1.2026965390999	0.686228171457986
2.2e+07	22500000	-0.591282746908788	1.2734074153398	0.548756816455264
22500000	2.3e+07	-0.595637269963988	1.35632861797402	0.413624723103658
2.3e+07	23500000	-0.599212587811248	1.43498069073228	0.28267257716028
23500000	2.4e+07	-0.603106464309117	1.51806278811014	0.143544261306575
2.4e+07	24500000	-0.606875255996124	1.60147965497419	0.00452675628067814
24500000	2.5e+07	-0.610756751068404	1.69157442600015	-0.145773795678888
2.5e+07	25500000	-0.613057349551495	1.79670996521444	-0.228506984648856
25500000	2.6e+07	-0.61563670254091	1.91157672430034	-0.311960730603699
2.6e+07	26500000	-0.612715186096391	2.04147452398559	-0.31504848730671
26500000	2.7e+07	-0.610867244394106	2.17580118415665	-0.380266001722259
2.7e+07	27500000	-0.607468097501564	2.32812383531147	-0.428976264138224
27500000	2.8e+07	-0.608058222916458	2.46470175029646	-0.515056926600746
2.8e+07	28500000	-0.607794791664988	2.59944295094795	-0.586974001778393
28500000	2.9e+07	-0.607579348080602	2.72332863325488	-0.653667239066425
2.9e+07	29500000	-0.612307135012933	2.83534197322813	-0.713452518424747
29500000	3e+07	-0.637650126734203	2.9626502698443	-0.778424560412062
3e+07	30500000	-0.680621778742555	3.10391260538917	-0.847876657540209
30500000	3.1e+07	-0.734608017121727	3.27298862670535	-0.930564693225232
3.1e+07	31500000	-0.783971997284837	3.43579312504992	-1.01052652863489
31500000	3.2e+07	-0.783015840068442	3.54021680492498	-1.1020323244671
3.2e+07	32500000	-0.736506341187621	3.60109802700443	-1.20824927811897
32500000	3.3e+07	-0.631275389280198	3.56557015302439	-1.29930731088685
3.3e+07	33500000	-0.498202756069268	3.48650747068859	-1.38330992500446
33500000	3.4e+07	-0.353856442046445	3.36458260171582	-1.44532424538466
3.4e+07	34500000	-0.227864800088644	3.30760192713471	-1.5395479551359
34500000	3.5e+07	-0.168376438772054	3.26519017234378	-1.65815956027534
3.5e+07	35500000	-0.173095461481918	3.21536822439098	-1.76085687416991
35500000	3.6e+07	-0.157891833286849	3.11131490676358	-1.79588264645051
3.6e+07	36500000	-0.0923098256802386	2.98713555817439	-1.79531504258121
36500000	3.7e+07	0.0262246073319963	2.864749393852	-1.80143746537353
3.7e+07	37500000	0.136541109394018	2.73145604359744	-1.84052175565335
37500000	3.8e+07	0.234390193573599	2.60906674089919	-1.86577526985402
3.8e+07	38500000	0.330276036470572	2.49169552388576	-1.88877752266396
38500000	3.9e+07	0.434416347134659	2.36439854704	-1.91513268168505
3.9e+07	39500000	0.536388348075727	2.23964274911153	-1.94136569939215
39500000	4e+07	0.646834071386338	2.10475960788575	-1.96950518567128
4e+07	40500000	0.743356288750003	1.98689906609577	-1.99414006061113
40500000	4.1e+07	0.844977262231886	1.86268541073167	-2.02209174697482
4.1e+07	41500000	0.945259729171019	1.73991815930568	-2.05122891831669
41500000	4.2e+07	1.04519963405097	1.61758808261816	-2.08152576652682
4.2e+07	42500000	1.1390219659203	1.50276367133942	-2.10967696955634
42500000	4.3e+07	1.24083463127424	1.37858841746028	-2.14045006358408
4.3e+07	43500000	1.34281960410743	1.25403401390433	-2.17129767664042
43500000	4.4e+07	1.56723080142821	0.980754971290145	-2.24072456624546
4.4e+07	44500000	1.71977171015641	0.794810188498456	-2.2881065285332
44500000	4.5e+07	1.85609208010509	0.696939063766459	-2.34924477526744
4.5e+07	45500000	1.88304338378965	0.832110986639628	-2.4034757984202
45500000	4.6e+07	1.96278386545906	0.960265967598886	-2.48974165794779
4.6e+07	46500000	2.05555213271774	1.12161784756494	-2.5933034163195
46500000	4.7e+07	2.12058956248413	1.2718323017451	-2.67572202971387
4.7e+07	47500000	2.17809566144051	1.43871718513153	-2.75763540941765
47500000	4.8e+07	2.22270379772854	1.57404291280081	-2.82307122575991
4.8e+07	48500000	2.23748673419868	1.71699700186454	-2.87280158176585
48500000	4.9e+07	2.26539650198921	1.85747699015967	-2.88207405507878
4.9e+07	49500000	2.28193281820464	1.94400630305665	-2.82758880772234
49500000	5e+07	2.35010156869752	1.98050158167388	-2.72279347446608
5e+07	50500000	2.42487622390123	1.97100425958132	-2.58136429623297
50500000	5.1e+07	2.53783453064935	1.96004508618383	-2.41973412467487
5.1e+07	51500000	2.64234179351984	1.95096575731132	-2.26292992216385
51500000	5.2e+07	2.76111732501114	1.95051732320825	-2.17530772490969
5.2e+07	52500000	2.85744039268537	1.90491543423108	-2.1436270864606
52500000	5.3e+07	2.96258081703396	1.79673936792829	-2.14556087882723
5.3e+07	53500000	3.0436618578046	1.6448106037074	-2.12879726475393
53500000	5.4e+07	3.15823038948719	1.50764080237764	-2.12022777637221
5.4e+07	54500000	3.2461368803154	1.41894436987251	-2.06123382347048
54500000	5.5e+07	3.32526797745736	1.34824859633504	-1.9582262127401
5.5e+07	55500000	3.37366278056999	1.28681833835224	-1.80209937589522
55500000	5.6e+07	3.43184293152151	1.2202821877352	-1.65829145046674
5.6e+07	56500000	3.50157490845068	1.16605046707653	-1.54209405043932
56500000	5.7e+07	3.61495083341879	1.11897441632632	-1.43205167265498
5.7e+07	57500000	3.74604194897048	1.08398137152808	-1.34401244827609
57500000	5.8e+07	3.88401474129225	1.06449625007792	-1.30453388104619
5.8e+07	58500000	3.99748983368227	1.10041086560774	-1.31105584319341
58500000	5.9e+07	4.12190808113424	1.18157993713749	-1.3533759741049
5.9e+07	59500000	4.24821887938589	1.22834302980203	-1.35599342784186
59500000	6e+07	4.39946323554652	1.21613978039506	-1.34635378862578
6e+07	60500000	4.55603382437958	1.14867166821294	-1.3164263068034
60500000	6.1e+07	4.67687328372375	1.11552648809594	-1.25435311333105
6.1e+07	61500000	4.74884421284184	1.06995166520104	-1.14178898063174
61500000	6.2e+07	4.7908961395214	1.01960847715337	-0.9871460825662
6.2e+07	62500000	4.79085385159898	0.965182142879554	-0.84297837728614
62500000	6.3e+07	4.74315780897831	0.934931698124594	-0.698672491122119
6.3e+07	63500000	4.6561130099247	0.8965553228581	-0.638253052452075
63500000	6.4e+07	4.54865715685716	0.836965299813215	-0.525186122014564
6.4e+07	64500000	4.43896244009052	0.765337295225684	-0.446262331932429
64500000	6.5e+07	4.31157142694571	0.707445549486457	-0.303921374126196
6.5e+07	65500000	4.21413637423277	0.650799833887512	-0.220587891504461
65500000	6.6e+07	4.1073020296435	0.590067407715979	-0.126686095942298
6.6e+07	66500000	3.99506635142879	0.525944629169048	-0.0296306491134003
66500000	6.7e+07	3.86035431908704	0.448436893296127	0.0864642749093058
6.7e+07	67500000	3.72158995930278	0.381913224846994	0.172022684227622
67500000	6.8e+07	3.54659045133547	0.326256642872364	0.203146621864463
6.8e+07	68500000	3.37571240855171	0.29099792018487	0.182448430103435
68500000	6.9e+07	3.23796067116603	0.217719792168878	0.176968433678868
6.9e+07	69500000	3.16241697151744	0.111412133329479	0.210544872649303
69500000	7e+07	3.08290493417026	0.0224710457996922	0.224234734911193
7e+07	70500000	2.97955752585765	-0.0498905860290988	0.220510855450632
70500000	7.1e+07	2.84700243582301	-0.111980665390692	0.199552671349527
7.1e+07	71500000	2.72334849253941	-0.209585710902953	0.201774209135625
71500000	7.2e+07	2.5944268287262	-0.299675205930321	0.197893170063992
7.2e+07	72500000	2.50541216802237	-0.415204838876955	0.186916999978219
72500000	7.3e+07	2.45335627642077	-0.550779160603171	0.173528348401013
7.3e+07	73500000	2.42309808466455	-0.744669226975185	0.153786448516968
73500000	7.4e+07	2.38444253953427	-0.924877512638494	0.135452095251707
7.4e+07	74500000	2.34241382838685	-1.10972050496118	0.116499661069701
74500000	7.5e+07	2.31166575999805	-1.25496142339468	0.10127236518177
7.5e+07	75500000	2.26631651621409	-1.34702355787271	0.125705042143246
75500000	7.6e+07	2.18814776222455	-1.39411940003609	0.20735760349347
7.6e+07	76500000	2.06808657754931	-1.37748143321544	0.303213112444688
76500000	7.7e+07	1.91598154187142	-1.35755461254087	0.388109057100443
7.7e+07	77500000	1.77102386591874	-1.32219337297007	0.469203617160767
77500000	7.8e+07	1.60007459473945	-1.28833108912478	0.562726636783932
7.8e+07	78500000	1.44877559249199	-1.2571559464654	0.64655624355716
78500000	7.9e+07	1.28592298245708	-1.22382841788273	0.70709963041748
7.9e+07	79500000	1.16670911256331	-1.19943929027585	0.76269075999267
79500000	8e+07	1.03365052007268	-1.17316379364304	0.843605582118371
8e+07	80500000	0.882495876256129	-1.14324095528726	0.94420427741799
80500000	8.1e+07	0.711056158073507	-1.1092667609054	1.06485981560996
8.1e+07	81500000	0.546954733717675	-1.07607359786018	1.17662389866534
81500000	8.2e+07	0.44174098889667	-1.01768861954187	1.28203412771906
8.2e+07	82500000	0.418069465402681	-0.934964304842074	1.37190136752142
82500000	8.3e+07	0.469628843999409	-0.806955546304594	1.46779652693793
8.3e+07	83500000	0.549863423834927	-0.670178468362007	1.56014300617758
83500000	8.4e+07	0.625366794796693	-0.52358686766816	1.66363274775751
8.4e+07	84500000	0.71783841892336	-0.473013574647197	1.72249018323856
84500000	8.5e+07	0.864729107604783	-0.48063498573834	1.7654251838996
8.5e+07	85500000	1.05177472935751	-0.537865329134648	1.79370294347524
85500000	8.6e+07	1.23606948430699	-0.589584547056671	1.82236667775934
8.6e+07	86500000	1.34576293802524	-0.669125896499346	1.8107158645135
86500000	8.7e+07	1.42067739858102	-0.741274288933729	1.72908310345277
8.7e+07	87500000	1.44417898003917	-0.782986044243459	1.5967185408061
87500000	8.8e+07	1.47143151409419	-0.800172500339308	1.42898496920072
8.8e+07	88500000	1.48709079272288	-0.793349206844981	1.27154773559551
88500000	8.9e+07	1.51959079695718	-0.80802761074987	1.13996532216014
8.9e+07	89500000	1.55817577398947	-0.831107084776353	1.01447298849324
89500000	9e+07	1.60121605870618	-0.910037835132457	0.854440338647058
9e+07	90500000	1.64959410594209	-0.984944590563619	0.665874140812158
90500000	9.1e+07	1.65300193184122	-1.06101954138868	0.515232543995939
9.1e+07	91500000	1.6005146252849	-1.0680245126422	0.438951774789668
91500000	9.2e+07	1.47321432893175	-1.01921403129005	0.393179538638118
9.2e+07	92500000	1.33089739886409	-0.921989214065127	0.33385452445524
92500000	9.3e+07	1.18305705232979	-0.842903513278955	0.257120012664523
9.3e+07	93500000	1.0593595713672	-0.777395281637612	0.193805529577123
93500000	9.4e+07	0.92462429293506	-0.704070628186559	0.128051518897006
9.4e+07	94500000	0.798838086243604	-0.620647861475419	0.0594404661698712
94500000	9.5e+07	0.659140946392677	-0.521763926619937	-0.0196184465549329
9.5e+07	95500000	0.534954680786255	-0.478525466184462	-0.0626223391780812
95500000	9.6e+07	0.392396636538065	-0.505966030767109	-0.0674387780476124
9.6e+07	96500000	0.250026052354554	-0.592188834195912	-0.0373473587001604
96500000	9.7e+07	0.0914276319180854	-0.686911761411986	-0.00402314163090276
9.7e+07	97500000	-0.0470559944369017	-0.760049992871767	0.0188305463938092
97500000	9.8e+07	-0.126818144000706	-0.839529995879057	0.0553723287504104
9.8e+07	98500000	-0.121745454162462	-0.94185869933078	0.106647445662234
98500000	9.9e+07	-0.0770213861692597	-1.05997052545714	0.169603216469837
9.9e+07	99500000	-0.0311452171732221	-1.18574663500498	0.230948180585263
99500000	1e+08	0.00394287140981166	-1.30077161992281	0.289889554824845
1e+08	100500000	0.0249738757288356	-1.41577343163442	0.327198768191414
100500000	1.01e+08	0.0269356952057038	-1.52730821392408	0.335816980873605
1.01e+08	101500000	0.00494763573221879	-1.66137228593138	0.309422413930287
101500000	1.02e+08	-0.0245114454018982	-1.84141200007093	0.273835106942688
1.02e+08	102500000	-0.0540490363962704	-2.03455897527485	0.238401825791985
102500000	1.03e+08	-0.0825141121193249	-2.21691889890397	0.204963619680565
1.03e+08	103500000	-0.106995393500893	-2.37909249051617	0.174236068570978
103500000	1.04e+08	-0.142155232423073	-2.50648980465069	0.198115043750999
1.04e+08	104500000	-0.191007240747067	-2.61845908965359	0.275071365939719
104500000	1.05e+08	-0.26225291085509	-2.67390323806088	0.401150554359391
1.05e+08	105500000	-0.365926667333907	-2.7449975864711	0.501752272122604
105500000	1.06e+08	-0.491330274031531	-2.75459195235421	0.578805996243754
1.06e+08	106500000	-0.64280411375861	-2.74890276032362	0.645612193085936
106500000	1.07e+08	-0.775607072356782	-2.74389503348831	0.671711043961183
1.07e+08	107500000	-0.911113164580407	-2.77737534034867	0.673446231176643
107500000	1.08e+08	-1.03453046051862	-2.83862064223074	0.643329925838621
1.08e+08	108500000	-1.17777901643544	-2.88972510462318	0.62625682214352
108500000	1.09e+08	-1.32029444228975	-2.94187681776341	0.607659982653946
1.09e+08	109500000	-1.47478086283862	-3.00088767383815	0.585176806854542
109500000	1.1e+08	-1.62847356294881	-3.05954985661199	0.56323333555171
1.1e+08	110500000	-1.79369837736511	-3.12214875542474	0.540038406584044
110500000	1.11e+08	-1.96133973941881	-3.18589446539777	0.516882044735193
1.11e+08	111500000	-2.12624823946517	-3.24909799695828	0.493982297617442
111500000	1.12e+08	-2.28523897922115	-3.30988273937125	0.472152523749625
1.12e+08	112500000	-2.40161018868321	-3.32720629904604	0.496828233347264
112500000	1.13e+08	-2.50422637577433	-3.30211494500405	0.580196745815338
1.13e+08	113500000	-2.59575633071154	-3.24637754266226	0.705307056837169
113500000	1.14e+08	-2.65202389376875	-3.18493029581076	0.823574434771489
1.14e+08	114500000	-2.65535779042016	-3.1044180993925	0.894048837958475
114500000	1.15e+08	-2.64739343189754	-2.98462617126856	0.943259847495609
1.15e+08	115500000	-2.63734214693114	-2.84166981483449	0.94683825977648
115500000	1.16e+08	-2.63481913148254	-2.67578457860181	0.941495223380081
1.16e+08	116500000	-2.60531970981053	-2.52201681570904	0.92242157372037
116500000	1.17e+08	-2.59953045449268	-2.36925714326095	0.91560621860725
1.17e+08	117500000	-2.6315548465953	-2.24315627149435	0.901239303901976
117500000	1.18e+08	-2.68953353775357	-2.10046354689613	0.874725926519379
1.18e+08	118500000	-2.76823953969611	-1.96104835047693	0.839459706479272
118500000	1.19e+08	-2.84301998547736	-1.81691461425922	0.806154898827294
1.19e+08	119500000	-2.89159487901326	-1.66767868361726	0.740354056252267
119500000	1.2e+08	-2.92529351239156	-1.52237662086736	0.658314351619351
1.2e+08	120500000	-2.93128309416191	-1.37208889861798	0.595810006505397
120500000	1.21e+08	-2.94664886741891	-1.23801390330845	0.612324843103586
1.21e+08	121500000	-2.96095899969573	-1.10362077541046	0.676574046595421
121500000	1.22e+08	-2.98707169123515	-0.97541838856485	0.752542627694311
1.22e+08	122500000	-3.00780705127659	-0.853875981154951	0.813578853308799
122500000	1.23e+08	-3.03320900522431	-0.708281353286344	0.888656653037981
1.23e+08	123500000	-3.06007429483508	-0.556480399032042	0.968686153125672
123500000	1.24e+08	-3.08592423056185	-0.411194016173487	1.04534502754656
1.24e+08	124500000	-3.11125711217542	-0.268218346694468	1.11979309358719
124500000	1.25e+08	-3.13707506060902	-0.123554487746861	1.19467790749857
1.25e+08	125500000	-3.16779418269447	0.049263192940508	1.28436810770386
125500000	1.26e+08	-3.19314940159111	0.189630567564949	1.356618248877
1.26e+08	126500000	-3.23931908408894	0.302032735456012	1.37789388716286
126500000	1.27e+08	-3.29375044766571	0.325565684721647	1.31987162277133
1.27e+08	127500000	-3.34673962398479	0.297041652931537	1.19432467820066
127500000	1.28e+08	-3.33229943475997	0.269116640531749	1.08437807515098
1.28e+08	128500000	-3.25734179371806	0.28766029476169	0.978965145009598
128500000	1.29e+08	-3.14958963661612	0.33325720130976	0.884613390615204
1.29e+08	129500000	-3.03361376650972	0.3676346539201	0.738902087440994
129500000	1.3e+08	-2.92309342069144	0.402701499705154	0.646021231690196
1.3e+08	130500000	-2.8505947308412	0.48445117134354	0.564605701054187
130500000	1.31e+08	-2.81855698997691	0.611589166606061	0.516780768110561
1.31e+08	131500000	-2.8187116714591	0.76327942307149	0.441552589286166
131500000	1.32e+08	-2.80328806670204	0.916448339152229	0.371448814909804
1.32e+08	132500000	-2.82363449853156	1.03677889449588	0.30078587139523
132500000	1.33e+08	-2.82183113658036	1.15624034720162	0.243733103064744
1.33e+08	133500000	-2.85322856513351	1.27775581544346	0.172984977266982
133500000	1.34e+08	-2.86488143385764	1.43064843573245	0.09913290746132
1.34e+08	134500000	-2.90876509142486	1.58472713013143	0.00896697383485759
134500000	1.35e+08	-2.90033330376125	1.69720240220266	-0.0239997369600634
1.35e+08	135500000	-2.84067537792991	1.74347728576318	0.0214306580220558
135500000	1.36e+08	-2.73300275275074	1.71735928502637	0.106872628454979
1.36e+08	136500000	-2.62519226818665	1.65989920846545	0.21866955535537
136500000	1.37e+08	-2.52463435039427	1.59429232602232	0.321535691614465
1.37e+08	137500000	-2.42854042139595	1.53742640511576	0.451392196229231
137500000	1.38e+08	-2.32734191248552	1.4795326881306	0.572852242824164
1.38e+08	138500000	-2.23419636910034	1.4254502355344	0.686592955432332
138500000	1.39e+08	-2.1467943378491	1.37456823366464	0.794456737441097
1.39e+08	139500000	-2.0687472119065	1.32918316182698	0.890960721610929
139500000	1.4e+08	-1.9769661749715	1.27564660440599	1.0039141854418
1.4e+08	140500000	-1.89688998249585	1.22873930517272	1.10210032676578
140500000	1.41e+08	-1.80474768314112	1.18957139222718	1.15119888878967
1.41e+08	141500000	-1.71329267136238	1.16270766700676	1.14812366072295
141500000	1.42e+08	-1.59434694789023	1.13489804308125	1.11423832284784
1.42e+08	142500000	-1.46732789191715	1.1004361465158	1.09791621139534
142500000	1.43e+08	-1.34466568324829	1.06823873610238	1.07855214053921
1.43e+08	143500000	-1.24232343460612	1.04232593741746	1.05948027839178
143500000	1.44e+08	-1.19472817683726	1.03079876334291	1.04913850058753
