72.46514952867318
69.68657383546652
66.54076921937073
67.36392843196599
71.08125709876508
68.49839146698858
67.18758089958953
72.11824656012796
74.21466667646058
65.09657315381794
73.70066759716983
70.22962653707506
72.91125559357404
66.67481534504836
71.79373412242005
66.64076155874592
75.7330069452694
69.32659956723361
61.38092839354666
67.42293541195617
70.34653852463636
70.52059533483555
68.70212465567352
64.83499103072126
68.2431343406033
67.0913650574929
74.3002233738729
68.13717127950223
68.8030864148765
68.53594402506911
67.97017165305893
67.94559190481968
70.6912672781362
70.58413601773681
71.6171858211085
64.49132713066211
70.3719688390042
73.63474602946678
69.38186907508224
66.74724500064349
67.04759049575934
69.98151812806907
72.8098767693413
68.49086936842453
59.358747419508134
69.56773332475656
74.36829198875066
64.18187002630941
64.6738528245838
66.43320361035727
70.28956476439812
66.96890052133928
68.15116973772624
63.4416184833508
63.654819878606034
79.26512964593597
73.54530980085477
73.3568994840749
73.18158021344604
81.48154823809976
78.29987666503223
77.6389145546966
71.29356549649978
67.995128350275
74.87934777737327
70.1710281147136
71.48121001826932
71.58100667322199
65.88800450027135
68.5877813887673
70.6919650146297
73.46046104046569
65.79672121636514
63.61477914572415
65.30387796933145
75.31106848259915
68.43563272297878
69.71050487671616
65.48287738847519
61.35348789875432
53.799426152109625
62.63210895401637
66.94459716928176
69.65510286370773
65.43350353263651
57.32872014878885
61.16726680200593
59.86097179066025
62.289641182231186
68.36001499597553
59.095178760309736
70.8102585974581
67.69162713377865
68.86269379614126
59.4272663722763
66.43849347704989
67.61340256588953
64.83990771986316
60.84893786072011
56.76270564963114
57.59701349936728
60.52243756206209
67.28848841135596
60.906477117243725
54.44748604448891
71.48774699639351
69.99508534890145
70.76081350440762
70.35821641402632
73.93087556943284
73.61083839266044
67.64574285303466
66.83377537717487
65.79138083492903
69.89519294053379
66.85059667363015
67.44794794574993
73.87248639127851
67.97196968324789
57.49749248445536
71.972199114195
81.4973060200629
68.25614201002422
70.81172937922025
76.07319985230356
75.70181219313098
71.68109400077644
67.82152053319939
68.54811086849067
72.82833545692175
62.40357509716417
72.75839491839997
66.19433701280506
68.15565932033002
58.97985812522969
68.63661943855995
72.95952473625866
64.34868441696726
65.31045491244392
70.1753236941828
72.94148172203218
74.43447156435528
72.9922919664708
67.34875154518045
70.8463546195542
70.60399772203648
63.15412029885479
70.52328923844419
71.45225661437878
60.6997229701104
63.17434464381824
67.6229598352485
70.11162621636802
61.981345431583364
64.00310336761169
65.02322139272273
64.50590244267919
69.92151058773237
63.15695344653784
68.04017471719408
64.79306675114644
59.86517237463235
65.56154235815102
63.33168051871097
70.57424094867392
62.99720471605893
60.847532185342544
56.308443038717066
61.307315693304645
67.08805945691412
62.99389264716534
66.85885416654224
74.02168961908946
67.0790472868198
63.751698149423326
70.39580978224589
70.6513184459951
69.89334429196255
66.59002422639762
68.24923513524746
64.34223782287616
68.0302015518489
77.01261875383848
65.61764434960112
60.66670668557899
57.27881079155227
71.54090291140886
63.15750952989294
68.80524870509787
62.897108963104706
67.13545906867034
69.93444312460169
65.87233022764848
65.32426220033808
70.25356108675467
67.10304968010298
69.98173634857248
62.57529377019277
62.25515206881364
69.64366167545195
68.69958909420757
80.71098266735221
68.88807243409548
67.59995937848056
62.05270011449945
64.1187629664816
67.24863806351878
74.91724015223583
62.13755013975342
64.9281721844452
65.62839513968866
69.4476216989386
59.804503048435826
68.68608218022425
72.20825007682575
62.58807909857914
71.39858819799356
68.20269654662843
67.65234924098404
74.55852802639656
70.68166034070308
70.9859734635288
63.41831678237178
64.95992995514834
65.35686908095288
73.12011369714445
59.942472864189334
71.09239290919638
64.91045342089019
65.63998571895934
63.683517306649264
69.40401738032013
70.0129620631198
63.5387950104472
64.96803842061281
70.31644815180292
68.32898126547606
66.31772783302505
69.0908351364481
68.80613184709092
67.14491553466581
67.65059262264037
71.2376949427707
69.08407760368414
61.53055155962346
59.85052125225533
65.18063457991752
72.36318380053491
67.15824540225317
65.65144168962267
65.04725839548135
68.26617589436763
66.03782516419409
68.11808469121839
68.29524291774973
67.49563971952668
65.64396934876127
72.27236599944274
63.52107773343165
71.03189730455738
68.01239372778564
61.081242841217446
73.11947939008988
69.13013483881927
65.13616831861913
63.58660045042975
67.83314587224984
65.02741371479559
71.08554921901158
73.44581708332365
70.77689845171547
66.10644247817584
71.23609107462728
69.62994451962142
56.518342626121864
67.76781827579453
75.16751010471607
68.9426895870766
62.46022727385686
66.43067623679423
67.27479581881288
72.73377299630329
65.83577616614046
66.94016531367564
67.8208679377766
69.81369183703629
68.27281979655024
80.4519668486409
69.77542177918355
60.95404369725028
59.45252990520782
70.51004421186573
65.73094909715637
65.92047686803592
69.00539061497967
69.22468878954429
62.93351608171442
62.68604175756739
61.40250838554592
68.17179821767562
67.35431246628204
72.1761232601916
69.95964937978601
68.03459127341576
65.08817039913941
69.85476808641918
73.70130054112819
68.69959589549056
60.975313586577656
66.10764040233788
64.42738753915427
73.11847956164986
62.189764726377774
59.025650521694885
56.81719748521634
67.29817867369292
72.23531868310681
69.97280169790047
61.26444302683971
67.90760518589455
67.18221156454813
65.6587000031363
66.21913365877356
63.67197229688998
67.13132402418964
70.7265135561308
66.6973513500432
63.42058758845438
65.22762650405005
70.10330396728553
67.7340169163887
69.7279083858186
61.83622820282501
61.19069902392877
72.7410353083559
61.87484353238728
71.86482966421521
59.48973685248387
59.598325949410885
60.20622058992095
68.43152705996891
66.92313603742231
64.02815497794411
63.66389983618543
65.89399530608345
63.59325534496853
60.73313447285714
66.48648964653285
64.71648857738681
60.73615704482852
68.89678067547456
66.01630934172141
66.80148910654502
69.04736834801915
66.728891931512
72.1875489474261
61.98115495544684
67.96580992478115
67.44453697545364
63.080706752599134
64.6525805631316
64.9094144132592
67.6311843139221
68.45935634212302
67.79879251895109
62.911278261827086
66.61510236592166
70.05638447093091
65.65018421520796
61.99837471286677
67.42850657623859
63.07931769209302
61.69716187639308
68.36009774660891
57.98743813047085
68.10711389245076
66.50758561650721
69.47953392826473
63.72739785558833
65.28465187694918
66.22123962018027
65.74412889397637
75.12439586624653
72.14251924765415
66.11295350607395
60.55183262488
66.0001805608501
70.02500060057916
69.54867981932591
71.62315312575903
65.12521564185525
63.10926832046498
59.41975824581198
56.401137457747936
74.00257685153042
65.87064494058707
60.408210569379094
67.4777782476627
61.47346147872207
68.86828348161222
62.487217248736094
68.27671516689627
66.49098979386996
68.97095060596702
56.36478879707516
74.51889140997886
71.15677835694143
70.80282735513802
72.15003324342808
67.25419893637923
79.40087900798542
77.14122618409164
74.40372018159515
68.43217252127454
70.01003411218201
78.20441323337147
72.38704491846435
76.62405634848821
65.36851202010203
67.34999683349824
64.92266732343094
67.75727281559823
72.12463208308498
75.36970102158648
70.4861781705647
69.59252888827088
65.73156760573573
69.26847693903558
68.4952081116574
68.9892600779415
68.12101192431444
70.88653467403094
67.10372377548832
70.48566759764134
63.83337878784282
75.4478211271428
68.78297843142698
60.78308110220949
68.46265289929437
78.89891984820176
77.76092414699328
65.77200139989772
65.20302899313519
65.90762807640256
76.89270782985476
72.31427497094938
74.57163919178659
62.10024520952661
60.227404777411934
60.31114273398929
68.10216133086516
72.78152896447976
70.32030109066287
61.528810024925185
70.5187258059609
67.38882808284791
71.37923660851813
70.5142216650498
72.18607117707323
69.57175934275557
67.72606424829968
67.17703440585045
72.62005517882733
62.83278852563689
71.43285667019636
74.11617446042496
72.78096261048803
74.76392353354412
72.34366727327483
72.39283788770258
75.1271390718452
72.61993002141226
64.73070091261864
71.5854032847143
71.93429408507822
67.66030826023756
76.51207005246273
65.58306846191043
60.61276485594006
64.89494386963128
66.89220134920507
72.08552480689299
69.13095426716522
66.46317768780779
74.8149265647497
71.65835236028484
70.56547316591612
68.09307447755283
75.15815536931783
65.7553842775688
68.10835731493522
56.82982575629404
71.87969135266027
63.149468439597364
73.2398122957751
74.5476687241372
73.25602095005696
69.60158024853023
62.321610414654124
68.42867687857081
76.047181169665
76.65206992240255
71.9708029444734
61.237299526635034
61.366592869621876
63.01518302089907
67.01566855131439
75.43706036626628
63.03216756266715
56.088676188543914
60.99488069046815
72.08847486788564
68.42983054418268
70.3606472630015
66.4793290773461
67.99974344756887
62.10969080154049
65.78822025601319
71.70782570173475
63.586304628914476
65.17030548223745
66.74280593081563
66.47126566865259
71.0656174716693
67.18942686063865
67.19104932895397
65.70097429861323
68.24624741800014
73.3852593980966
63.17118124566155
66.07426803605168
71.10864005552557
70.01268765287925
77.01235386629718
65.34047184881607
63.15212066708449
71.39016106585878
72.05749161260054
70.4780531581496
77.28859834634467
67.24913656426295
63.676302252093755
64.82270076174161
73.46322268262308
70.92940639636527
65.76013728836935
63.28845462692872
70.15420051902069
69.3653110625589
69.30305613150597
72.50841009592534
68.28132508057571
65.4131483906686
67.67035639906092
63.178631054908294
68.16790360525388
68.22586590970927
76.17878440033657
62.73224848188205
69.81799875934041
71.21806732721743
76.67715188076755
69.3946308512516
74.74699896360265
69.89017622206894
73.18373398571975
73.2074948663804
73.39475022243052
68.27683708799596
69.16750352559332
72.3833982096698
72.90781528797042
80.89960666582493
71.10103662928734
63.95405908968012
62.96739330943583
73.23323836222536
74.7875461995264
72.23717715859746
64.37338662099079
67.12648332804825
73.62695462072449
73.84438172258429
67.04557460649296
74.43163348739466
60.915093488426194
70.66833033563142
64.49966540022314
71.13726320902687
69.65882377072104
74.9758272508176
73.93066927427745
64.18816621068669
69.45946842957062
74.75440857908822
79.46560042932157
71.84607785906954
74.0420087138976
69.92501321342849
73.59044638509408
70.81975966199923
79.767296581531
68.79195546241284
67.29179958700323
73.14076212143064
63.910560117100225
72.7859077030534
72.25446549566895
73.20146008068723
69.8386168830604
66.54846027248782
72.83480846510237
77.53483151509438
66.78248094061296
74.39161326050136
61.62867567694801
68.51305553080132
74.05282571064714
66.59453088988948
73.54027662413097
69.14657592155902
65.6698658076476
63.49181405919804
76.2797305161149
74.7973160308354
76.74133529639731
77.04211778919661
71.62788080361352
75.85483860979811
76.66559801821636
63.25477098928908
68.1776644706749
61.75961494689623
61.61842517319048
63.090356735473115
63.87679450193624
61.133254422128886
57.92557471037968
57.91220133233935
63.62639062076306
62.3110038433258
64.4422499369411
54.78646333696146
54.29515812445212
49.26269576567904
60.18456183667222
59.005000060729316
66.87277356709198
56.98781310012858
56.075225776860904
58.19184315732143
60.194436281750974
57.09653773580905
59.21642672575462
63.4136925111458
58.06806768792345
55.87328122312926
65.61260551814436
59.34072552874441
60.65554830679671
63.98416839821481
63.21994432754412
55.687848448674984
67.05642029180987
63.835973785032316
63.956688857469096
68.40088747928424
63.0635200263283
70.60071941868004
68.20061907072127
71.68475746318428
71.8957813023412
72.52250708413574
66.8768326922294
69.32148052318217
69.10899231146085
75.9850661888998
76.14232138032821
69.29839122364376
64.88740334546195
67.11929931679694
69.01094421217229
76.42704894580724
76.10973259885046
63.20220615889806
70.70800431004442
73.74226140127568
69.71132804558832
71.38233419489104
70.21632171678594
71.43328554866966
66.36117935585534
69.61259517873557
72.12504172846859
66.28220530100681
75.11222521432946
70.63668849399828
66.86256648896108
70.34087958556084
64.03549850184372
70.49468758432164
73.59803301864096
60.60051999647026
75.04370343549694
69.75407739476198
61.165773573407314
73.90054194427405
71.59176142694747
70.53246553387338
70.18028324040665
67.53056483706443
62.814665895512135
70.75455851667007
67.42986292794522
72.12755522497265
66.88735840582478
60.32068221213216
66.06230255578609
72.63658817314581
67.4637173674638
68.41394504994062
68.71557844524642
65.40593427983823
63.984800482223896
65.64178155068727
72.47173059308993
74.1916987522239
64.15084426055975
71.63860806887789
53.53785736738762
72.46572691004936
66.71055955879959
74.38078920581329
68.12161144341894
65.72032837390631
65.29242983862281
66.77471983384797
69.60139169139961
74.40528909975768
61.222596556125204
77.79666804722423
69.72441703373677
68.98617035990566
62.265002186368854
66.04743060511163
69.72341590394733
72.06037930071534
72.15484374304565
68.58052870814637
64.48961007905187
64.33678386090507
59.72079027758784
70.73447468879655
68.22703371410724
60.23269290880407
55.313723980849716
70.15419067958383
62.86144608353329
59.37773396052629
53.36436437535057
66.94568464164729
68.28124896053902
66.5975801329509
66.22481954199928
66.0596603782296
64.11924027919764
67.7967370680483
60.900598905709245
66.74942387863457
66.34557356156448
76.28980266792615
64.45948402485084
67.73692349416014
63.0589545641396
65.62314052892951
67.95035140222002
71.93233796944182
60.22124345194267
74.43319334713414
60.774237999016584
70.2221359821684
69.46693874453543
67.80677188178021
64.04983676461693
70.31229370866856
65.48723881102785
68.59075409502415
65.10595116907233
58.97778440807339
66.29876438118755
60.48411750149939
66.60109627615138
65.15723212665965
63.64307361290896
55.06925483778485
62.59111703704004
60.07582173163744
65.18686102026948
61.9034339928821
68.95394020561574
60.26456915259702
65.14909091468014
64.79868032835466
58.700023861200904
57.70364072344778
63.865094302727655
59.580798282979025
62.39909385649051
62.594580571161515
66.42107519204026
66.76189511954932
66.42510121355842
59.42798286223481
69.06569320373875
61.1468294231189
61.20205723174792
55.25402314772436
72.37243269533462
64.6477202941564
59.05666594043385
64.99272473822087
69.0312301737141
70.04288581641065
68.01053738154056
76.59021064924875
73.13025362780213
63.81654622482178
66.25471613667854
62.55648858298661
72.48002420111658
66.1181615303799
73.69984589536126
67.3951310408884
59.16843055719707
65.18183786488721
71.3265485254653
66.3124878553415
72.32702651991828
64.9592311366935
68.94807098482
62.36529358085253
61.673599037294416
71.74744131222975
66.9695283480286
69.73156538934249
65.48501858285067
63.86305009390247
72.23247512218987
67.40959189571093
66.14590968205567
71.35275450060827
68.74112945621904
61.48886452394811
70.65692833207565
77.86660447640685
70.9329044988212
59.94249713274597
74.32601402193507
68.60539161615183
69.70981785773981
68.47391348143441
68.39379162302725
62.23050501778463
58.986671591979146
59.161081750887426
66.18851812499909
65.32389221346709
59.032361755603546
60.27258751865929
68.22440436781103
70.89095224761813
61.45481549239005
71.22309912865867
58.04908775394162
59.5937303283193
59.95234261748304
67.06947657874106
60.13451915358876
59.96302772465219
61.28596607729847
63.8154464099406
66.31995999341207
56.86540537060263
57.741342286656405
61.493901302095416
59.65669815152858
62.38729380346908
59.478873926969825
63.096002894252194
64.86335534842115
59.986692826409424
64.50705104152625
61.57861220995244
62.71370263605932
53.30001344642315
69.7578239370695
68.60513994808476
54.66492259717885
61.37579041619719
64.21794594293428
61.74173032472236
58.20603250833294
64.18373907363315
76.2870756050484
70.50587891150164
73.55317699309649
70.23593007717315
75.05342602668176
71.77259997632181
77.36232410044455
62.879568848727416
67.89282452792511
70.51113860786661
72.64836849981688
73.206692438513
63.505433569294475
60.97676202607995
60.362375727842746
68.5661566524137
73.40095495127608
73.32388202415767
68.38649175763199
68.14682964487892
71.45611102465986
75.15981746609711
70.59990984721712
70.13130463003743
70.81980242782852
69.5384483071935
66.72745708151042
71.19799097515426
61.148538495299384
63.094183701607726
69.51576516051487
71.01157873113995
67.18178857943187
76.19395156368313
69.30337756967415
75.33713495385629
59.31049981320839
74.12110963702631
65.41023810380372
68.96088697594644
67.49761698036293
73.28803379304155
64.68280112180489
73.98941524368098
74.61768679271891
70.44504105716949
70.12243405670569
71.35283087794272
71.41891381878862
67.48980495168635
63.066298780052215
59.79755278901935
69.92149111622739
67.89302671325707
72.53133120653855
60.74510755288126
63.8225634987055
60.846385670680434
69.8861656844477
64.38935268515256
71.01523086119286
66.7837208629191
66.03104822263259
66.88982566670526
64.61488401325423
68.46127573185686
66.23737465435849
65.96805049079103
68.04450069841278
60.11226517448338
68.81683034869262
60.867900401348805
70.88220790443401
67.13158404367472
62.10259800531101
66.22724888090501
69.99188655804117
65.2980836934518
65.70981488226177
60.54832991541795
71.81473745790726
64.13785188596744
65.37677708851578
61.60450843395221
64.80202202035
63.97129065151312
64.92854010107887
71.1578131148438
69.5443994247693
70.95549717872204
62.45434353115408
67.46095872771868
70.10672514974738
72.80708095021211
69.52096527720306
66.07762760319613
70.10511793047849
68.2691889373047
75.19875794100837
68.14198433363917
71.47866523208944
65.11525026628355
64.29051955309903
68.6754041171758
64.40366547029183
61.95941070706424
75.30157831045972
65.93135640053839
71.11512328227873
67.91601988608186
66.69435568662242
66.72544165528312
65.73490857209343
64.10789926972946
65.43717198410837
66.34750964799464
75.77807667862197
71.2721456522787
70.17676540582413
75.37889837053574
73.3115869870842
70.66958727979309
64.54580020670652
60.91603050853418
66.08968619204484
73.58571452854096
69.23475507621127
62.744051330252276
74.66305407021999
60.71082900467746
69.1381382491951
63.669881899034785
67.6809185620837
69.56223174045643
73.30107481805081
66.80943422796747
75.50474974530974
74.39297012294215
71.21858080611435
72.60281805768057
63.48543424712709
74.16781025073405
71.51820713403453
72.48508224998463
77.76371356891192
69.60294549216422
72.0157993028716
70.29577902934565
74.93849994742602
70.78536090312166
70.90952193392752
74.62674714475641
69.62128793861459
71.57925247053605
73.96371061134067
67.5379729518472
77.6397294182488
70.81737057709573
71.98668221204633
67.2574759938612
70.12157285043254
66.11708325016508
71.08994260676636
77.7015828025306
75.15759566077975
73.92945895844828
79.95285545424277
76.70869482406223
62.17298479138965
75.79099388407032
76.09885140808387
74.98120005306762
71.53891321440484
71.5865086269623
69.75913938636232
72.53584654142723
76.32185585625255
72.3184565066848
69.45621989779418
64.74179237956359
69.97956585999732
72.55707537799059
71.98947516644874
82.08073925274905
76.32059785627264
72.65616736866667
72.31377285713512
70.17019861558039
74.4828011557652
78.90532984685345
72.6081228831259
64.53201618497712
65.80192365518064
70.00010969422623
67.67557822961665
69.50441070822879
66.35718386881709
75.36626420017606
73.36520289707941
72.28457102935693
73.27701279505509
72.75598297371992
72.46850617068844
70.42890228542278
75.85946861637814
67.20530671507025
70.76519226606895
72.11324668071278
70.0857983690546
69.37153506242072
71.20843134769927
68.74544214325938
76.4613598836645
77.64116703242814
67.42797393302696
69.48476494487439
72.9169163103663
60.58574293939555
62.82230781928296
71.77495480409327
61.059953293115186
74.16018072594993
75.9141519279801
71.3804177661
75.01646368933758
63.851332923237194
68.21953631577166
62.137895607121116
65.15922560479574
72.01360320768364
72.4845251372983
70.25891680697111
71.17160727418441
68.58918940483962
72.89943367699043
65.71698989761859
74.57449493211222
69.0170918839701
63.45265547722263
64.2715426904128
72.3279448876845
69.0140365615468
67.58099845726963
65.80934434332367
65.92913683013502
66.36634695602159
66.48463820228618
68.97012823229801
63.87393717416853
67.94009781070217
70.12401832065234
64.1383213058713
64.32987509926501
69.2740425732788
72.9802530307698
67.30329784102543
74.42789210083862
66.58144408757622
67.41990002093843
77.59465661460774
71.73753643329633
61.15719970849863
68.48808050831154
74.53660105873415
68.57944164798951
61.145830110770305
68.23436890674562
66.39516688735709
71.22419419574597
68.50573843542841
68.0342327576101
71.80412690218569
70.95903625847438
78.01310156087982
76.39189188426614
71.33726781465113
67.27939202662449
71.57170978511562
79.62428357122897
67.80495063661158
68.97227880762435
76.1412294638622
70.02746413702957
72.2488196767614
78.76189812698026
68.17858290242863
70.17060383121294
63.76868406091749
71.55311987717522
70.6370735691068
75.93471895319031
68.18879910118018
64.25440009533285
73.22674184156688
71.83854080750703
71.71312208369359
75.84413144598794
70.03991746331886
65.63041080981297
70.76973478622739
73.10335381112952
68.00784933005896
77.81465400618222
69.42235862884948
71.13955759944282
75.27746983456899
69.07784508530669
75.61078826359763
75.82310173088801
66.5206489194646
71.7054158908749
74.62116108358917
70.01779646507075
71.07622984859806
77.89983309775064
64.86076694679093
74.51972516710916
66.27200960945673
71.31641871545533
72.92014104319368
70.03613302491317
71.13797549259597
