0	1e+06	-0.771706471196559	-0.881192682856083	-1.19022885471806
1e+06	2e+06	-0.0406513673209408	0.380287442056977	0.161939996232203
2e+06	3e+06	-0.341962901838981	-0.312067171071915	0.00283719369852338
3e+06	4e+06	-0.243940616249785	0.126120644281867	-0.0642953891583871
4e+06	5e+06	-0.313172591400098	-0.196927185867401	-1.27511007272742
5e+06	6e+06	-0.369665311278547	0.941317688881379	-0.548495921050458
6e+06	7e+06	0.472341336175302	-0.30959630972976	-0.0921929282559679
7e+06	8e+06	0.335625267661242	-0.399683424450817	0.307511985414707
8e+06	9e+06	0.140172486667611	0.472448022792419	-0.384484662664115
9e+06	1e+07	0.616768608845073	-0.172858608737417	0.65377856823228
1e+07	1.1e+07	-0.16993722785324	0.359783026146367	0.297530253990821
1.1e+07	1.2e+07	-0.137542142135499	-0.144845747404334	0.621045712761876
1.2e+07	1.3e+07	-0.131390196675373	0.214105016943189	-0.226338903096652
1.3e+07	1.4e+07	1.90547578986173	-1.612805719565	0.558117642310896
1.4e+07	1.5e+07	-1.74316524765884	-0.628410059548808	0.126583683393779
1.5e+07	1.6e+07	0.0709249260377448	-0.0610181712501552	-0.0590253204166324
1.6e+07	1.7e+07	0.115210969403245	-0.0642329610784513	-0.0512861967255601
1.7e+07	1.8e+07	0.0277810954866634	-0.0504180726339405	-0.067748361521211
1.8e+07	1.9e+07	0.0277789034941031	-0.0504194567619141	-0.0677673640761601
1.9e+07	2e+07	0.0277632519885229	-0.050414696088375	-0.0677587040559396
2e+07	2.1e+07	0.0277614360433855	-0.0504149549341286	-0.0677676483137268
2.1e+07	2.2e+07	-0.00542669841133043	-0.0279907621402751	-0.125496444605061
2.2e+07	2.3e+07	0.0277617984132777	-0.0504149026020107	-0.0677658600027822
2.3e+07	2.4e+07	0.0277618006146712	-0.050414904975832	-0.0677658570930274
2.4e+07	2.5e+07	0.0277455643656302	-0.0504100859992266	-0.06775637252426
2.5e+07	2.6e+07	0.0225276100230716	-0.677447008285822	-0.231906150117029
2.6e+07	2.7e+07	0.0277488115476059	-0.0504110493593386	-0.0677582700997744
2.7e+07	2.8e+07	1.55762553236287	0.919995332018204	0.560660655374187
2.8e+07	2.9e+07	0.812022248882667	0.822422298736014	-0.228157240193998
2.9e+07	3e+07	0.0270899240303015	-0.0518288091865454	-0.0682663392236788
3e+07	3.1e+07	0.0238194396151975	-0.0375701978059723	-0.0752288006721968
3.1e+07	3.2e+07	0.071698006640457	0.0313386544105038	-0.0747023477597241
3.2e+07	3.3e+07	0.0303843623334888	-0.0447400101101485	-0.0657259920846254
3.3e+07	3.4e+07	-0.0403930541518442	-0.0910458287812681	-0.104209461909614
3.4e+07	3.5e+07	0.030384361628662	-0.0447400115971365	-0.0657259918265627
3.5e+07	3.6e+07	0.0303843614271821	-0.0447400154230845	-0.0657259896275075
3.6e+07	3.7e+07	0.030384371898934	-0.0447400154130787	-0.0657259769282593
3.7e+07	3.8e+07	0.0303843616655748	-0.0447400116305659	-0.0657259918226024
3.8e+07	3.9e+07	0.0303843615756317	-0.0447400116209147	-0.0657259918478978
3.9e+07	4e+07	0.0303843616068775	-0.0447400116247702	-0.065725991842368
4e+07	4.1e+07	0.0303843616534031	-0.044740011631881	-0.0657259918106287
4.1e+07	4.2e+07	0.030384358940719	-0.0447400116943775	-0.0657259961240693
4.2e+07	4.3e+07	0.0303843568482511	-0.0447400111893175	-0.0657260086799025
4.3e+07	4.4e+07	0.0303843201190858	-0.0447400279673015	-0.0657260062483097
4.4e+07	4.5e+07	0.0303844855728659	-0.0447400143192007	-0.0657258750868575
4.5e+07	4.6e+07	0.0403131942642165	-0.0352194771626196	-0.0385725633902886
4.6e+07	4.7e+07	0.0303844031858779	-0.0447399952953187	-0.0657259774738297
4.7e+07	4.8e+07	0.273185430582719	-0.437598129547147	0.190422098545771
4.8e+07	4.9e+07	0.0303843948809842	-0.0447399985592932	-0.0657259803463014
4.9e+07	5e+07	0.0303843947687143	-0.0447399985199493	-0.0657259803681308
5e+07	5.1e+07	0.0303843948302225	-0.0447399985284612	-0.0657259803586601
5.1e+07	5.2e+07	0.0303843948647195	-0.04473999858979	-0.0657259803211321
5.2e+07	5.3e+07	0.0303843948793122	-0.0447399985667419	-0.065725980351267
5.3e+07	5.4e+07	0.028794663440684	-0.0355473971097791	-0.0631570039049944
5.4e+07	5.5e+07	0.0166863849253094	0.353856858007065	0.0441974591218891
5.5e+07	5.6e+07	0.27950978306067	0.0953221167441481	0.0931681581538956
5.6e+07	5.7e+07	0.0293360105375559	-0.0392370793892182	-0.0642497610417233
5.7e+07	5.8e+07	-2.21908575110642	2.51696322885293	-2.25327130919822
5.8e+07	5.9e+07	-0.248901883318822	-1.34000770566315	-0.146244176364307
5.9e+07	6e+07	0.41149678120809	0.195123640271149	0.352519039108782
6e+07	6.1e+07	-0.0285850907733938	-0.0166202240987981	0.131509040853619
6.1e+07	6.2e+07	-0.239719050421352	0.170099129225877	-0.129408103419967
6.2e+07	6.3e+07	-0.142062803465222	-0.324562361696257	-0.323213762180382
6.3e+07	6.4e+07	-0.40567119073719	0.685615614446448	-0.988821480831921
6.4e+07	6.5e+07	0.00941805229659689	0.207731298013846	-0.094070098611287
6.5e+07	6.6e+07	0.358994731078266	-0.271072624498429	0.0440325269712643
6.6e+07	6.7e+07	0.0841866591987306	0.0672405973620943	-0.129522359236728
6.7e+07	6.8e+07	1.1722905869852	-0.455103669037764	-0.116470533173185
6.8e+07	6.9e+07	-0.405369565136666	-0.162364972253259	-0.295079623944935
6.9e+07	7e+07	1.64070559371522	-2.80264014790239	2.27479711452349
7e+07	7.1e+07	-0.455514367887093	-0.133531911963557	-0.0435667257087842
7.1e+07	7.2e+07	0.625409760609134	0.67708287804236	-0.816607239040838
7.2e+07	7.3e+07	0.0375628837899725	-0.0984271822542083	-0.628165207459416
7.3e+07	7.4e+07	0.029113946814034	-0.037384860527541	-0.0636724184242349
7.4e+07	7.5e+07	-0.208181996770169	0.222115103546524	0.821209955001596
7.5e+07	7.6e+07	0.148584109822092	0.242467881762289	0.1362098936193
7.6e+07	7.7e+07	0.02911126645789	-0.0373869751048154	-0.0636691812640968
7.7e+07	7.8e+07	0.333902563204169	0.117260465173917	0.31836321162743
7.8e+07	7.9e+07	-0.369871052631885	-0.378071527602512	0.0861630194522532
7.9e+07	8e+07	0.0291126097160629	-0.037385917392252	-0.0636707991922441
8e+07	8.1e+07	0.0291126095529152	-0.0373859170099112	-0.0636707990735106
8.1e+07	8.2e+07	-0.0345635689767593	0.0216584985596448	-0.0361153013373111
8.2e+07	8.3e+07	0.0291126099531846	-0.0373859160175952	-0.0636707986389535
8.3e+07	8.4e+07	0.0291126081514683	-0.037385921340091	-0.0636708009499741
8.4e+07	8.5e+07	0.0556523370205945	-0.100423988533479	-0.071437877724053
8.5e+07	8.6e+07	0.0662490025638471	-0.0333922814237558	-0.0834594105027591
8.6e+07	8.7e+07	0.0291126026923319	-0.0373859174609433	-0.0636708338476116
8.7e+07	8.8e+07	0.0291126300206018	-0.037385936919415	-0.0636706693466745
8.8e+07	8.9e+07	0.029112629931968	-0.0373859368738346	-0.0636706693553808
8.9e+07	9e+07	0.0291126299747891	-0.037385936877561	-0.063670669358497
9e+07	9.1e+07	0.0291213412003375	-0.0373755448375043	-0.0636714110081894
9.1e+07	9.2e+07	0.0291126300044721	-0.0373859368894072	-0.063670669338532
9.2e+07	9.3e+07	0.0291126300358034	-0.037385936888713	-0.0636706693563309
9.3e+07	9.4e+07	0.0549075339023702	-0.0258192866698637	-0.0822169163840495
9.4e+07	9.5e+07	0.0291124487301334	-0.0373861774932505	-0.0636706320548365
9.5e+07	9.6e+07	0.0291126299538499	-0.0373859368879095	-0.0636706693527549
9.6e+07	9.7e+07	0.029109798336718	-0.0373897777497876	-0.0636713354180757
9.7e+07	9.8e+07	0.0291127606669008	-0.0373857843291705	-0.0636706458936761
9.8e+07	9.9e+07	0.0291126306449344	-0.037385936945475	-0.0636706685387003
9.9e+07	1e+08	0.029112500695621	-0.0373860891418989	-0.0636706924763264
1e+08	1.01e+08	0.0218637365887449	-0.0431844904847629	-0.0615736116026825
1.01e+08	1.02e+08	-0.016934567870018	0.0157535843807811	-0.0614951916411319
1.02e+08	1.03e+08	-0.0146645810235376	0.0585255690755721	-0.0821897595174488
1.03e+08	1.04e+08	0.00218968689228148	-0.0454626899320489	-0.0427489253074311
1.04e+08	1.05e+08	-0.00772512830313997	0.00512568012420098	-0.0619302871874304
1.05e+08	1.06e+08	0.00489384830167265	-0.0678458082331969	-0.0422635369536996
1.06e+08	1.07e+08	-0.00772512827850106	0.00512568014122989	-0.0619302871651286
1.07e+08	1.08e+08	-0.00772512827623578	0.00512568013746429	-0.0619302871666714
1.08e+08	1.09e+08	-0.00772513114024031	0.00512568168505594	-0.0619302745734554
1.09e+08	1.1e+08	-0.00772512829222373	0.00512568012976997	-0.0619302871814031
1.1e+08	1.11e+08	0.135133984551585	-0.0473074012383892	-0.0621885082869167
1.11e+08	1.12e+08	-0.00772513032241284	0.00512568104068342	-0.0619302869067148
1.12e+08	1.13e+08	-0.00772510836991975	0.00512567188705027	-0.0619302924457545
1.13e+08	1.14e+08	-0.00772511761511076	0.00512567515413224	-0.0619302940154724
1.14e+08	1.15e+08	-0.00772498031607336	0.00512575141979859	-0.0619302422866256
1.15e+08	1.16e+08	-0.00772510584844106	0.00512577820991117	-0.0619303613386707
1.16e+08	1.17e+08	-0.00772509781566702	0.0051257326973355	-0.0619303055948163
1.17e+08	1.18e+08	-0.00772546099196556	0.00512575442654998	-0.06193067079559
1.18e+08	1.19e+08	-0.318162194341165	0.135755964812372	-0.127121215189818
1.19e+08	1.2e+08	0.370306540798769	-0.218347053340908	-0.265878833657716
1.2e+08	1.21e+08	0.0123711816024151	-0.265324241578269	-0.0733373716407478
1.21e+08	1.22e+08	0.00593353577624709	-0.0844991533693863	-0.0457079780140611
1.22e+08	1.23e+08	-0.0514642935877653	-0.289449745835367	-0.16033654834688
1.23e+08	1.24e+08	-0.0565928822719965	0.291025688627343	0.00635168653034807
1.24e+08	1.25e+08	-0.183602404069292	0.562819927626345	0.20209814077227
1.25e+08	1.26e+08	-0.228303320609701	-0.170278688039693	-0.0494069040211215
1.26e+08	1.27e+08	0.23978005511285	0.148974248251184	-0.00782147882669744
1.27e+08	1.28e+08	-0.00817027708886678	0.00437164922455905	-0.0782279311159527
1.28e+08	1.29e+08	-0.00594585577646202	0.00814209726965915	0.00325875299169494
1.29e+08	1.3e+08	-0.0137595916769535	-0.0242032636130226	-0.0623594119951224
1.3e+08	1.31e+08	-0.00594585575064047	0.00814209726694395	0.00325875297997688
1.31e+08	1.32e+08	-0.00594585580759734	0.00814209721579034	0.00325875301725783
1.32e+08	1.33e+08	-0.00917684571791397	-0.0163034823958936	-0.0294191078065463
1.33e+08	1.34e+08	-0.00594585570737387	0.00814209726153137	0.0032587529652043
1.34e+08	1.35e+08	-0.00594585586264998	0.00814209723677023	0.00325875301094123
1.35e+08	1.36e+08	-0.00594585575380592	0.0081420972683959	0.00325875302976473
1.36e+08	1.37e+08	-0.00594585581270098	0.00814209726914238	0.00325875293037163
1.37e+08	1.38e+08	-0.00594585577552528	0.00814209726821236	0.0032587529541586
1.38e+08	1.39e+08	-0.00594585575485562	0.0081420972526123	0.00325875299703026
1.39e+08	1.4e+08	-0.00626715946122762	0.00829947981800943	0.00305425118212699
1.4e+08	1.41e+08	-0.00594585768952207	0.00814209108385449	0.00325875070960886
1.41e+08	1.42e+08	-0.00951152713635258	0.00219528247436627	0.00456152275860558
1.42e+08	1.43e+08	-0.00594566953951679	0.00814227715012587	0.00325872167546916
1.43e+08	1.44e+08	-0.00278163315290907	-0.00195812885192899	0.00272340709102353
1.44e+08	1.45e+08	-0.00548953553400077	0.00844611532277401	0.00282632987775037
1.45e+08	1.46e+08	-0.00594585301077587	0.00814209418874151	0.00325875337103372
1.46e+08	1.47e+08	-0.00594585049699326	0.00814209528474741	0.00325875419788124
1.47e+08	1.48e+08	-0.00567960834143293	0.0237275458837789	0.0031282759642629
1.48e+08	1.49e+08	-0.00594585576185213	0.00814209724334962	0.00325875302045407
1.49e+08	1.5e+08	-0.00594585577923444	0.00814209734108451	0.00325875289612343
1.5e+08	1.51e+08	-0.00594585577978408	0.00814209720759392	0.00325875302386812
1.51e+08	1.52e+08	-0.0059458558393236	0.00814209780321704	0.00325875369023254
1.52e+08	1.53e+08	-0.00594585527260464	0.00814209707229709	0.00325875291185762
1.53e+08	1.54e+08	-0.00594585574323256	0.00814209722017108	0.0032587530814273
1.54e+08	1.55e+08	-0.0059458557664811	0.00814209726859993	0.00325875287998383
1.55e+08	1.56e+08	-0.00594585585361427	0.00814209734010637	0.00325875291438671
1.56e+08	1.57e+08	-0.00594585574126566	0.00814209721432942	0.00325875299518757
1.57e+08	1.58e+08	-0.00594585579095017	0.00814209726955717	0.00325875302929907
1.58e+08	1.59e+08	-0.00594585575667134	0.00814209725183591	0.00325875293358119
1.59e+08	1.6e+08	-0.00594585632628954	0.00814209743714149	0.00325875294994579
1.6e+08	1.61e+08	-0.00594585580303759	0.00814209721691481	0.00325875302669262
1.61e+08	1.62e+08	-0.00594585580006145	0.00814209728287469	0.00325875296536794
1.62e+08	1.63e+08	-0.00594585580438113	0.0081420972863443	0.00325875288765253
1.63e+08	1.64e+08	-0.00594585574404282	0.00814209723560615	0.00325875299339259
1.64e+08	1.65e+08	-0.00594585573885164	0.00814209725157047	0.00325875298354358
1.65e+08	1.66e+08	-0.00594585150532383	0.00814210003932604	0.00325875011674873
1.66e+08	1.67e+08	-0.00594478076048673	0.00815697086144474	0.00325527710558026
1.67e+08	1.68e+08	-0.00594692767872771	0.00812722518243667	0.00326222898365163
1.68e+08	1.69e+08	-0.0059458557779421	0.00814209725706111	0.00325875296535276
1.69e+08	1.7e+08	-0.00594583569859398	0.00814212731686361	0.00325873274654311
1.7e+08	1.71e+08	-0.00594586836796255	0.00814209873714183	0.00325877041084545
1.71e+08	1.72e+08	-0.00594585731270818	0.00814209817303523	0.00325875026252183
1.72e+08	1.73e+08	-0.00594585211530829	0.0081421007263375	0.0032587533533857
1.73e+08	1.74e+08	-0.00594585578622166	0.00814209731787484	0.00325875294503402
1.74e+08	1.75e+08	-0.00594585578364642	0.00814209725041692	0.00325875295959551
1.75e+08	1.76e+08	-0.00594585941353942	0.0081420937020766	0.00325875258432596
1.76e+08	1.77e+08	-0.0059458557739744	0.00814209723997619	0.00325875297795251
1.77e+08	1.78e+08	-0.00594585579000637	0.00814209717653479	0.00325875299993258
1.78e+08	1.79e+08	-0.00594585575054295	0.00814209724011216	0.00325875295770608
1.79e+08	1.8e+08	-0.00594585582446959	0.00814209731776265	0.00325875291085745
1.8e+08	1.81e+08	-0.00594585578592579	0.00814209724248666	0.00325875298276266
1.81e+08	1.82e+08	-0.00594585368318456	0.00814209212877109	0.0032587476398141
1.82e+08	1.83e+08	-0.00594585579052908	0.00814209727553752	0.00325875293298636
1.83e+08	1.84e+08	-0.00594585578917214	0.00814209725290289	0.00325875295491427
1.84e+08	1.85e+08	-0.00594585578928143	0.00814209723618654	0.00325875302880779
1.85e+08	1.86e+08	-0.00594585576003212	0.00814209724816425	0.00325875299789925
1.86e+08	1.87e+08	-0.00594585576724161	0.00814209724849153	0.0032587529625589
1.87e+08	1.88e+08	-0.00594585574609183	0.00814209730503021	0.003258752909482
1.88e+08	1.89e+08	-0.005945855775509	0.00814209721913166	0.0032587530281056
1.89e+08	1.9e+08	-0.321774476433219	0.210409828901954	0.305427935110012
1.9e+08	1.91e+08	-0.00594585577704232	0.00814209722911199	0.00325875301065061
1.91e+08	1.92e+08	-0.0166347349057036	0.0158209862289558	0.00556968421962207
1.92e+08	1.93e+08	-0.00594599761032148	0.00814232861964442	0.00325894849381157
1.93e+08	1.94e+08	-0.00594694011591456	0.00814259562947147	0.00325916143417546
1.94e+08	1.95e+08	0.112215749126488	0.405923941707609	0.731297949086968
1.95e+08	1.96e+08	-0.00594672274473947	0.00814248510078734	0.00325904418757651
1.96e+08	1.97e+08	-0.124082982070607	-0.389636860013579	-0.724757570024808
1.97e+08	1.98e+08	0.0220515094398793	-0.0333285665314078	-0.0141383374570225
1.98e+08	1.99e+08	-0.00594667198227833	0.008142486503466	0.00325910852256097
1.99e+08	2e+08	-0.0339738070250912	0.049607101346043	0.0206325144433303
2e+08	2.01e+08	-0.0556391893742466	0.0763023763686966	0.110098468617503
2.01e+08	2.02e+08	-0.00594672335690026	0.00814249599112522	0.00325907977572788
2.02e+08	2.03e+08	0.361711071436318	-0.263822770726607	-0.406210666828314
2.03e+08	2.04e+08	-0.00594672324678162	0.0081424959448972	0.00325907975841284
2.04e+08	2.05e+08	-0.00594672324038711	0.00814249602023917	0.00325907971529876
2.05e+08	2.06e+08	-0.00594672324589407	0.008142495889292	0.00325907975766112
2.06e+08	2.07e+08	-0.00593664927336117	0.00816072884949058	0.00325933490629368
2.07e+08	2.08e+08	-0.00593796488510233	0.00815553683018229	0.00326068812913932
2.08e+08	2.09e+08	-0.0059467198988	0.00814251071352904	0.00325907604047811
2.09e+08	2.1e+08	-0.00594615056599021	0.00814243076117972	0.00326011857525205
2.1e+08	2.11e+08	-0.00594672326219601	0.00814249594022654	0.00325907974244838
2.11e+08	2.12e+08	-0.00594672330830374	0.00814249576252034	0.00325907921997365
2.12e+08	2.13e+08	-0.00594672318410982	0.00814249530288589	0.00325907884259478
2.13e+08	2.14e+08	-0.00594672318871158	0.00814249596019455	0.00325907996009755
2.14e+08	2.15e+08	-0.00594672322134384	0.00814249596135127	0.00325907974830046
2.15e+08	2.16e+08	0.651832758768468	0.151229988228959	-0.0957472248650808
2.16e+08	2.17e+08	0.0961204078608792	-0.308436655154712	0.653336407596014
2.17e+08	2.18e+08	-0.00590696442096828	0.00811282185335298	0.00325859104072766
2.18e+08	2.19e+08	-0.56231765045153	-0.508543356787333	0.291228827840558
2.19e+08	2.2e+08	-0.132212005283097	-0.371713468089155	-0.470327753273626
2.2e+08	2.21e+08	0.173020681637254	-0.542538803889832	0.0322202794583954
2.21e+08	2.22e+08	-0.0405126833020262	-0.190860924402657	-0.340539430045981
2.22e+08	2.23e+08	-0.535349219966905	0.594661442300191	0.569832102289945
2.23e+08	2.24e+08	-0.221258614007653	0.285552180690457	0.0675617954730041
2.24e+08	2.25e+08	-0.269578992566988	0.0500317498100997	-0.369869322055182
2.25e+08	2.26e+08	0.267075620092401	0.477282136531665	-0.213887322964238
2.26e+08	2.27e+08	0.328875411930541	-0.0237326786515838	-0.417382069775685
2.27e+08	2.28e+08	0.172903855157268	0.484807883278069	0.33268321833713
2.28e+08	2.29e+08	-0.00594672337847611	0.00814249589204581	0.00325907958752048
2.29e+08	2.3e+08	-0.00594672180594783	0.00814249651248333	0.00325908119136374
