0	1e+06	2.64781722943051e-08	1.82083797748718e-07	1.35808221941285e-07
1e+06	2e+06	2.64781717018001e-08	1.82083799679846e-07	1.35808222380178e-07
2e+06	3e+06	2.64781720309695e-08	1.8208380003096e-07	1.35808222555735e-07
3e+06	4e+06	2.64781495706405e-08	1.82083796870933e-07	1.35808192359924e-07
4e+06	5e+06	2.64781497900868e-08	1.82083796168705e-07	1.35808193588823e-07
5e+06	6e+06	2.64781706484578e-08	1.82083800908745e-07	1.35808223960191e-07
6e+06	7e+06	5.97348776959222e-08	1.69836120767855e-07	1.18446324045084e-07
7e+06	8e+06	2.64781889173625e-08	1.82083807053241e-07	1.35808253453774e-07
8e+06	9e+06	2.64781679821852e-08	1.8208380178653e-07	1.35808221853507e-07
9e+06	1e+07	-6.79429210586492e-09	1.94248999435799e-07	1.53169548048202e-07
1e+07	1.1e+07	2.64781710544335e-08	1.82083801610973e-07	1.35808222029064e-07
1.1e+07	1.2e+07	2.64781702205375e-08	1.82083800557631e-07	1.35808224135748e-07
1.2e+07	1.3e+07	2.64970805228523e-08	1.82187652905723e-07	1.35809440219377e-07
1.3e+07	1.4e+07	2.64781695841432e-08	1.82083803015429e-07	1.35808225189091e-07
1.4e+07	1.5e+07	2.64781710654058e-08	1.82083804595443e-07	1.35808223609077e-07
1.5e+07	1.6e+07	2.64750350680234e-08	1.82062441761254e-07	1.35807612143901e-07
1.6e+07	1.7e+07	2.64781735780659e-08	1.82083801962087e-07	1.35808221326836e-07
1.7e+07	1.8e+07	2.64781713287413e-08	1.82083802313201e-07	1.35808222906849e-07
1.8e+07	1.9e+07	2.64781700230359e-08	1.82083801259859e-07	1.35808224486863e-07
1.9e+07	2e+07	2.64781674006525e-08	1.82083800557631e-07	1.3580822641799e-07
2e+07	2.1e+07	2.64781692878907e-08	1.82083798977617e-07	1.35808225891319e-07
2.1e+07	2.2e+07	2.64781722504158e-08	1.82083799153174e-07	1.35808223257963e-07
2.2e+07	2.3e+07	2.81884093196564e-08	1.79354754229371e-07	1.36793114589282e-07
2.3e+07	2.4e+07	2.75089519541093e-08	1.78780037706104e-07	1.39159837516817e-07
2.4e+07	2.5e+07	2.75924218333953e-08	1.78783530413451e-07	1.39168252141388e-07
2.5e+07	2.6e+07	2.57996704528196e-08	1.81508558592138e-07	1.38176126982162e-07
2.6e+07	2.7e+07	2.64791287839304e-08	1.82083275817633e-07	1.3580940440574e-07
2.7e+07	2.8e+07	2.63956570064339e-08	1.82079782759172e-07	1.35800989956727e-07
2.8e+07	2.9e+07	2.64781718334678e-08	1.82083801962087e-07	1.35808223257963e-07
2.9e+07	3e+07	2.64781694853924e-08	1.82083799855403e-07	1.35808220624608e-07
3e+07	3.1e+07	2.64781697048387e-08	1.82083799153174e-07	1.35808221502393e-07
3.1e+07	3.2e+07	2.64781703851222e-08	1.82083798450946e-07	1.35808222906849e-07
3.2e+07	3.3e+07	2.91900305019136e-08	1.81183580914245e-07	1.38408808178683e-07
3.3e+07	3.4e+07	3.94045553224102e-08	1.79980396163766e-07	1.44408163208584e-07
3.4e+07	3.5e+07	1.31721104005597e-07	1.83097725336966e-07	1.74894112606053e-07
3.5e+07	3.6e+07	1.10195027725112e-06	3.79699802178112e-07	1.20380285346683e-07
3.6e+07	3.7e+07	0.0802105508723831	-0.0438039666443713	-0.203141037126242
3.7e+07	3.8e+07	0.0797104332148952	-0.0434671444269479	-0.20172465590342
3.8e+07	3.9e+07	0.0800873232144383	-0.045255727696776	-0.204002791587222
3.9e+07	4e+07	-0.521146768305691	-0.419580667902383	-0.384531828669506
4e+07	4.1e+07	-0.841493067368485	-0.578155107221776	-1.32503255753142
4.1e+07	4.2e+07	-0.842243257244165	-0.574429304422	-1.32059717976034
4.2e+07	4.3e+07	-0.587548199481791	0.291214082621772	-1.50571692323541
4.3e+07	4.4e+07	0.842783688581892	0.377332492315867	-0.630884432088707
4.4e+07	4.5e+07	1.23123970925582	0.303986725238991	-0.140475959574242
4.5e+07	4.6e+07	1.58236270191602	-0.352742174839815	0.91160661651081
4.6e+07	4.7e+07	0.204920752233691	-0.460459782365425	1.3637522267531
4.7e+07	4.8e+07	0.31073316870042	-1.01782837519251	0.308557341663462
4.8e+07	4.9e+07	0.469525731080966	-1.5015986405626	-0.268189489547684
4.9e+07	5e+07	1.24442822106883	-0.85686401060147	-1.1819079501314
5e+07	5.1e+07	0.277643307105211	0.0143337106518623	0.377633360077465
5.1e+07	5.2e+07	-0.079569316235213	1.30989376549573	0.559615302010067
5.2e+07	5.3e+07	-0.586257656323482	0.844208342652236	1.0855564943732
5.3e+07	5.4e+07	0.361147966429492	1.65098498195646	-0.557200015885482
5.4e+07	5.5e+07	1.37498802058144	0.535282330460153	-0.0884405257791289
5.5e+07	5.6e+07	1.37451467927589	0.536867040871709	-0.0886637127974095
5.6e+07	5.7e+07	1.07656696037627	-0.55179567185699	0.683983685673751
5.7e+07	5.8e+07	0.327611848079449	0.103281507130779	0.202743772317847
5.8e+07	5.9e+07	1.07634669824766	0.562473908771586	0.338189537910502
5.9e+07	6e+07	1.05230577822368	0.360078793875804	0.538045019686768
6e+07	6.1e+07	0.534899024758889	1.21670333330183	-0.567782524006168
6.1e+07	6.2e+07	-1.29621407919263	3.69529938301301	-1.86958323647398
6.2e+07	6.3e+07	-1.62198757450685	5.81803688178628	-3.49306348277523
6.3e+07	6.4e+07	-1.03745252118769	6.87586392926175	-2.25639592641194
6.4e+07	6.5e+07	0.216206640832101	6.3256587373156	-1.35642194225842
6.5e+07	6.6e+07	0.384373109070021	5.98002146371268	-1.06204420324181
6.6e+07	6.7e+07	0.373218438857177	5.59731331387096	-3.24460077739733
6.7e+07	6.8e+07	0.660819621285216	5.04990390329258	-4.3108601844332
6.8e+07	6.9e+07	0.660818250853676	5.04990369429921	-4.31086107458943
6.9e+07	7e+07	-0.0511040472342062	4.46735198835663	-3.48846977111447
7e+07	7.1e+07	-0.520893062667061	4.1176845332862	-3.20522092537545
7.1e+07	7.2e+07	-0.496723359936704	4.29342926688828	-3.01700848469295
7.2e+07	7.3e+07	-0.026055053334974	5.09709489884251	-2.49840272954435
7.3e+07	7.4e+07	-0.410417067380097	4.39136646596644	-1.92396939068347
7.4e+07	7.5e+07	-0.410416832043139	4.39136604535926	-1.92396735119635
7.5e+07	7.6e+07	-1.33359736099454	4.22338596601428	-1.94713712059348
7.6e+07	7.7e+07	-1.3015831564814	5.6022397814737	-2.48827578084693
7.7e+07	7.8e+07	-1.90448536445795	5.47940227234109	-2.68471190311459
7.8e+07	7.9e+07	-1.38101419267349	5.39107054727211	-3.20996302788512
7.9e+07	8e+07	-1.52631583465635	4.83996240678615	-3.29063933511069
