0	1e+06	-3.03291870964782	-2.61279339177904	-2.84744510305183
1e+06	2e+06	-2.95215981989816	-2.60334728029345	-2.76272196633522
2e+06	3e+06	-2.76885219215885	-2.58198437711679	-2.57106372065149
3e+06	4e+06	-2.57362243146138	-2.55929034456945	-2.36743998890502
4e+06	5e+06	-2.33806460891733	-2.53227046218707	-2.12263960893694
5e+06	6e+06	-2.12645249129144	-2.50801927740996	-1.90267704914392
6e+06	7e+06	-1.92024994256384	-2.48451809731041	-1.68826442027677
7e+06	8e+06	-1.82105407083913	-2.48650007017556	-1.48722980664015
8e+06	9e+06	-1.77141167472892	-2.50482562465632	-1.26022981252752
9e+06	1e+07	-1.76633420550466	-2.53643931332276	-1.01951082740642
1e+07	1.1e+07	-1.74169538498691	-2.56701278209087	-0.748017563926697
1.1e+07	1.2e+07	-1.71459729753069	-2.60130559653644	-0.446222263817526
1.2e+07	1.3e+07	-1.68784117565428	-2.63731548380692	-0.135449022708877
1.3e+07	1.4e+07	-1.61321654169368	-2.59491268386856	0.125772671393392
1.4e+07	1.5e+07	-1.45871496239181	-2.45750610315151	0.445749682632721
1.5e+07	1.6e+07	-1.28755219800894	-2.2891127602411	0.735028920216366
1.6e+07	1.7e+07	-1.13364803517507	-2.14648478810065	1.03790817398128
1.7e+07	1.8e+07	-1.03227924292615	-2.05076249306194	1.24005004035886
1.8e+07	1.9e+07	-0.912412613612155	-1.93807532188662	1.48015746836489
1.9e+07	2e+07	-0.797508982760116	-1.83048875193255	1.71047952161269
2e+07	2.1e+07	-0.682861362779087	-1.72377066361976	1.9405053445196
2.1e+07	2.2e+07	-0.583470804071111	-1.63121064672983	2.13996140546873
2.2e+07	2.3e+07	-0.476403216862333	-1.5305575860159	2.35547933629881
2.3e+07	2.4e+07	-0.374046413374671	-1.43345802742875	2.5624177800573
2.4e+07	2.5e+07	-0.256978892654642	-1.32162846632589	2.79834809834838
2.5e+07	2.6e+07	-0.152403321628361	-1.22143358914449	3.00845604395683
2.6e+07	2.7e+07	0.018201455553582	-1.15372920647134	3.15724447711372
2.7e+07	2.8e+07	0.25380664580024	-1.1167887084716	3.24983293652138
2.8e+07	2.9e+07	0.578575805981292	-1.09827485987417	3.31210597135921
2.9e+07	3e+07	0.879694249449138	-1.07058241564531	3.39112341910811
3e+07	3.1e+07	1.17918213351553	-1.0419717101481	3.47161112628282
3.1e+07	3.2e+07	1.621062087131	-1.00105725837462	3.58681574773819
3.2e+07	3.3e+07	2.05997819550699	-0.96069698355781	3.70094490623221
3.3e+07	3.4e+07	2.61310683562127	-0.906240164896822	3.84371670437164
3.4e+07	3.5e+07	2.9618963796996	-0.870081745212664	3.93320830780294
3.5e+07	3.6e+07	3.00213235191125	-0.500561802860006	3.53648113413153
3.6e+07	3.7e+07	2.81905496142331	-0.106892376703461	3.02904608152629
3.7e+07	3.8e+07	2.52413217784314	0.287585231543558	2.45632710968646
3.8e+07	3.9e+07	2.40285288977248	0.368687196910184	2.27216534097159
3.9e+07	4e+07	2.22241912198972	0.430673605431205	2.06224899805573
4e+07	4.1e+07	2.06652775698532	0.447231684268374	1.79463174426978
4.1e+07	4.2e+07	1.93960799525729	0.412631253896133	1.50751706284905
4.2e+07	4.3e+07	1.81881377750544	0.345196398145029	1.20977151124522
4.3e+07	4.4e+07	1.65488127708783	0.274986086708982	1.05738110481297
4.4e+07	4.5e+07	1.47225184200761	0.274229174267444	1.03707233964606
4.5e+07	4.6e+07	1.22218651335256	0.324494650888691	1.11212909092614
4.6e+07	4.7e+07	0.94770907178901	0.450066437184141	1.15759416496904
4.7e+07	4.8e+07	0.641141841200164	0.569334620933773	1.17215909146066
4.8e+07	4.9e+07	0.309822149323989	0.707015458253225	1.18438386427261
4.9e+07	5e+07	0.00410778946744508	0.84096430818696	1.19017571212578
5e+07	5.1e+07	-0.274927291246433	0.914715561181222	1.14167091705894
5.1e+07	5.2e+07	-0.403225110327812	0.966377307231446	1.01719746830072
5.2e+07	5.3e+07	-0.489562457627351	1.05858410985067	0.853279380471034
5.3e+07	5.4e+07	-0.524240123781878	1.24914960263631	0.715006910546847
5.4e+07	5.5e+07	-0.527940839842716	1.41084143794837	0.57178475267567
5.5e+07	5.6e+07	-0.479336835172413	1.57324595040509	0.353555276022658
5.6e+07	5.7e+07	-0.395399359586057	1.74065270956761	0.0349894603192487
5.7e+07	5.8e+07	-0.327786779068889	1.93701503649625	-0.273430295987281
5.8e+07	5.9e+07	-0.270405915844004	2.09975394673826	-0.530525528864893
5.9e+07	6e+07	-0.216926063410803	2.2472589637373	-0.767659752865772
6e+07	6.1e+07	-0.154962131427852	2.41787995799775	-1.04368513024933
6.1e+07	6.2e+07	-0.0872945849678901	2.60648403916789	-1.34606132122243
6.2e+07	6.3e+07	-0.0319505699860432	2.7621149885561	-1.59374699881159
6.3e+07	6.4e+07	0.0868768284742451	2.85185672415036	-1.79745538930869
6.4e+07	6.5e+07	0.253297593337879	2.8962043535572	-1.97578276765737
6.5e+07	6.6e+07	0.48221507565358	2.92483057041109	-2.17784712684055
6.6e+07	6.7e+07	0.639827918482845	2.9350130677088	-2.39930260379813
6.7e+07	6.8e+07	0.762734355364748	2.92117625055395	-2.6562156362941
6.8e+07	6.9e+07	0.837754790754862	2.88144786661764	-2.90823118011765
6.9e+07	7e+07	0.888916909436959	2.81903172887498	-3.13598697640911
7e+07	7.1e+07	0.908979179056561	2.70470301739421	-3.39231843213765
7.1e+07	7.2e+07	0.825743108756356	2.51432568332795	-3.55219017932924
7.2e+07	7.3e+07	0.700190852113535	2.30797767551729	-3.63937105939182
7.3e+07	7.4e+07	0.505013246084219	2.07523744506044	-3.60879406445803
7.4e+07	7.5e+07	0.326716658544672	1.84641688657844	-3.61031959123819
7.5e+07	7.6e+07	0.150737714797752	1.61162940254304	-3.62822555446824
7.6e+07	7.7e+07	-0.00116988494598681	1.41099439737444	-3.64024210071889
7.7e+07	7.8e+07	-0.152464652810693	1.21307818157066	-3.65003942381688
7.8e+07	7.9e+07	-0.297822633596753	1.0232693886671	-3.66004065237441
7.9e+07	8e+07	-0.451121439307018	0.822988313397721	-3.6711061445384
8e+07	8.1e+07	-0.518862269961272	0.734550543541235	-3.67599753485704
