0	1e+06	2.09131196502985	3.372714092852	3.04158082463716
1e+06	2e+06	2.07519712057113	3.32232016112232	3.00947785826097
2e+06	3e+06	2.03947286191332	3.21069685052117	2.93830394150864
3e+06	4e+06	2.00205140146788	3.0934852683573	2.86371860884351
4e+06	5e+06	1.96028983863657	2.9625723889556	2.78045132149055
5e+06	6e+06	1.91749592058144	2.82771638367976	2.69474925667999
6e+06	7e+06	1.8747091625893	2.69323221326341	2.60936978312423
7e+06	8e+06	1.82850702739705	2.54969357466501	2.5180866818665
8e+06	9e+06	1.78204148086813	2.40715998992654	2.42725751568385
9e+06	1e+07	1.73602231899841	2.26727579402914	2.33773713709339
1e+07	1.1e+07	1.69347863612864	2.13842497966093	2.25514939593808
1.1e+07	1.2e+07	1.65228285391083	2.0140514072583	2.17535803265299
1.2e+07	1.3e+07	1.60990782638919	1.88576366158843	2.09345399717671
1.3e+07	1.4e+07	1.56817219039274	1.75896602597412	2.01266462477757
1.4e+07	1.5e+07	1.52332485159472	1.62322063046136	1.92635467143919
1.5e+07	1.6e+07	1.47986155436476	1.49284182660766	1.84322651781207
1.6e+07	1.7e+07	1.43511382961128	1.35940721287001	1.75797351396306
1.7e+07	1.8e+07	1.39091069765053	1.22712845581115	1.67307078313549
1.8e+07	1.9e+07	1.34197563181528	1.08019046325963	1.5785666619039
1.9e+07	2e+07	1.29433171536648	0.936570523662561	1.48571088873049
2e+07	2.1e+07	1.24647730289014	0.792737723468498	1.39244653239197
2.1e+07	2.2e+07	1.20129420571176	0.656880143613234	1.30435426121201
2.2e+07	2.3e+07	1.1535045953517	0.513431305936518	1.21160268477593
2.3e+07	2.4e+07	1.1099814719505	0.382766983180051	1.12712328466867
2.4e+07	2.5e+07	1.075814538759	0.25474919020519	1.08735766482978
2.5e+07	2.6e+07	1.06149421750888	0.147344802099134	1.12502080420519
2.6e+07	2.7e+07	1.05760411192931	0.0333475478948524	1.22209604140131
2.7e+07	2.8e+07	1.05893814340846	-0.0684724546071137	1.33156566038155
2.8e+07	2.9e+07	1.08359494449954	-0.186414371729791	1.39826165636588
2.9e+07	3e+07	1.13024659074573	-0.305688423922273	1.44039910218719
3e+07	3.1e+07	1.20642644930352	-0.454534154141001	1.47117204446354
3.1e+07	3.2e+07	1.27430128583039	-0.598350482859888	1.50912095425443
3.2e+07	3.3e+07	1.34802549767087	-0.753760386750479	1.54961787928444
3.3e+07	3.4e+07	1.41362504553959	-0.891294829731141	1.58520709556677
3.4e+07	3.5e+07	1.47916336898501	-1.02869214393792	1.62043202075154
3.5e+07	3.6e+07	1.53840407808238	-1.1535457855915	1.65252523202915
3.6e+07	3.7e+07	1.62147128058368	-1.32947820757994	1.69785557776521
3.7e+07	3.8e+07	1.70464039183025	-1.50602210721578	1.74338646636214
3.8e+07	3.9e+07	1.78929728889255	-1.6863034953354	1.79020345486603
3.9e+07	4e+07	1.85379880375798	-1.79797419693043	1.78247346289703
4e+07	4.1e+07	1.92474075893744	-1.89137734408624	1.72591802324014
4.1e+07	4.2e+07	1.96909200571313	-1.93801986718217	1.6140985948181
4.2e+07	4.3e+07	2.00420416929142	-1.97965287137339	1.47859270478107
4.3e+07	4.4e+07	2.03267106862179	-2.02498043472126	1.3033813860532
4.4e+07	4.5e+07	2.07580774430494	-2.08394089371226	1.12889953651166
4.5e+07	4.6e+07	2.11950778745479	-2.14354317264359	0.939474753791619
4.6e+07	4.7e+07	2.15360338434163	-2.19056155071515	0.788257170729889
4.7e+07	4.8e+07	2.1908231639125	-2.2419657411349	0.622203853870831
4.8e+07	4.9e+07	2.22474304295614	-2.28907539983103	0.470396658380908
4.9e+07	5e+07	2.2594399515464	-2.33699615327013	0.315492644951049
5e+07	5.1e+07	2.30663456162955	-2.4030679982978	0.103129740871954
5.1e+07	5.2e+07	2.33546871229838	-2.46016824436501	-0.0952111000415778
5.2e+07	5.3e+07	2.31403899635216	-2.4862279611272	-0.230005688346481
5.3e+07	5.4e+07	2.21585771887177	-2.46237635438057	-0.259462134380157
5.4e+07	5.5e+07	2.04680519754901	-2.41252527307231	-0.274163595490189
5.5e+07	5.6e+07	1.87451965337001	-2.36899588764758	-0.31929219532217
5.6e+07	5.7e+07	1.70688327574332	-2.32736667397332	-0.365550975460399
5.7e+07	5.8e+07	1.55868826651731	-2.28899971705277	-0.399494095724916
5.8e+07	5.9e+07	1.38947304009644	-2.2454043516208	-0.438699025081361
5.9e+07	6e+07	1.2132245836048	-2.20033327332937	-0.480203618485338
6e+07	6.1e+07	1.0456629880186	-2.15749629103247	-0.519766619770914
6.1e+07	6.2e+07	0.893386521740564	-2.11873338384056	-0.555640460192206
6.2e+07	6.3e+07	0.747408746403141	-2.08162983921854	-0.590160285225656
6.3e+07	6.4e+07	0.598129617298582	-2.04363670798568	-0.625414801183736
6.4e+07	6.5e+07	0.455033767462865	-2.00704638787314	-0.659192736917497
6.5e+07	6.6e+07	0.301177460471591	-1.96738489577301	-0.695520571379551
6.6e+07	6.7e+07	0.164448046211248	-1.93199305660847	-0.727967751076276
6.7e+07	6.8e+07	0.0290474492185596	-1.8967763866053	-0.760437925243827
6.8e+07	6.9e+07	-0.0944801644332126	-1.86457565259433	-0.790461740570669
6.9e+07	7e+07	-0.233743474716321	-1.82822214607597	-0.824572278992214
7e+07	7.1e+07	-0.378799410713948	-1.79032646104175	-0.860264607558813
7.1e+07	7.2e+07	-0.535108565161496	-1.74945270291349	-0.898778880697962
7.2e+07	7.3e+07	-0.692378566882321	-1.70810225895977	-0.937615535213884
7.3e+07	7.4e+07	-0.845595139271343	-1.66752224470408	-0.97554697186529
7.4e+07	7.5e+07	-0.989042969805189	-1.62905837242604	-1.01118903011696
7.5e+07	7.6e+07	-1.13525152246561	-1.58969759289751	-1.04769662689379
7.6e+07	7.7e+07	-1.30175055687198	-1.54500716928673	-1.08935177884325
7.7e+07	7.8e+07	-1.46749992882831	-1.50069111975233	-1.13066786950642
7.8e+07	7.9e+07	-1.63955757252752	-1.45483917690796	-1.17358133253045
7.9e+07	8e+07	-1.8189102254853	-1.40699386846897	-1.21835256365925
8e+07	8.1e+07	-1.97987900203411	-1.34329093135695	-1.26835099026967
8.1e+07	8.2e+07	-2.09972795991868	-1.24979636023792	-1.32724351595617
8.2e+07	8.3e+07	-2.17632164225303	-1.13236265151851	-1.39216385519724
8.3e+07	8.4e+07	-2.2446437497395	-1.009901202216	-1.45830432908828
8.4e+07	8.5e+07	-2.33467210977961	-0.890551753597636	-1.52145219312902
8.5e+07	8.6e+07	-2.41883335303577	-0.789547759495186	-1.5732143594433
8.6e+07	8.7e+07	-2.5343265155252	-0.665497620616057	-1.63485221645971
8.7e+07	8.8e+07	-2.64509812844966	-0.544034629478594	-1.69524050584378
8.8e+07	8.9e+07	-2.76882894249988	-0.409173265707117	-1.76208310467271
8.9e+07	9e+07	-2.84482718291441	-0.306189048129185	-1.84304807008431
9e+07	9.1e+07	-2.89528231554997	-0.213008016231336	-1.94670352101218
9.1e+07	9.2e+07	-2.92288105267102	-0.126037301840856	-2.07448322559793
9.2e+07	9.3e+07	-2.9572058312519	-0.0351333711217056	-2.19931875502009
9.3e+07	9.4e+07	-2.99002234732191	0.0497082338004435	-2.31461412038672
9.4e+07	9.5e+07	-3.0245452582027	0.138112448652972	-2.43473029529544
9.5e+07	9.6e+07	-3.05868863883541	0.225447020654089	-2.55287970872277
9.6e+07	9.7e+07	-3.06667903634321	0.340356107377718	-2.63791805159998
9.7e+07	9.8e+07	-3.04534980183662	0.477436026062302	-2.68238472081471
9.8e+07	9.9e+07	-2.98703171711799	0.63822294834973	-2.6762665248718
9.9e+07	1e+08	-2.92072695727157	0.808368684806884	-2.66482233166266
1e+08	1.01e+08	-2.822934570972	0.939301616387217	-2.59207668639302
1.01e+08	1.02e+08	-2.7240292693776	1.03073786569886	-2.50140543968739
1.02e+08	1.03e+08	-2.62114683738643	1.06592417859389	-2.38068706729796
1.03e+08	1.04e+08	-2.5327453845302	1.08652450186629	-2.27275342769386
1.04e+08	1.05e+08	-2.43071824666975	1.10029626124153	-2.14372044546358
1.05e+08	1.06e+08	-2.32641270016427	1.11302439179262	-2.01093996967963
1.06e+08	1.07e+08	-2.21876486879265	1.12662138551816	-1.87397543789614
1.07e+08	1.08e+08	-2.12366825802647	1.13899468245578	-1.75292823893828
1.08e+08	1.09e+08	-2.02870117740377	1.15109174921587	-1.63183363252405
1.09e+08	1.1e+08	-1.92213730327916	1.16465675823249	-1.49552473464997
1.1e+08	1.11e+08	-1.81736025094112	1.17825578428498	-1.36127171586299
1.11e+08	1.12e+08	-1.70555464338324	1.19326251205194	-1.21761360103713
1.12e+08	1.13e+08	-1.60381559499345	1.20668259046246	-1.08580988182546
1.13e+08	1.14e+08	-1.50102307266051	1.24426912290563	-0.974859006322957
1.14e+08	1.15e+08	-1.3886907173282	1.30997243539374	-0.876589775558002
1.15e+08	1.16e+08	-1.27533958085181	1.3974428886677	-0.797315766920852
1.16e+08	1.17e+08	-1.15296554660255	1.48289657321789	-0.703301363261487
1.17e+08	1.18e+08	-1.03953279103274	1.56193309096526	-0.615939804690615
1.18e+08	1.19e+08	-0.926983395229802	1.64075902286085	-0.529771053446677
1.19e+08	1.2e+08	-0.814783907387472	1.71933989978495	-0.444048301174177
1.2e+08	1.21e+08	-0.703772764603485	1.79719052927214	-0.359275616569965
1.21e+08	1.22e+08	-0.583804875734366	1.88114738235439	-0.268064102843041
1.22e+08	1.23e+08	-0.468262703669092	1.96212965872284	-0.180519633208097
1.23e+08	1.24e+08	-0.35423261251231	2.04193017172888	-0.0942203700231459
1.24e+08	1.25e+08	-0.245825970402965	2.11786036084392	-0.0123242157366696
1.25e+08	1.26e+08	-0.126313433555125	2.20148372730167	0.0774673262340042
1.26e+08	1.27e+08	-0.0493909930640408	2.23459621949555	0.19720494315075
1.27e+08	1.28e+08	-0.00990564453472001	2.22626004869546	0.335061312637557
1.28e+08	1.29e+08	-0.0251257197185709	2.16196287655149	0.486163961436833
1.29e+08	1.3e+08	-0.0452515378168606	2.09964876639581	0.617376582170669
1.3e+08	1.31e+08	-0.0801201179594553	2.02572405120189	0.741810204751746
1.31e+08	1.32e+08	-0.0713265409355139	1.96759554999865	0.860096377593678
1.32e+08	1.33e+08	-0.0667535072124248	1.93796210559384	0.921596806251044
