0	1e+06	4.01070586135794	2.72286293021037	1.22484936092372
1e+06	2e+06	3.9624082795355	2.7357448344848	1.21142111283893
2e+06	3e+06	3.86854761892676	2.72773304354705	1.17907940085224
3e+06	4e+06	3.72162429769846	2.79306121394162	1.14342895566932
4e+06	5e+06	3.60404509156233	2.8511584123319	1.10829451062885
5e+06	6e+06	3.49761939659627	2.87957414889098	1.08247213298208
6e+06	7e+06	3.42430208265679	2.85082327335239	1.04618533571459
7e+06	8e+06	3.34919094997034	2.75996570425541	0.994349640349655
8e+06	9e+06	3.25397351122424	2.64711938484168	0.906687048257125
9e+06	1e+07	3.1501125344579	2.55227360782592	0.823526175322574
1e+07	1.1e+07	2.995136476789	2.41730793594025	0.705395516287284
1.1e+07	1.2e+07	2.87983756328866	2.35642205976118	0.668688871881024
1.2e+07	1.3e+07	2.73303617963206	2.32102728327917	0.673515368404545
1.3e+07	1.4e+07	2.60593147930037	2.35246690783846	0.752127831152857
1.4e+07	1.5e+07	2.43657812345204	2.35387091464353	0.808272622391408
1.5e+07	1.6e+07	2.27981696639455	2.35261232477956	0.857762712882717
1.6e+07	1.7e+07	2.14015842841703	2.34462144751892	0.886466700522845
1.7e+07	1.8e+07	2.02191720664944	2.33424571241124	0.846919573885653
1.8e+07	1.9e+07	1.90917038942653	2.31969734164698	0.753648627614393
1.9e+07	2e+07	1.78000340084958	2.30808114738232	0.618452327315121
2e+07	2.1e+07	1.64756294400397	2.29505307835151	0.496168898690593
2.1e+07	2.2e+07	1.51969733631907	2.28243534041773	0.379216077519588
2.2e+07	2.3e+07	1.41469354293101	2.27209235991694	0.282121869728274
2.3e+07	2.4e+07	1.29443946523029	2.26027589933367	0.170493590651062
2.4e+07	2.5e+07	1.17005381162472	2.24810433757859	0.055215935296767
2.5e+07	2.6e+07	0.955927893734719	2.22735726100413	-0.144008002762013
2.6e+07	2.7e+07	0.771871647885733	2.20684063726701	-0.316125428633921
2.7e+07	2.8e+07	0.6031006773336	2.15516388798604	-0.477503413050968
2.8e+07	2.9e+07	0.528665796625605	2.08100056631486	-0.553865046264478
2.9e+07	3e+07	0.458381933643006	1.98155456251438	-0.628312357430485
3e+07	3.1e+07	0.386767503158211	1.88198778888295	-0.70395201505068
3.1e+07	3.2e+07	0.308064751003421	1.77189236150139	-0.786953517650755
3.2e+07	3.3e+07	0.217706567658829	1.64705582556662	-0.882032759232719
3.3e+07	3.4e+07	0.115238913885439	1.50490291346761	-0.989671562227966
3.4e+07	3.5e+07	0.0278214616999666	1.37864799827522	-1.05618327425922
3.5e+07	3.6e+07	-0.0600023099784661	1.24282000908007	-1.07598630401514
3.6e+07	3.7e+07	-0.133643144179166	1.12055232043765	-1.04887981540978
3.7e+07	3.8e+07	-0.227304299593847	0.965558526037838	-1.01746861322643
3.8e+07	3.9e+07	-0.309638475262301	0.82982112675377	-0.991468101007613
3.9e+07	4e+07	-0.406029995430549	0.670101101882084	-0.960196624556228
4e+07	4.1e+07	-0.485263441593515	0.538705386906725	-0.934108567149968
4.1e+07	4.2e+07	-0.56832660520044	0.400499958027915	-0.906480842254688
4.2e+07	4.3e+07	-0.644651000229775	0.273880681758348	-0.88147182065886
4.3e+07	4.4e+07	-0.728892989990762	0.134144957468961	-0.85393817752633
4.4e+07	4.5e+07	-0.813297765067666	-0.00580253916879199	-0.826477735548518
4.5e+07	4.6e+07	-0.890745958756772	-0.134345792324223	-0.801100509049772
4.6e+07	4.7e+07	-0.968926145507642	-0.263969522290554	-0.775690191722477
4.7e+07	4.8e+07	-1.04330332133758	-0.387227614124609	-0.75170479168193
4.8e+07	4.9e+07	-1.12457268881913	-0.52154625648373	-0.725795820180449
4.9e+07	5e+07	-1.19776513385104	-0.642272045900159	-0.702570772130421
5e+07	5.1e+07	-1.27969224470896	-0.777086079786547	-0.676085169915077
5.1e+07	5.2e+07	-1.35922929720147	-0.907293338285562	-0.650157489483362
5.2e+07	5.3e+07	-1.40051001150099	-1.0534279830874	-0.610588704200954
5.3e+07	5.4e+07	-1.40591350416451	-1.20881611856234	-0.560283605840414
5.4e+07	5.5e+07	-1.37977380605138	-1.36417650635585	-0.503255610277923
5.5e+07	5.6e+07	-1.36706016901649	-1.52619836408097	-0.446596137817469
5.6e+07	5.7e+07	-1.35671445278412	-1.66558628619372	-0.398096129543635
5.7e+07	5.8e+07	-1.3450809983396	-1.81208706733765	-0.34718599096879
5.8e+07	5.9e+07	-1.33285805432498	-1.96241309879989	-0.294903945909433
5.9e+07	6e+07	-1.31993279684399	-2.11925622362043	-0.24032103398176
6e+07	6.1e+07	-1.30765291414241	-2.26878894952191	-0.188403103682658
6.1e+07	6.2e+07	-1.29700414941988	-2.39864719032586	-0.143706961036141
6.2e+07	6.3e+07	-1.30445397755901	-2.56445516073512	-0.0496573098017526
6.3e+07	6.4e+07	-1.32874561244301	-2.70670574133064	0.0659657376598487
6.4e+07	6.5e+07	-1.36346104038042	-2.88899823170666	0.218024191532651
6.5e+07	6.6e+07	-1.3891310662626	-3.0331839339237	0.335523507379175
6.6e+07	6.7e+07	-1.40825621804438	-3.20237230155641	0.450443559252668
6.7e+07	6.8e+07	-1.45701082809294	-3.29275140950111	0.499233066087585
6.8e+07	6.9e+07	-1.57224024285324	-3.33467732078324	0.477421389524871
6.9e+07	7e+07	-1.74489686387484	-3.33132270612705	0.391698846844409
7e+07	7.1e+07	-1.91897400642387	-3.3275304581137	0.304404070097946
7.1e+07	7.2e+07	-2.07965404136043	-3.33528224718328	0.233061197541393
7.2e+07	7.3e+07	-2.22211949811421	-3.34815269990175	0.175131053959134
7.3e+07	7.4e+07	-2.37094427145118	-3.36473335268275	0.117327766687105
7.4e+07	7.5e+07	-2.52801857853519	-3.38454505057136	0.0582845903214612
7.5e+07	7.6e+07	-2.67670603712181	-3.40141007138046	0.000535236132975548
7.6e+07	7.7e+07	-2.79004950799445	-3.40228961417814	0.00154788648602606
7.7e+07	7.8e+07	-2.82709524270971	-3.35941349348652	0.0538488856667673
7.8e+07	7.9e+07	-2.8375351765667	-3.24900678429758	0.172832106462403
7.9e+07	8e+07	-2.8432156017906	-3.12116090987852	0.27479083622797
8e+07	8.1e+07	-2.8642985837862	-2.98259631429979	0.39102957278224
8.1e+07	8.2e+07	-2.87797370011915	-2.88081801259609	0.477295754412168
8.2e+07	8.3e+07	-2.88554431614202	-2.82077172513168	0.528027802319187
