0	1e+06	0.145532281364113	-0.221362438536803	1.38318922244137
1e+06	2e+06	0.141668774294646	-0.211273489639718	1.38836785304077
2e+06	3e+06	0.109437278758535	-0.124497646339216	1.42992290487356
3e+06	4e+06	-12.6217248334653	-0.782846593735529	35.4674365362983
4e+06	5e+06	-31.610212828639	-15.4413630296818	37.5415471746209
5e+06	6e+06	-86.0671056390375	51.3563953887961	156.686885805227
6e+06	7e+06	-51.3729068318817	50.0420291921169	116.642800967782
7e+06	8e+06	-46.6662525670934	-58.8846887805604	121.547543911039
8e+06	9e+06	15.5919465971387	-112.785314091104	-27.9090317793288
9e+06	1e+07	64.3887421771005	-49.8119983784866	-147.903353731298
1e+07	1.1e+07	78.6705760902685	73.7732360630544	-154.882207832423
1.1e+07	1.2e+07	70.9014937261642	60.7893207971036	-124.612526204247
1.2e+07	1.3e+07	0.129755031685639	-0.190073785623447	1.39379842655066
1.3e+07	1.4e+07	0.133839537811166	-0.192497231457251	1.39689081412271
1.4e+07	1.5e+07	0.133856970392754	-0.192486805951204	1.39691703709987
1.5e+07	1.6e+07	0.138035644708464	-0.193515025641826	1.40184490367165
1.6e+07	1.7e+07	0.133933210975318	-0.191078007524229	1.39874484143396
1.7e+07	1.8e+07	0.133924344485884	-0.191108458689277	1.39870582255776
1.8e+07	1.9e+07	0.133875382044502	-0.191164616937376	1.3987300654234
1.9e+07	2e+07	0.133892157773521	-0.191179460860652	1.39874060954335
2e+07	2.1e+07	0.133891194055819	-0.191095417652695	1.39874395744926
2.1e+07	2.2e+07	0.13395271652739	-0.191028041604552	1.39875854997492
2.2e+07	2.3e+07	0.133975323964589	-0.191216805745351	1.39875068646804
2.3e+07	2.4e+07	0.164457378423631	-0.182340074417668	1.40337035582347
2.4e+07	2.5e+07	0.164444818393525	-0.182351292217884	1.40333152043221
2.5e+07	2.6e+07	0.132397351072263	-0.192504306042526	1.39616099625569
2.6e+07	2.7e+07	0.104396392584128	-0.200777807055398	1.39307675045272
2.7e+07	2.8e+07	0.104396392584061	-0.200777807055288	1.3930767504527
2.8e+07	2.9e+07	0.13551352366135	-0.189561340666477	1.40132395805527
2.9e+07	3e+07	0.133036455726524	-0.190223315538926	1.39980691914853
3e+07	3.1e+07	0.133051344055564	-0.190222457172202	1.39977194125515
3.1e+07	3.2e+07	0.133961499338036	-0.191102903336791	1.39870647229872
3.2e+07	3.3e+07	0.13396322296111	-0.191104864000777	1.39869947477365
3.3e+07	3.4e+07	0.133943952255522	-0.19110047921285	1.39878282654143
3.4e+07	3.5e+07	0.133941788491035	-0.191093491993266	1.39877916549545
3.5e+07	3.6e+07	0.133933030318614	-0.191087938484511	1.39880385206187
