0	1e+06	-1.27110261359011	4.47462886246036	-1.83357429327559
1e+06	2e+06	-1.22373091504268	4.32908899248415	-1.78994659747098
2e+06	3e+06	-1.10711256856563	3.97027636830513	-1.68254970947883
3e+06	4e+06	-1.01107233266076	3.67468791425537	-1.59429828806215
4e+06	5e+06	-0.91591448887429	3.3812234693892	-1.50703343419303
5e+06	6e+06	-0.831516993605493	3.11963772441633	-1.43002669299731
6e+06	7e+06	-0.749578944184437	2.86508155105931	-1.35544110103021
7e+06	8e+06	-0.663747420917049	2.59764334650498	-1.27702923264747
8e+06	9e+06	-0.565367913372566	2.28959557057994	-1.18650120428086
9e+06	1e+07	-0.47030131765729	1.98994293159451	-1.0983754620891
1e+07	1.1e+07	-0.375565535408819	1.69030756985927	-1.01037840773281
1.1e+07	1.2e+07	-0.309004290308163	1.47964048657813	-0.948766815523017
1.2e+07	1.3e+07	-0.231659800749914	1.23627974396299	-0.87793017804235
1.3e+07	1.4e+07	-0.150241650327639	0.980028550394291	-0.803222279203601
1.4e+07	1.5e+07	-0.0626109188224696	0.704557309243034	-0.722918076534137
1.5e+07	1.6e+07	0.0225565429638178	0.436297704422076	-0.644709136497172
1.6e+07	1.7e+07	0.110358172589344	0.159813938956038	-0.56436244440095
1.7e+07	1.8e+07	0.192343280335778	-0.0992422212769578	-0.488955951533811
1.8e+07	1.9e+07	0.252391098559461	-0.322898474854681	-0.38681999891036
1.9e+07	2e+07	0.287993520185848	-0.513089483583273	-0.24748261085066
2e+07	2.1e+07	0.316256353097564	-0.7282835812789	-0.0479638164623643
2.1e+07	2.2e+07	0.351818778871382	-0.980646841968351	0.17840123786997
2.2e+07	2.3e+07	0.388391100331467	-1.23148403987558	0.400532526670082
2.3e+07	2.4e+07	0.420268126845388	-1.45089376070298	0.595217550250301
2.4e+07	2.5e+07	0.447607283703787	-1.63906782325618	0.76209929078264
2.5e+07	2.6e+07	0.477064007511409	-1.84145098370403	0.940655196725916
2.6e+07	2.7e+07	0.512027877284221	-2.08003113204018	1.15095108390862
2.7e+07	2.8e+07	0.548434422012519	-2.32850246854644	1.36988714739436
2.8e+07	2.9e+07	0.581553805356843	-2.55309726420694	1.56801562473352
2.9e+07	3e+07	0.610541825104517	-2.74904970709543	1.74053074131865
3e+07	3.1e+07	0.641375658789283	-2.95487784988554	1.92172825136987
3.1e+07	3.2e+07	0.671421205960889	-3.15361652119324	2.09659943139475
3.2e+07	3.3e+07	0.705092943482476	-3.35260935562284	2.21836863285669
3.3e+07	3.4e+07	0.754018002708129	-3.591429963058	2.23159996150227
3.4e+07	3.5e+07	0.806873248759286	-3.83137413589357	2.18474309646771
3.5e+07	3.6e+07	0.840140449633897	-3.97708642642198	2.13895595797141
