0	1e+06	-3.36055675650383	-0.862142040988265	-0.473305826088339
1e+06	2e+06	-3.35448493893137	-0.857067605080934	-0.473050824332521
2e+06	3e+06	-3.34948329434809	-0.853335883581215	-0.474597175813294
3e+06	4e+06	-3.34950317113562	-0.853346263954679	-0.474603235216912
4e+06	5e+06	-3.35274688941376	-0.85651685907427	-0.477676157190184
5e+06	6e+06	-3.35274135304516	-0.856527663797609	-0.47763947546236
6e+06	7e+06	-3.35167341152775	-0.858253983297515	-0.478333769513994
7e+06	8e+06	-3.35200864019088	-0.858299201484783	-0.476280920320979
8e+06	9e+06	-3.3798747973506	-0.872665825486367	-0.282513210384367
9e+06	1e+07	-3.38120090921485	-0.86946864078216	-0.282258311249993
1e+07	1.1e+07	-3.38120090933233	-0.869468636305165	-0.282258309317203
1.1e+07	1.2e+07	-3.48197873725621	-0.829557295774916	-0.69451971412284
1.2e+07	1.3e+07	-3.48174426676915	-0.831044091365007	-0.6940930475537
1.3e+07	1.4e+07	-3.48174426357481	-0.831044103002046	-0.694093049183562
1.4e+07	1.5e+07	-3.35310183969283	-0.856582114403531	-0.475613768980779
1.5e+07	1.6e+07	-3.35307814328467	-0.856566177392502	-0.475601041414214
1.6e+07	1.7e+07	-3.35197387758541	-0.812617478226523	-0.465731564965201
1.7e+07	1.8e+07	-3.3512665047345	-0.812825298318345	-0.464252111943151
1.8e+07	1.9e+07	-3.19628815080711	-0.867008098561229	-0.450258169632832
1.9e+07	2e+07	-3.19739242142224	-0.910956792757589	-0.460127644580624
2e+07	2.1e+07	-3.19809488012437	-0.910741495004338	-0.461595937957432
2.1e+07	2.2e+07	-3.35307352712306	-0.856558214719144	-0.475589975526764
2.2e+07	2.3e+07	-3.35307322806848	-0.85655869924146	-0.475589881902282
2.3e+07	2.4e+07	-3.35307814077525	-0.85656616972803	-0.475601041524916
2.4e+07	2.5e+07	-3.35307784029877	-0.85656664177369	-0.475600952735606
2.5e+07	2.6e+07	-3.4366402645565	-1.17600030143204	-0.691993383326449
2.6e+07	2.7e+07	-3.43664026431444	-1.17600029569934	-0.691993385855465
2.7e+07	2.8e+07	-3.48462052763602	-1.66690607133085	-0.781404111889843
2.8e+07	2.9e+07	-2.91562009841963	-1.48565820127907	-0.102264313974471
2.9e+07	3e+07	-2.9482718555765	-1.3921440924699	-0.103365395504221
3e+07	3.1e+07	-2.90779706806536	-0.799878043548783	0.288189540734124
3.1e+07	3.2e+07	-7.03463062456402	0.082964748492078	0.94101618774299
3.2e+07	3.3e+07	-6.95022075085542	0.0564440466780089	0.864921204049331
3.3e+07	3.4e+07	-7.34663663772463	0.20283165114358	0.602507388806372
3.4e+07	3.5e+07	-1.12575748542443	-8.29411773912436	-7.98517667717389
3.5e+07	3.6e+07	-1.28685709828951	-8.36850225490941	-7.86469065643954
3.6e+07	3.7e+07	-1.3577603775891	-8.72236755088723	-7.6974107534752
3.7e+07	3.8e+07	-3.31037823673246	-0.456663538061556	-0.236012554258217
3.8e+07	3.9e+07	-2.3563510597766	0.0345024007412261	-0.48497886738154
3.9e+07	4e+07	-0.902263599891451	0.757735887693658	-0.569328345760271
4e+07	4.1e+07	-0.104935621748703	0.946490488618591	-0.603127612076184
4.1e+07	4.2e+07	1.18069256704894	2.12973400446765	-0.0673746540076702
4.2e+07	4.3e+07	1.59737162546722	2.14783774560493	-0.287968222798314
4.3e+07	4.4e+07	1.72678527418515	1.4155699521459	-0.278254455586928
4.4e+07	4.5e+07	0.915627621037076	-0.122202267598456	-0.878226330682243
4.5e+07	4.6e+07	0.990773882073579	-0.619425426147035	-0.775174732518959
4.6e+07	4.7e+07	1.00132060851827	7.21273216730947	4.06906998918727
4.7e+07	4.8e+07	1.43078325318831	6.67555535716461	4.47329564920771
4.8e+07	4.9e+07	1.43078695133611	6.67563675363329	4.47343983570617
4.9e+07	5e+07	1.15544715520118	-1.56782230944146	-0.203109319947202
5e+07	5.1e+07	1.70517073486167	-0.956270122174589	0.0601896386767713
5.1e+07	5.2e+07	1.70517073818788	-0.956270120070185	0.0601896267613904
5.2e+07	5.3e+07	2.50099580438428	0.217839907935258	0.223579039951765
5.3e+07	5.4e+07	1.67374516451234	0.152296435113976	-0.168787174082392
5.4e+07	5.5e+07	1.6741491214963	0.152317469113495	-0.168604501261954
5.5e+07	5.6e+07	1.06060126735659	-0.442310939179466	-0.459629171280026
5.6e+07	5.7e+07	1.06060128705333	-0.442310925880838	-0.459629226102852
5.7e+07	5.8e+07	1.06019732426493	-0.442332016983508	-0.459811827816458
5.8e+07	5.9e+07	1.06011820410944	-0.442070729341734	-0.459240122943419
5.9e+07	6e+07	1.06011820342727	-0.442070729994152	-0.459240122910385
6e+07	6.1e+07	1.06011818942823	-0.442070684668298	-0.459240139903583
6.1e+07	6.2e+07	1.06010579317811	-0.442437019942348	-0.459765305160888
6.2e+07	6.3e+07	1.06431187398682	-0.444630872204766	-0.459225320450875
6.3e+07	6.4e+07	1.064311874119	-0.444630872182109	-0.459225320250143
6.4e+07	6.5e+07	1.06494473614659	-0.444806725078856	-0.45924077336732
6.5e+07	6.6e+07	1.08400716663396	-0.299367317926447	-0.450455883427287
6.6e+07	6.7e+07	1.08389965900772	-0.299347264878838	-0.450447087094136
6.7e+07	6.8e+07	1.05982700102564	-0.442307245414681	-0.45978233816755
6.8e+07	6.9e+07	1.03647262637926	-0.585627689200814	-0.469173697388692
6.9e+07	7e+07	1.03646462627937	-0.585609649255301	-0.469300869508802
7e+07	7.1e+07	1.05989785634455	-0.442380378579706	-0.459901943015175
7.1e+07	7.2e+07	1.05998371127393	-0.442305481472309	-0.459835492007195
7.2e+07	7.3e+07	1.06000550227827	-0.442390262892033	-0.459675221760851
7.3e+07	7.4e+07	1.06010359985852	-0.442378695601095	-0.459769966403126
7.4e+07	7.5e+07	1.01202514451019	-0.495613725274443	-0.162353400890577
7.5e+07	7.6e+07	1.0128942517191	-0.494985752870497	-0.162086216079527
7.6e+07	7.7e+07	1.00979268829817	-0.497310890292137	-0.163322534215524
7.7e+07	7.8e+07	0.915361023906348	-0.750902975886571	-0.46616424469463
7.8e+07	7.9e+07	1.38393801601904	-0.839903398825356	-0.66509070743335
7.9e+07	8e+07	1.38393801566397	-0.839903398643646	-0.665090706915626
8e+07	8.1e+07	1.06263826307886	-0.400731927972943	-0.817777062420808
8.1e+07	8.2e+07	0.590184315761375	-0.314637927015053	-0.620395997082289
8.2e+07	8.3e+07	0.590184316866794	-0.31463792693592	-0.620395997866933
8.3e+07	8.4e+07	1.05089263502342	-0.449307426545325	-0.463520781883666
8.4e+07	8.5e+07	1.05051471161856	-0.447424333038393	-0.462463182531393
8.5e+07	8.6e+07	1.05078042781294	-0.449058809075007	-0.463378958490143
8.6e+07	8.7e+07	1.05078042727086	-0.449058808908799	-0.463378958256264
8.7e+07	8.8e+07	1.05115835138669	-0.450941902547974	-0.464436557398764
8.8e+07	8.9e+07	1.05089264186294	-0.449307433840884	-0.463520749563931
8.9e+07	9e+07	0.612989173817811	-0.261970051034449	-0.26984417923839
9e+07	9.1e+07	-0.913928868707605	1.30503352821598	3.00548794721099
9.1e+07	9.2e+07	-0.705999493849302	0.165927722489372	-1.56783402492762
9.2e+07	9.3e+07	0.0260675952032507	1.95102793737105	-3.63590325243326
9.3e+07	9.4e+07	1.10607287581325	0.150536812881341	-6.04330563424015
9.4e+07	9.5e+07	-0.0458231821170454	1.66967183495674	-1.24056774972855
9.5e+07	9.6e+07	-0.552382237299115	-0.531925664967825	0.975169256732737
9.6e+07	9.7e+07	-2.22726601496205	-0.620391787093936	0.515706535838991
9.7e+07	9.8e+07	0.182283566889273	-1.15923836931212	0.894423206316657
9.8e+07	9.9e+07	-0.381182077039319	0.79963975410538	1.27206519497708
9.9e+07	1e+08	2.13529092122029	2.54805941574078	2.45673613818213
1e+08	1.01e+08	2.23037485888514	3.96732725343248	3.51618318777087
1.01e+08	1.02e+08	1.02329753701423	-2.1691439619432	1.12264133045707
1.02e+08	1.03e+08	0.278262044384949	-3.44573415767638	-0.31555462095309
1.03e+08	1.04e+08	-1.6920908740645	-4.80415196240714	-1.54009813520624
1.04e+08	1.05e+08	-0.05916962308995	-0.24739940246105	0.289321894320113
1.05e+08	1.06e+08	-0.0601054670979669	-0.246673352907867	0.288324151134824
1.06e+08	1.07e+08	-0.269485834063199	0.892961626969778	-0.81517324619296
1.07e+08	1.08e+08	-0.269646422371483	0.892808402676145	-0.815099536325822
1.08e+08	1.09e+08	-0.268397734991897	0.892032834523925	-0.813931496350182
1.09e+08	1.1e+08	0.000490958621627988	0.000211653468504625	0.0014679434108744
1.1e+08	1.11e+08	0.000490968212015781	0.000211537504207794	0.00146797139931322
1.11e+08	1.12e+08	0.00400022077144736	0.00147999786010306	0.000139146176034509
1.12e+08	1.13e+08	0.00400023049249433	0.00147988124001673	0.000139174532946812
1.13e+08	1.14e+08	0.11669457520636	-0.277826873834825	-0.290854957687708
1.14e+08	1.15e+08	0.121105282716133	-0.287988938356365	-0.314441053759236
1.15e+08	1.16e+08	0.110043898130413	-0.229199256569135	-0.298155427554184
1.16e+08	1.17e+08	-0.00265045644177638	0.050107615473956	-0.00716132341516533
1.17e+08	1.18e+08	-0.325127140114435	-0.141543947116145	-0.233362360262009
1.18e+08	1.19e+08	-0.31406575536583	-0.200333628635262	-0.249647986677482
1.19e+08	1.2e+08	-0.31406575482613	-0.200333630724781	-0.249647986991232
1.2e+08	1.21e+08	0.000359421432040873	0.000231599523994432	0.00129387923737363
1.21e+08	1.22e+08	0.000359354717829691	0.000231597653929737	0.00129386468611125
1.22e+08	1.23e+08	0.000359422590774094	0.000231600899430936	0.00129387916302206
1.23e+08	1.24e+08	0.000314636571978519	0.000300484109624171	0.00131321700270108
1.24e+08	1.25e+08	0.000518420782383988	-0.00700747216473556	-0.00192123175765037
1.25e+08	1.26e+08	0.00051835120543735	-0.00700747766805563	-0.00192124939136921
1.26e+08	1.27e+08	0.567340866414792	-0.0754723159339628	0.348768494455093
1.27e+08	1.28e+08	0.567137150761639	-0.0681643539023769	0.35200296145889
1.28e+08	1.29e+08	0.656556789711167	-0.365561427787862	0.434326520849362
1.29e+08	1.3e+08	0.22361332200751	-0.0834686255157852	0.0737297543663277
1.3e+08	1.31e+08	0.223613320588158	-0.0834686297542989	0.073729750547055
1.31e+08	1.32e+08	0.342036362059698	0.255908330354121	0.124586736101177
1.32e+08	1.33e+08	0.214860014064562	0.00898058958087472	0.179253802119288
1.33e+08	1.34e+08	0.22334812648297	0.0138932791767248	0.266878501811045
1.34e+08	1.35e+08	-0.244110631588108	-0.024221470692748	0.563692959166846
1.35e+08	1.36e+08	-0.250768544917346	0.00900942187805747	0.518913576914922
1.36e+08	1.37e+08	-0.25923095101722	0.011098068086685	0.434513495212255
1.37e+08	1.38e+08	0.000385109832271663	0.0072329331611432	0.00451849769338492
1.38e+08	1.39e+08	0.000385110696681567	0.00723293313505851	0.00451849867063384
1.39e+08	1.4e+08	0.000359403636995862	0.000231597937291264	0.00129388128947219
1.4e+08	1.41e+08	0.0148796854044495	-0.00697483841083306	0.00980343607891804
1.41e+08	1.42e+08	0.0148796843317339	-0.00697483719220745	0.00980343588221082
1.42e+08	1.43e+08	-0.000325190949534472	0.0110296147109378	-0.00630432236568824
1.43e+08	1.44e+08	-0.0148454360492708	0.0182360558479787	-0.0148138802403426
1.44e+08	1.45e+08	-0.0148454357944952	0.0182360546697337	-0.0148138803889222
1.45e+08	1.46e+08	0.000359447063317132	0.000231617039972259	0.00129387424619979
1.46e+08	1.47e+08	0.000359421060935853	0.000231597343664927	0.00129387979118669
1.47e+08	1.48e+08	0.000404269114444026	0.000239662023169121	0.0012685813707552
1.48e+08	1.49e+08	0.000345821135487115	0.000269281328843218	0.00130454176936217
1.49e+08	1.5e+08	0.000345828644901153	0.000269298284663598	0.00130453741195668
1.5e+08	1.51e+08	0.000300966413897938	0.00026123972013214	0.00132982152874053
1.51e+08	1.52e+08	0.000359422324596145	0.000231601087933477	0.00129387822182628
1.52e+08	1.53e+08	0.00035942293336969	0.000231601247332765	0.00129387858402636
1.53e+08	1.54e+08	0.000359444967419559	0.000231593188779253	0.00129389987560471
