0	1e+06	-3.19813675977631	1.38352519341528	-0.319814052490051
1e+06	2e+06	-3.17968460628792	1.37643043881516	-0.346469329536944
2e+06	3e+06	-3.14576824287874	1.36342435789258	-0.395916504175532
3e+06	4e+06	-3.0979386813341	1.33651825525988	-0.40746720695207
4e+06	5e+06	-3.05155131069943	1.32007973705559	-0.38695097741244
5e+06	6e+06	-3.00116419434209	1.31796042083223	-0.359923046579807
6e+06	7e+06	-2.94482665808643	1.35523444134547	-0.370376038124132
7e+06	8e+06	-2.88881728502996	1.39540148918491	-0.397666941413762
8e+06	9e+06	-2.82363661664637	1.44196747958437	-0.424695548909712
9e+06	1e+07	-2.77208371474462	1.47806812501188	-0.444346848769354
1e+07	1.1e+07	-2.71041084015831	1.52145276669259	-0.468113278798789
1.1e+07	1.2e+07	-2.65334368595502	1.56166960665399	-0.490352791200131
1.2e+07	1.3e+07	-2.5885601639624	1.607279590151	-0.515561558824679
1.3e+07	1.4e+07	-2.53430919208804	1.64540915434609	-0.536733974122404
1.4e+07	1.5e+07	-2.50335715860427	1.69432583623803	-0.543858393290411
1.5e+07	1.6e+07	-2.49519548308433	1.75259432977571	-0.537463399659257
1.6e+07	1.7e+07	-2.49675468733783	1.83052294371509	-0.522374747424576
1.7e+07	1.8e+07	-2.49299570284543	1.90719491343079	-0.510281883305053
1.8e+07	1.9e+07	-2.48921592636597	1.97890030497328	-0.499191148419407
1.9e+07	2e+07	-2.4858560259161	2.05207077788399	-0.487800420464572
2e+07	2.1e+07	-2.46860415264606	2.11173900937354	-0.500113864481317
2.1e+07	2.2e+07	-2.43909154769713	2.1580276474452	-0.533319234502815
2.2e+07	2.3e+07	-2.38096889095286	2.18059332464314	-0.569675282987949
2.3e+07	2.4e+07	-2.29221025276587	2.20899705063401	-0.594276199621947
2.4e+07	2.5e+07	-2.20001043122371	2.234977828963	-0.604433755635033
2.5e+07	2.6e+07	-2.11239393524248	2.26350456548694	-0.620656770730739
2.6e+07	2.7e+07	-2.04776064711514	2.2837605776218	-0.632567530744911
2.7e+07	2.8e+07	-1.97782941502671	2.30563123540454	-0.645313995530136
2.8e+07	2.9e+07	-1.90809000310111	2.32734662078738	-0.658003097230698
2.9e+07	3e+07	-1.84008621385127	2.34849453546938	-0.670528802209371
3e+07	3.1e+07	-1.77451169611319	2.3687858108336	-0.682635306908608
3.1e+07	3.2e+07	-1.70396074779518	2.39064702160392	-0.695669591265252
3.2e+07	3.3e+07	-1.63029745279636	2.4133797231091	-0.709189634337354
3.3e+07	3.4e+07	-1.54456850128485	2.43967512747834	-0.724981367608731
3.4e+07	3.5e+07	-1.47234939336767	2.46167427013347	-0.738247994796712
3.5e+07	3.6e+07	-1.40058650361939	2.47182087547985	-0.755372175474003
3.6e+07	3.7e+07	-1.32055473763514	2.45910043593536	-0.782374673540493
3.7e+07	3.8e+07	-1.24250415953871	2.4374609267399	-0.811771659268324
3.8e+07	3.9e+07	-1.16053268395633	2.4134511896819	-0.842962071395927
3.9e+07	4e+07	-1.08341342655918	2.39474932116867	-0.870962723618596
4e+07	4.1e+07	-1.00076562290562	2.37528340531427	-0.900713192085815
4.1e+07	4.2e+07	-0.935667528691898	2.33494838910944	-0.931130540893741
4.2e+07	4.3e+07	-0.889473383361813	2.27315035043888	-0.961916666228868
4.3e+07	4.4e+07	-0.849162543912743	2.19092239890841	-0.996749252946027
4.4e+07	4.5e+07	-0.810510535300949	2.12149417323318	-1.02754590195337
4.5e+07	4.6e+07	-0.778689009243058	2.06493599743339	-1.05284914581535
4.6e+07	4.7e+07	-0.750406275666985	2.01403375715736	-1.07567035995762
4.7e+07	4.8e+07	-0.718112440921239	1.95550444846383	-1.10197531847663
4.8e+07	4.9e+07	-0.675859666663332	1.87872421431632	-1.13654046477303
4.9e+07	5e+07	-0.635238852391942	1.80468993558018	-1.16990528956165
5e+07	5.1e+07	-0.593263418983871	1.72804449821078	-1.20447035594791
5.1e+07	5.2e+07	-0.560507895371687	1.66787387157619	-1.2315040055115
5.2e+07	5.3e+07	-0.544556692064805	1.60758273898453	-1.26383213413045
5.3e+07	5.4e+07	-0.546279637415418	1.54472227209667	-1.30313594731567
5.4e+07	5.5e+07	-0.560386926111448	1.4823934203992	-1.34604150215623
5.5e+07	5.6e+07	-0.5392693298762	1.41346262425035	-1.39054831437872
5.6e+07	5.7e+07	-0.498221058191506	1.35794785558415	-1.42545505386574
5.7e+07	5.8e+07	-0.439456152864415	1.30531675901136	-1.45782439089107
5.8e+07	5.9e+07	-0.412335803400326	1.25645659786004	-1.49067983204301
5.9e+07	6e+07	-0.391843962914296	1.20895983460881	-1.52320006871179
6e+07	6.1e+07	-0.368412569579017	1.14482608851884	-1.56754615183536
6.1e+07	6.2e+07	-0.331318537792451	1.08319969343107	-1.60830914823194
6.2e+07	6.3e+07	-0.295245051778316	1.01947296489841	-1.65058567857221
6.3e+07	6.4e+07	-0.265344009154662	0.966099348859622	-1.68572353149749
6.4e+07	6.5e+07	-0.237110718768687	0.916003214635599	-1.71858750943226
6.5e+07	6.6e+07	-0.197961676598641	0.846654162107257	-1.76377566777177
6.6e+07	6.7e+07	-0.162464311726007	0.78355253044673	-1.8047740286351
6.7e+07	6.8e+07	-0.139245380585083	0.712172628193639	-1.82405597697038
6.8e+07	6.9e+07	-0.136365708988477	0.650405767843536	-1.81310840503937
6.9e+07	7e+07	-0.142745021161452	0.58245748979268	-1.78568771084227
7e+07	7.1e+07	-0.145771065155703	0.509345017352725	-1.76186982466778
7.1e+07	7.2e+07	-0.148348146418734	0.439708321865761	-1.73924735278201
7.2e+07	7.3e+07	-0.155795280168024	0.382056995773859	-1.69499380898146
7.3e+07	7.4e+07	-0.167191069171185	0.339304509315287	-1.63422905853707
7.4e+07	7.5e+07	-0.182415704309473	0.305411841020865	-1.55751955680279
7.5e+07	7.6e+07	-0.197332657872893	0.265966088606933	-1.48233976925866
7.6e+07	7.7e+07	-0.212249856450529	0.225207803723482	-1.40786615339792
7.7e+07	7.8e+07	-0.226199828360006	0.187098913109087	-1.3385679642547
7.8e+07	7.9e+07	-0.254640715532239	0.156838100346412	-1.29431788061345
7.9e+07	8e+07	-0.30698030262592	0.12522389339053	-1.26175839020885
8e+07	8.1e+07	-0.372143151089274	0.0945063995878869	-1.23898164419494
8.1e+07	8.2e+07	-0.434540703289662	0.0623971960214746	-1.22217068272479
8.2e+07	8.3e+07	-0.476599079986825	0.0412438399173494	-1.23748166692405
8.3e+07	8.4e+07	-0.50118629732031	0.0363831870179656	-1.28579047350818
8.4e+07	8.5e+07	-0.514679735146272	0.0428777288429013	-1.35826541955132
8.5e+07	8.6e+07	-0.524528083177737	0.0562468324292195	-1.43643797976418
8.6e+07	8.7e+07	-0.54079375143816	0.0655817945942912	-1.51741788081594
8.7e+07	8.8e+07	-0.557071598047549	0.10856885030971	-1.59806096612818
8.8e+07	8.9e+07	-0.571612060727769	0.164129853784664	-1.66954231845872
8.9e+07	9e+07	-0.58892947223179	0.251818050928832	-1.7521299008527
9e+07	9.1e+07	-0.605620881102296	0.315698028150592	-1.76772584613219
9.1e+07	9.2e+07	-0.627788095620788	0.399186876916673	-1.77916259088366
9.2e+07	9.3e+07	-0.502722485746616	0.44083039496096	-1.7223644772781
9.3e+07	9.4e+07	-0.344641424851567	0.476130548759708	-1.69975534934995
9.4e+07	9.5e+07	-0.159997318394808	0.480530167192906	-1.66241808054764
9.5e+07	9.6e+07	-0.067772892061912	0.499681521990863	-1.64606854014703
9.6e+07	9.7e+07	0.0148443473899069	0.516704263852622	-1.6332530144632
9.7e+07	9.8e+07	0.106964378164441	0.536367957753386	-1.62178204930809
9.8e+07	9.9e+07	0.174708259407772	0.553035109800556	-1.61682180165341
9.9e+07	1e+08	0.250772464413456	0.571705539090609	-1.61113534438649
1e+08	1.01e+08	0.323588253969275	0.589518575023233	-1.60571872573663
1.01e+08	1.02e+08	0.401547352668401	0.60847247292377	-1.59995854135215
1.02e+08	1.03e+08	0.461063188853211	0.638275088805915	-1.60987283008476
1.03e+08	1.04e+08	0.512336688309961	0.682970806556443	-1.63595358030165
1.04e+08	1.05e+08	0.565809154359838	0.721578376139569	-1.65555973530002
1.05e+08	1.06e+08	0.63176843050858	0.742669976374261	-1.6551802403013
1.06e+08	1.07e+08	0.71242029963863	0.747615620059316	-1.63526516605852
1.07e+08	1.08e+08	0.780934637351132	0.754267801461559	-1.62057852430597
1.08e+08	1.09e+08	0.893962605725346	0.768911785968435	-1.59927891543513
1.09e+08	1.1e+08	0.99768641833213	0.781475402830544	-1.5789005593179
1.1e+08	1.11e+08	1.10467009798294	0.794198931027581	-1.55767306973033
1.11e+08	1.12e+08	1.17956241074121	0.802961223835185	-1.54303182819636
1.12e+08	1.13e+08	1.26562427581962	0.813115674640355	-1.52627505758712
1.13e+08	1.14e+08	1.3585751668762	0.824068489119901	-1.50820380088051
1.14e+08	1.15e+08	1.43793773773391	0.833498199722154	-1.49276390714156
1.15e+08	1.16e+08	1.49715354051158	0.81923323180356	-1.46916526514929
1.16e+08	1.17e+08	1.54403951419954	0.783781012035928	-1.43660627735658
1.17e+08	1.18e+08	1.59001724033802	0.72867581985312	-1.39310464189913
1.18e+08	1.19e+08	1.63613863323016	0.67876979651589	-1.35152368990738
1.19e+08	1.2e+08	1.68481584402058	0.626388728931679	-1.30691141090086
1.2e+08	1.21e+08	1.73027037050074	0.574420355170606	-1.26256748458849
1.21e+08	1.22e+08	1.77394720525279	0.523909951971155	-1.21981710474603
1.22e+08	1.23e+08	1.81373199238068	0.476722832147733	-1.18015773830222
1.23e+08	1.24e+08	1.84649400364873	0.43737292254365	-1.14604001670968
1.24e+08	1.25e+08	1.8602418094233	0.421588934422033	-1.09841947393723
1.25e+08	1.26e+08	1.86055211740952	0.422735224979308	-1.02361721244294
1.26e+08	1.27e+08	1.85164457750267	0.434787839443527	-0.923277706233638
1.27e+08	1.28e+08	1.8503259429541	0.437592059099354	-0.829522975082425
1.28e+08	1.29e+08	1.84062948503821	0.450849691842673	-0.746667958794524
1.29e+08	1.3e+08	1.8439008026048	0.446236220340392	-0.683653694919389
1.3e+08	1.31e+08	1.85697661845022	0.428060167345926	-0.605264072181571
1.31e+08	1.32e+08	1.88271423275209	0.408859456127265	-0.538638901742125
1.32e+08	1.33e+08	1.90181984335797	0.413586832965585	-0.466592397334375
1.33e+08	1.34e+08	1.9176018223822	0.438433522377225	-0.405940607366663
1.34e+08	1.35e+08	1.93355181321721	0.460704357823976	-0.344810081386753
1.35e+08	1.36e+08	1.95086753405885	0.483818804888258	-0.278962311951213
1.36e+08	1.37e+08	1.96665120665685	0.5048901204681	-0.218855957053889
1.37e+08	1.38e+08	1.98438508029982	0.529510909144137	-0.149639823921213
1.38e+08	1.39e+08	2.0009083011459	0.553595448716681	-0.0837609568684824
1.39e+08	1.4e+08	2.01921406289615	0.577965197875226	-0.0144476000136039
1.4e+08	1.41e+08	2.03863398163552	0.600862355878677	0.0540298174883971
1.41e+08	1.42e+08	2.06061904786751	0.624092194850834	0.127911996307603
1.42e+08	1.43e+08	2.08125824818017	0.646359387699358	0.197698767729478
1.43e+08	1.44e+08	2.08161720207311	0.66539032492566	0.25633565996982
1.44e+08	1.45e+08	2.06210068945624	0.683476124831093	0.310971500328459
1.45e+08	1.46e+08	2.02901794630015	0.702447821816307	0.367793371774363
1.46e+08	1.47e+08	1.99936787291118	0.721509997362241	0.424937921455896
1.47e+08	1.48e+08	1.97204059698244	0.739352776382885	0.477969547040285
1.48e+08	1.49e+08	1.94465267591692	0.757243483287321	0.530792958073609
1.49e+08	1.5e+08	1.90284024362334	0.765457252609644	0.586216863544879
1.5e+08	1.51e+08	1.85409377487461	0.766751675535784	0.640019461255
1.51e+08	1.52e+08	1.79457174927992	0.762097857657644	0.697450872466365
1.52e+08	1.53e+08	1.73798114604029	0.761018499912283	0.756485565738104
1.53e+08	1.54e+08	1.68497032588115	0.760172637065273	0.811968202676116
1.54e+08	1.55e+08	1.63683139108166	0.758969384821921	0.861732419893296
1.55e+08	1.56e+08	1.59034107592076	0.757663372788092	0.90975049329784
1.56e+08	1.57e+08	1.53981652953257	0.756219658531819	0.962021229486946
1.57e+08	1.58e+08	1.48713266355665	0.754716468443182	1.01657019143262
1.58e+08	1.59e+08	1.4332658584679	0.732291839722042	1.05638923420767
1.59e+08	1.6e+08	1.37799738509962	0.696132418541584	1.08737446336699
1.6e+08	1.61e+08	1.31918364325352	0.643799132675631	1.10983137881763
1.61e+08	1.62e+08	1.25561796500158	0.592824676884335	1.13850280109366
1.62e+08	1.63e+08	1.20234538612227	0.536390638249598	1.16444683863471
1.63e+08	1.64e+08	1.15887035112181	0.472965418192162	1.18898510687279
1.64e+08	1.65e+08	1.13065768964675	0.400199244222173	1.21124802167665
1.65e+08	1.66e+08	1.10514338244307	0.327736068737063	1.23277634992653
1.66e+08	1.67e+08	1.08186868747345	0.250872252423261	1.25461431553719
1.67e+08	1.68e+08	1.05732696371915	0.168630848908727	1.27796068996852
1.68e+08	1.69e+08	1.03234643951293	0.0860253828058632	1.30149782825992
1.69e+08	1.7e+08	1.01011640250207	0.0120472701754416	1.32251094587465
1.7e+08	1.71e+08	0.990765554354981	-0.0521972570103209	1.34081792820999
1.71e+08	1.72e+08	0.971224210766664	-0.117005325947102	1.35937988596284
1.72e+08	1.73e+08	0.951616304428847	-0.182151420528015	1.37819616677476
1.73e+08	1.74e+08	0.931891407456638	-0.247584995473989	1.39725029495592
1.74e+08	1.75e+08	0.912490881328026	-0.311913722947648	1.41598319629323
1.75e+08	1.76e+08	0.892975741120165	-0.376229889503028	1.43462867536711
1.76e+08	1.77e+08	0.870745565718688	-0.449490023299331	1.45563152500835
1.77e+08	1.78e+08	0.848218979705527	-0.52386899465873	1.47692989699421
1.78e+08	1.79e+08	0.823183773279993	-0.606639585841504	1.50064739797545
1.79e+08	1.8e+08	0.803342629401886	-0.672445012585995	1.5196382166187
1.8e+08	1.81e+08	0.781667066294233	-0.744634732141445	1.54020091379801
1.81e+08	1.82e+08	0.760631691528206	-0.815175355154071	1.55991698809258
1.82e+08	1.83e+08	0.739536396046915	-0.886284597319005	1.57955559634141
1.83e+08	1.84e+08	0.7189629311491	-0.95589542198945	1.59896868306128
1.84e+08	1.85e+08	0.700842061682903	-1.01732000182234	1.61647209663761
1.85e+08	1.86e+08	0.681651602419204	-1.08182654845526	1.63500441994084
1.86e+08	1.87e+08	0.663541255950251	-1.14196477974495	1.65236273948512
1.87e+08	1.88e+08	0.642995981503217	-1.20964087863029	1.6718936381792
1.88e+08	1.89e+08	0.622734936908963	-1.27618364248202	1.69116152434898
1.89e+08	1.9e+08	0.600441431688776	-1.34939971036076	1.7123980130713
1.9e+08	1.91e+08	0.579178649532611	-1.4190435223228	1.73254379560776
1.91e+08	1.92e+08	0.557093467616374	-1.4912265695098	1.75339620919772
1.92e+08	1.93e+08	0.536745820215939	-1.55751680905983	1.77251096151627
1.93e+08	1.94e+08	0.51824288592366	-1.61791162031201	1.78986643455665
1.94e+08	1.95e+08	0.499653060952891	-1.67882363599534	1.80732122623641
1.95e+08	1.96e+08	0.481561729759354	-1.73836252923087	1.82428449747312
1.96e+08	1.97e+08	0.459291074136639	-1.81159878485067	1.8449247469737
1.97e+08	1.98e+08	0.439124721657196	-1.87767633142871	1.86342018185404
1.98e+08	1.99e+08	0.417663259163187	-1.94771187343216	1.8828921609476
1.99e+08	2e+08	0.398839037624342	-2.00908191895883	1.90001106623542
2e+08	2.01e+08	0.377880969027695	-2.0775665551224	1.91912496034728
2.01e+08	2.02e+08	0.358737283119808	-2.14044747869803	1.93669840755286
2.02e+08	2.03e+08	0.334430930265424	-2.22025519222289	1.95887151813276
2.03e+08	2.04e+08	0.312425666496128	-2.2949849188633	1.96946879027499
2.04e+08	2.05e+08	0.287485294816352	-2.38071716962719	1.96640302840884
2.05e+08	2.06e+08	0.269458898382304	-2.4449602192172	1.94787288722724
2.06e+08	2.07e+08	0.24726609487386	-2.52221640335423	1.92657743811313
2.07e+08	2.08e+08	0.227688446473396	-2.59032813724129	1.90840989064331
2.08e+08	2.09e+08	0.207396233863245	-2.66067130010069	1.8901793101173
2.09e+08	2.1e+08	0.187842059507621	-2.7281290806371	1.87256701472171
2.1e+08	2.11e+08	0.16760593335304	-2.79770683739794	1.85442798135479
2.11e+08	2.12e+08	0.147474564572374	-2.86653621851823	1.83649899626117
2.12e+08	2.13e+08	0.130494938196972	-2.92448936422906	1.82137629371607
2.13e+08	2.14e+08	0.104081565292119	-2.96822271202731	1.81222667757458
2.14e+08	2.15e+08	0.0528242835980038	-3.02544831872961	1.80297205321375
2.15e+08	2.16e+08	-0.00426627084127499	-3.076913135869	1.79664991681099
2.16e+08	2.17e+08	-0.0716383029663119	-3.14646445244514	1.78645733226046
2.17e+08	2.18e+08	-0.12488474161518	-3.2000614960543	1.77886445744625
2.18e+08	2.19e+08	-0.191285223441621	-3.26602087916761	1.76945376738304
2.19e+08	2.2e+08	-0.239291504932608	-3.31779954411876	1.76648818799472
2.2e+08	2.21e+08	-0.286013197064107	-3.3796274259953	1.77329919213554
2.21e+08	2.22e+08	-0.321383533448748	-3.43882911313038	1.78892239222634
2.22e+08	2.23e+08	-0.359963589716202	-3.50476475002725	1.80698017850263
2.23e+08	2.24e+08	-0.397195381450246	-3.5677126002449	1.82372667087256
2.24e+08	2.25e+08	-0.431061283370742	-3.62519338883803	1.839479744941
2.25e+08	2.26e+08	-0.456912108231162	-3.68620281040373	1.86005884369227
2.26e+08	2.27e+08	-0.465955171708009	-3.74449506025316	1.88545350932795
2.27e+08	2.28e+08	-0.482563612725413	-3.80548753500344	1.90954582142443
2.28e+08	2.29e+08	-0.508183342640735	-3.86394257760132	1.92923445384769
2.29e+08	2.3e+08	-0.549962811810713	-3.92408589240852	1.94419007276243
2.3e+08	2.31e+08	-0.586077558232242	-3.98458869837126	1.96130791290168
2.31e+08	2.32e+08	-0.619666209576033	-4.04109828086312	1.97740553567007
2.32e+08	2.33e+08	-0.65586487461369	-4.10161227019004	1.99444409050774
2.33e+08	2.34e+08	-0.690358831472938	-4.15919439572709	2.01054935439077
2.34e+08	2.35e+08	-0.725354120494809	-4.2177291532598	2.02704623074461
2.35e+08	2.36e+08	-0.761546677768541	-4.26184458960836	2.05075500653586
2.36e+08	2.37e+08	-0.801276394544869	-4.29088194092907	2.08459635117114
2.37e+08	2.38e+08	-0.842958586564383	-4.29891937231269	2.12886817396208
2.38e+08	2.39e+08	-0.88227089840494	-4.30379943343484	2.17080341564597
2.39e+08	2.4e+08	-0.924210011687514	-4.3138669202069	2.21306104596632
2.4e+08	2.41e+08	-0.967808843404895	-4.33290296473548	2.25310734495117
2.41e+08	2.42e+08	-0.990288159266353	-4.3412045690007	2.27448285368439
