0	1e+06	-6.12521771367606e-07	1.06994143156133e-06	8.54532330733649e-07
1e+06	2e+06	-6.12521774779434e-07	1.06994145077945e-06	8.54532339296605e-07
2e+06	3e+06	-6.12521772462005e-07	1.06994144134571e-06	8.54532334897309e-07
3e+06	4e+06	-6.12521763971045e-07	1.06994143504236e-06	8.54532325345265e-07
4e+06	5e+06	-6.12521789230824e-07	1.0699421892196e-06	8.54532407240583e-07
5e+06	6e+06	-6.12521758592142e-07	1.069940664822e-06	8.54532233261875e-07
6e+06	7e+06	-6.12521770342165e-07	1.06994143856059e-06	8.54532327796341e-07
7e+06	8e+06	-6.1252196806817e-07	1.06994139305789e-06	8.54532231829985e-07
8e+06	9e+06	-6.12521549278564e-07	1.06994149654282e-06	8.54532412877099e-07
9e+06	1e+07	-6.12521766514787e-07	1.06994143636636e-06	8.54532325893048e-07
1e+07	1.1e+07	-6.12503190133191e-07	1.06993763878799e-06	8.54543923352678e-07
1.1e+07	1.2e+07	-5.89982544941543e-07	1.05959224433572e-06	9.5630888703542e-07
1.2e+07	1.3e+07	-6.17141219565336e-07	9.86836510280727e-07	8.5561452375491e-07
1.3e+07	1.4e+07	-6.12441212278823e-07	1.07000644830197e-06	8.54706317923268e-07
1.4e+07	1.5e+07	-5.77978574875321e-07	1.12016439358836e-06	8.8705332414416e-07
1.5e+07	1.6e+07	-6.12521766722061e-07	1.06994143659457e-06	8.54532326028156e-07
1.6e+07	1.7e+07	-6.12521766758977e-07	1.06994143660124e-06	8.54532326219639e-07
1.7e+07	1.8e+07	-6.12322115137147e-07	1.06970567097232e-06	8.54851172904591e-07
1.8e+07	1.9e+07	-6.12521766235321e-07	1.06994143663943e-06	8.54532325818238e-07
1.9e+07	2e+07	-6.12521766762644e-07	1.06994143655685e-06	8.54532326684798e-07
2e+07	2.1e+07	-6.12521766428879e-07	1.06994143663535e-06	8.54532325751231e-07
2.1e+07	2.2e+07	-3.10762634219225e-07	1.23754750527366e-06	1.26578193998348e-06
2.2e+07	2.3e+07	-9.37165827625557e-07	6.37507361345068e-07	2.74290970312459e-07
2.3e+07	2.4e+07	-2.84800430327705e-07	7.44292907381384e-07	-7.70007173254194e-08
2.4e+07	2.5e+07	-4.13689970679753e-07	8.34913338785352e-07	3.01859517661556e-07
2.5e+07	2.6e+07	8.29560940706003e-08	1.02614453453928e-06	-3.8026189302864e-07
2.6e+07	2.7e+07	-1.59635482320239e-07	8.49976972578746e-07	-8.80928933611737e-07
2.7e+07	2.8e+07	-9.70497435554692e-08	7.07450656180217e-07	-6.60738487760437e-07
2.8e+07	2.9e+07	-2.55720264940986e-07	7.52745815726891e-07	-7.18343004645639e-07
2.9e+07	3e+07	-9.69587669935773e-08	7.07462287043469e-07	-6.60924509307203e-07
3e+07	3.1e+07	-9.69327440065088e-08	7.0747463167077e-07	-6.61000777883645e-07
3.1e+07	3.2e+07	-9.698273475702e-08	7.07448326813207e-07	-6.60850560225515e-07
3.2e+07	3.3e+07	-9.5796091459993e-08	7.08506420205278e-07	-6.64039449439937e-07
3.3e+07	3.4e+07	-9.67459628292887e-08	7.07438469542671e-07	-6.6070884329705e-07
3.4e+07	3.5e+07	1.02806748287048e-07	1.01119311430813e-06	-3.97570277086232e-07
3.5e+07	3.6e+07	-3.44268489484008e-07	5.71664035743254e-07	-1.04264251094229e-06
3.6e+07	3.7e+07	-9.72238891546663e-08	7.0750625364633e-07	-6.61273439635592e-07
3.7e+07	3.8e+07	2.6890173034393e-08	6.66669694158497e-07	-5.85338362161089e-07
3.8e+07	3.9e+07	-9.33582106550256e-08	7.10557901634802e-07	-6.59824837347759e-07
3.9e+07	4e+07	-9.6816833384291e-08	7.08094209364484e-07	-6.61610891911776e-07
4e+07	4.1e+07	-9.69636052618823e-08	7.07459710677477e-07	-6.609086148298e-07
4.1e+07	4.2e+07	-6.90714752706431e-07	2.97371882030041e-07	-1.14989212915537e-06
4.2e+07	4.3e+07	4.96315112049713e-07	1.11965023887551e-06	-1.71468237374893e-07
4.3e+07	4.4e+07	-9.69636052428217e-08	7.07459710724315e-07	-6.60908614632441e-07
4.4e+07	4.5e+07	-2.60268054154023e-08	7.68253356430537e-07	-6.5903296519121e-07
4.5e+07	4.6e+07	-1.38297225189291e-07	6.79773667917503e-07	-7.60741742533012e-07
4.6e+07	4.7e+07	-1.41393996926881e-07	6.63539589130263e-07	-5.73267947615308e-07
4.7e+07	4.8e+07	-9.69636053438367e-08	7.07459710934206e-07	-6.60908614747924e-07
4.8e+07	4.9e+07	1.71431628511013e-07	-3.61975709820548e-07	-3.1882874584126e-08
4.9e+07	5e+07	6.49092567933133e-08	1.27407523975662e-07	-3.0329344026317e-07
5e+07	5.1e+07	1.17752581737717e-07	-1.4808862568489e-07	-1.57688022594906e-07
5.1e+07	5.2e+07	1.52685414962454e-07	-9.15841607242157e-08	1.03739978256136e-07
5.2e+07	5.3e+07	4.23639562884535e-07	-1.97153501395979e-07	5.3003131297188e-07
5.3e+07	5.4e+07	5.26533067253477e-08	8.99543909592837e-08	-5.69125782227272e-07
5.4e+07	5.5e+07	1.82577117902526e-07	-1.65278241728988e-07	-4.16533404972631e-07
5.5e+07	5.6e+07	1.2683275970651e-07	-7.61623480293118e-07	-4.93829125317003e-07
5.6e+07	5.7e+07	1.17752580218594e-07	-1.48088628979583e-07	-1.57688031218832e-07
5.7e+07	5.8e+07	1.17752583376327e-07	-1.48088622581318e-07	-1.57688014135925e-07
5.8e+07	5.9e+07	1.17752582081928e-07	-1.48088625443247e-07	-1.57688022567001e-07
5.9e+07	6e+07	1.17752581735539e-07	-1.48088625723379e-07	-1.57688022850054e-07
6e+07	6.1e+07	1.17752581219604e-07	-1.48088625623495e-07	-1.57688022462022e-07
6.1e+07	6.2e+07	-2.75906613519257e-09	-2.4196293426871e-07	-1.87851450236606e-08
6.2e+07	6.3e+07	-1.83439916355366e-07	-9.26475514112181e-08	-1.00899211394994e-07
6.3e+07	6.4e+07	1.17752580942731e-07	-1.48088625410821e-07	-1.57688026885368e-07
6.4e+07	6.5e+07	1.18425394826181e-07	-1.49557916143801e-07	-1.57014394316675e-07
6.5e+07	6.6e+07	1.12404940935663e-07	-1.32021247072072e-07	-2.35258573204568e-07
6.6e+07	6.7e+07	1.78910788950655e-07	-1.04671663883104e-07	-1.28528706753007e-07
6.7e+07	6.8e+07	1.1787150871812e-07	-1.48007396222731e-07	-1.57530686154479e-07
6.8e+07	6.9e+07	2.07714853601955e-07	-1.42347996704509e-07	1.7719421640193e-08
6.9e+07	7e+07	-2.71163069269963e-08	-2.15000621942476e-07	-2.81333028143549e-07
7e+07	7.1e+07	1.17781664314889e-07	-1.48252388881385e-07	-1.58006046935384e-07
7.1e+07	7.2e+07	1.17752581654659e-07	-1.48088625510463e-07	-1.57688022665612e-07
7.2e+07	7.3e+07	1.17752613853756e-07	-1.48088624235759e-07	-1.57688032302717e-07
7.3e+07	7.4e+07	1.17752546154763e-07	-1.480886262227e-07	-1.57688013832366e-07
7.4e+07	7.5e+07	1.27661363790668e-07	-1.35458539829728e-07	-1.46141401803894e-07
7.5e+07	7.6e+07	1.17752593067414e-07	-1.48088617935113e-07	-1.57688011315816e-07
7.6e+07	7.7e+07	1.17752567852262e-07	-1.4808863320291e-07	-1.57688035184975e-07
7.7e+07	7.8e+07	1.015607745571e-07	-1.6748626168309e-07	-1.79453865965612e-07
7.8e+07	7.9e+07	1.17752583323697e-07	-1.48088624054712e-07	-1.5768801765264e-07
7.9e+07	8e+07	1.17752579955856e-07	-1.48088626921502e-07	-1.57688027440928e-07
8e+07	8.1e+07	1.1775253021526e-07	-1.48088467237659e-07	-1.57687996588761e-07
8.1e+07	8.2e+07	1.17752636581962e-07	-1.48088781848085e-07	-1.57688057028484e-07
8.2e+07	8.3e+07	1.17752587453111e-07	-1.48088635015281e-07	-1.57688028297849e-07
8.3e+07	8.4e+07	1.17752581765218e-07	-1.48088623567067e-07	-1.57688022091295e-07
8.4e+07	8.5e+07	1.17752580946236e-07	-1.4808862304853e-07	-1.57688021681966e-07
8.5e+07	8.6e+07	1.17752576668574e-07	-1.48088635834449e-07	-1.57688025279838e-07
8.6e+07	8.7e+07	1.1775262616407e-07	-1.48088714260912e-07	-1.5768811695403e-07
8.7e+07	8.8e+07	3.29708722147401e-06	5.92375149969408e-06	-4.84239023170054e-06
8.8e+07	8.9e+07	-2.7271058569771e-06	-6.51526878723792e-06	4.17704316930913e-06
8.9e+07	9e+07	1.17752617625447e-07	-1.48088698303098e-07	-1.57688097717507e-07
9e+07	9.1e+07	-3.09119865116456e-06	-6.34228767543764e-06	2.41453458145878e-06
9.1e+07	9.2e+07	3.07584502736602e-06	6.39909759189987e-06	-2.36735343195416e-06
9.2e+07	9.3e+07	1.1775261631777e-07	-1.48088694988259e-07	-1.57688098692165e-07
9.3e+07	9.4e+07	6.09102602584534e-07	-3.38825654171188e-07	-5.21662702830248e-07
9.4e+07	9.5e+07	-5.03246094648069e-07	-3.41452301059627e-07	1.99611406576508e-07
9.5e+07	9.6e+07	-1.61537319344596e-07	-5.83070704564768e-08	-1.94677950585824e-07
9.6e+07	9.7e+07	1.27685975350708e-07	-2.0057431658819e-07	-1.0224962216746e-07
9.7e+07	9.8e+07	1.07819180799944e-07	-9.56031784492805e-08	-2.13126584407985e-07
9.8e+07	9.9e+07	1.17752695862684e-07	-1.48088620287677e-07	-1.57688085359264e-07
9.9e+07	1e+08	1.17753305451261e-07	-1.48087843506398e-07	-1.57688222525313e-07
1e+08	1.01e+08	1.17752286333752e-07	-1.48088931073687e-07	-1.57688582281069e-07
1.01e+08	1.02e+08	1.17752624725007e-07	-1.48088708562098e-07	-1.57688096435411e-07
1.02e+08	1.03e+08	2.35413075846024e-06	2.45163807427549e-06	-1.92941773401054e-06
1.03e+08	1.04e+08	-2.13869879885763e-06	-2.76922098376254e-06	1.63989635635376e-06
1.04e+08	1.05e+08	1.17752622982545e-07	-1.48088706236132e-07	-1.5768809638691e-07
1.05e+08	1.06e+08	6.38232823904877e-08	-1.1611436678667e-07	-1.50734849269103e-07
1.06e+08	1.07e+08	1.47601584731202e-07	-1.51267562778244e-07	-1.64233257034275e-07
1.07e+08	1.08e+08	1.93257019353445e-07	-2.27950132791625e-07	-1.51925499086399e-07
1.08e+08	1.09e+08	2.0215392096444e-07	-8.78096653076918e-08	-1.95855282305836e-07
1.09e+08	1.1e+08	8.72389873604432e-08	-6.04521119137563e-08	-2.17990082119523e-07
1.1e+08	1.11e+08	1.04127963385268e-07	-1.32281933134465e-07	-1.75482744796143e-07
1.11e+08	1.12e+08	1.17752051730282e-07	-1.4808572403093e-07	-1.57689478406394e-07
1.12e+08	1.13e+08	1.26315981267889e-07	-1.53742475041738e-07	-1.7694412211536e-07
1.13e+08	1.14e+08	1.1788088945811e-07	-1.48048661653453e-07	-1.57612018451365e-07
1.14e+08	1.15e+08	1.17753603780589e-07	-1.48095048281572e-07	-1.57686606637499e-07
1.15e+08	1.16e+08	1.31395463801205e-07	-1.5728042435462e-07	-1.84432957834611e-07
1.16e+08	1.17e+08	1.17752012090219e-07	-1.48088272483984e-07	-1.57688837980547e-07
1.17e+08	1.18e+08	-4.16956483422367e-08	1.80202163242885e-07	-3.83593468176134e-07
1.18e+08	1.19e+08	2.67566257877478e-07	-4.71222524393134e-07	9.89146076578116e-08
1.19e+08	1.2e+08	1.17751275445536e-07	-1.48091844998875e-07	-1.57689201564334e-07
1.2e+08	1.21e+08	1.17799971902792e-07	-1.48061490791353e-07	-1.57680107529528e-07
1.21e+08	1.22e+08	1.13691164400673e-07	-1.44080906422983e-07	-1.61654997946864e-07
1.22e+08	1.23e+08	1.17751629742062e-07	-1.48089310220913e-07	-1.57687712986188e-07
1.23e+08	1.24e+08	1.17752280430386e-07	-1.480890492531e-07	-1.5768767499755e-07
1.24e+08	1.25e+08	1.17752487143988e-07	-1.48087064841408e-07	-1.57690343549308e-07
1.25e+08	1.26e+08	1.17752170542834e-07	-1.4808506723186e-07	-1.57693346890587e-07
1.26e+08	1.27e+08	1.1775262741417e-07	-1.48088712359287e-07	-1.57688095990261e-07
1.27e+08	1.28e+08	-3.94835807439625e-07	-6.44952211169123e-07	-2.6720730432021e-07
1.28e+08	1.29e+08	-1.66407332241875e-07	-4.51815007764592e-07	-2.15773489756325e-07
1.29e+08	1.3e+08	-7.95961273472918e-07	-9.20637525959916e-07	-3.63423354482735e-07
1.3e+08	1.31e+08	-7.27299784901602e-07	-9.55017013423038e-07	-2.6359921984561e-07
1.31e+08	1.32e+08	-8.37706229943576e-07	-1.22226291760307e-06	-2.57280778401013e-07
1.32e+08	1.33e+08	-9.01780578732609e-07	-7.23895441545426e-07	-2.50224275708596e-07
1.33e+08	1.34e+08	-8.59710733758856e-07	-8.89182694035092e-07	-6.97318871630878e-07
1.34e+08	1.35e+08	-9.90567308938652e-07	-1.03434749776436e-06	-3.24218486576677e-07
1.35e+08	1.36e+08	-5.81683957479044e-07	-7.9969552759775e-07	-4.25602374333698e-07
1.36e+08	1.37e+08	-7.95961196506202e-07	-9.20637567267955e-07	-3.63423300204763e-07
1.37e+08	1.38e+08	-2.99041431825174e-07	-1.29651194826979e-07	1.0840901414093e-07
1.38e+08	1.39e+08	-4.99644389141708e-07	-4.25395229928681e-07	-9.93956982513408e-08
1.39e+08	1.4e+08	6.45047918866024e-09	2.62338655933047e-07	4.67795440455746e-07
1.4e+08	1.41e+08	8.19470678333211e-09	3.28534990091922e-07	5.18804494445202e-07
1.41e+08	1.42e+08	-4.04184104897615e-09	2.67829352594346e-07	4.73710339196383e-07
1.42e+08	1.43e+08	-9.17186490197701e-10	2.65675222560686e-07	4.73332631581452e-07
1.43e+08	1.44e+08	6.45055694416955e-09	2.62338612885625e-07	4.67795496928278e-07
1.44e+08	1.45e+08	1.10636412918336e-07	1.88025904458073e-07	5.46719697080345e-07
1.45e+08	1.46e+08	1.10926435589317e-07	1.24479749273697e-07	5.63836443327366e-07
1.46e+08	1.47e+08	6.4505549271888e-09	2.62338616699638e-07	4.67795492524642e-07
1.47e+08	1.48e+08	2.70144642919318e-07	3.55577003738494e-07	2.89017249941117e-07
1.48e+08	1.49e+08	1.98939097594782e-07	3.65011607329364e-07	3.533052013407e-07
1.49e+08	1.5e+08	2.03349608255256e-08	5.05286250985794e-07	4.40510489067288e-07
1.5e+08	1.51e+08	-3.20585374766597e-08	5.53064986490589e-07	3.07093097766221e-07
1.51e+08	1.52e+08	-3.6054052445594e-07	1.95418402248231e-07	7.0389435647106e-07
1.52e+08	1.53e+08	2.59296136212067e-07	2.14971673915452e-07	7.5480851529048e-07
1.53e+08	1.54e+08	1.65571028736204e-07	4.6853493522891e-07	6.47642586101665e-07
1.54e+08	1.55e+08	2.9547339208576e-07	5.4959159801495e-08	5.691225153734e-07
1.55e+08	1.56e+08	6.45055571649314e-09	2.6233861438272e-07	4.67795495138553e-07
1.56e+08	1.57e+08	5.99067093322024e-09	2.62332950666235e-07	4.68220853959621e-07
1.57e+08	1.58e+08	6.91044308481529e-09	2.62344282495407e-07	4.67370133836631e-07
1.58e+08	1.59e+08	1.50945242102641e-08	1.46692171589023e-07	5.99483105526953e-07
1.59e+08	1.6e+08	6.90768918822393e-09	2.62368362290123e-07	4.67404620979381e-07
1.6e+08	1.61e+08	5.99342360144591e-09	2.62308866539044e-07	4.68186369271638e-07
1.61e+08	1.62e+08	8.28880710011768e-08	1.27288924936075e-07	4.41000773754167e-07
1.62e+08	1.63e+08	8.01149310886699e-07	-6.57383941996394e-08	7.85206684167674e-07
1.63e+08	1.64e+08	5.13720274821087e-07	5.99830933535859e-08	6.48457195965324e-07
1.64e+08	1.65e+08	1.0032641641043e-06	-2.10401214661878e-07	1.06569020093162e-06
1.65e+08	1.66e+08	1.15616672044558e-06	-2.40547244874296e-07	1.01479339690868e-06
1.66e+08	1.67e+08	1.15616667910663e-06	-2.40547426962045e-07	1.01479349841144e-06
1.67e+08	1.68e+08	1.15616670007195e-06	-2.40547335614702e-07	1.01479344777419e-06
1.68e+08	1.69e+08	1.15616670023515e-06	-2.40547336292047e-07	1.01479344821331e-06
1.69e+08	1.7e+08	1.1561667014756e-06	-2.40547336839987e-07	1.01479344947538e-06
1.7e+08	1.71e+08	1.15616669734991e-06	-2.40547334733558e-07	1.01479344565467e-06
1.71e+08	1.72e+08	1.19920255130654e-06	-5.49459228816994e-07	1.47552507844803e-06
1.72e+08	1.73e+08	8.90662137239836e-07	-6.4040075766517e-07	1.35475275979785e-06
1.73e+08	1.74e+08	1.1511760815804e-06	-2.44320708589816e-07	1.01529354998995e-06
1.74e+08	1.75e+08	1.50176973431336e-06	-1.89267800842608e-07	9.59102970201372e-07
1.75e+08	1.76e+08	1.20237327046249e-06	-9.00837045817137e-07	7.41481943052743e-07
1.76e+08	1.77e+08	9.31967833482399e-07	-3.11910770279549e-07	4.34132703314506e-07
1.77e+08	1.78e+08	1.47844547311264e-06	-1.30341157374938e-07	1.13973322933972e-06
1.78e+08	1.79e+08	1.18117199563575e-06	-1.49411307944384e-07	1.00421515488917e-06
1.79e+08	1.8e+08	1.11028219028216e-06	-4.99318340370624e-08	8.53528700199511e-07
1.8e+08	1.81e+08	1.18398433335422e-06	1.98714534000593e-08	8.26194551709181e-07
1.81e+08	1.82e+08	1.07160225850922e-06	-4.71862235674627e-08	9.30400568912358e-07
1.82e+08	1.83e+08	7.95672891479988e-07	-1.26420608207216e-07	8.62110444867585e-07
1.83e+08	1.84e+08	1.05623645854525e-06	-2.72214627485124e-08	9.06447573756224e-07
1.84e+08	1.85e+08	1.06680674841736e-06	-2.86396967605353e-07	9.58008876957716e-07
1.85e+08	1.86e+08	1.20276570556521e-06	-1.14003867734136e-07	1.00666563807667e-06
1.86e+08	1.87e+08	1.19974423136914e-06	-3.23718247630631e-07	1.07850290004866e-06
1.87e+08	1.88e+08	6.02466033198006e-07	-1.18497264116193e-07	1.12426836562991e-06
1.88e+08	1.89e+08	1.06569696242821e-06	-2.87991840392346e-07	1.02304397868856e-06
1.89e+08	1.9e+08	1.04780557420172e-06	-2.9646652593615e-07	1.01529909379236e-06
