0	1e+06	0.629739881216421	-1.91891394218537	-1.5442964132131
1e+06	2e+06	0.65865329673056	-1.89475975685645	-1.54233650776715
2e+06	3e+06	0.714873033691588	-1.84783892611032	-1.5385777080587
3e+06	4e+06	0.791710026020998	-1.78370019541678	-1.53366096136748
4e+06	5e+06	0.866226393519991	-1.72181490240869	-1.52911436157173
5e+06	6e+06	0.902888789623667	-1.65138293961815	-1.52228975878126
6e+06	7e+06	0.892417609282667	-1.59653261288426	-1.53372552983187
7e+06	8e+06	0.849319577969665	-1.55078846749273	-1.56604946807753
8e+06	9e+06	0.802544472450155	-1.50958407691893	-1.63950207887742
9e+06	1e+07	0.755190478230734	-1.47246077623788	-1.71522219666941
1e+07	1.1e+07	0.711470873176667	-1.43309551513054	-1.78692170487879
1.1e+07	1.2e+07	0.675539817539499	-1.40198426654994	-1.84329756580635
1.2e+07	1.3e+07	0.63883735639472	-1.37018258118669	-1.90139207829426
1.3e+07	1.4e+07	0.600098924841772	-1.33649797338014	-1.96287238740146
1.4e+07	1.5e+07	0.560797528016167	-1.2977250909739	-2.01012158917521
1.5e+07	1.6e+07	0.515495552811284	-1.24825667771851	-2.04825686858581
1.6e+07	1.7e+07	0.465622456460774	-1.19044903891045	-2.07826010120961
1.7e+07	1.8e+07	0.415832842311053	-1.13310883300731	-2.10952232878265
1.8e+07	1.9e+07	0.364656348671254	-1.07429465063813	-2.1426754203796
1.9e+07	2e+07	0.323522392369198	-1.01628258882779	-2.14633316058845
2e+07	2.1e+07	0.282921093386164	-0.950572747019053	-2.13188521475865
2.1e+07	2.2e+07	0.249566323010592	-0.885856947170559	-2.09687419578765
2.2e+07	2.3e+07	0.20776361782766	-0.812863747441357	-2.07082163623831
2.3e+07	2.4e+07	0.175620461416055	-0.747028091097616	-2.03402618061905
2.4e+07	2.5e+07	0.147533644824729	-0.678947584667524	-1.98348724624204
2.5e+07	2.6e+07	0.126509428821629	-0.615312948634817	-1.92346830668405
2.6e+07	2.7e+07	0.101737861520146	-0.545965719167676	-1.86289553610172
2.7e+07	2.8e+07	0.0778899780091682	-0.47962727021837	-1.80565650784369
2.8e+07	2.9e+07	0.0555418185992346	-0.42883033423466	-1.74274087682122
2.9e+07	3e+07	0.0157081443518652	-0.408587982924141	-1.68696800675751
3e+07	3.1e+07	-0.0407187525262083	-0.413354540250229	-1.63577583007238
3.1e+07	3.2e+07	-0.118544992887611	-0.433020889080087	-1.60021762429543
3.2e+07	3.3e+07	-0.197950469940783	-0.452183456664248	-1.56685938572265
3.3e+07	3.4e+07	-0.277114940079575	-0.477884796165331	-1.54748002420227
3.4e+07	3.5e+07	-0.344494724277556	-0.508339964168291	-1.55539069738748
3.5e+07	3.6e+07	-0.412700431812196	-0.548975959905226	-1.5900048870914
3.6e+07	3.7e+07	-0.476077728515378	-0.590986877028233	-1.63559843639257
3.7e+07	3.8e+07	-0.547583011376968	-0.634590090189809	-1.67741348656176
3.8e+07	3.9e+07	-0.609762651504993	-0.672461596394494	-1.71465802904873
3.9e+07	4e+07	-0.674418991718421	-0.712153684623314	-1.7536335701966
4e+07	4.1e+07	-0.739305366799989	-0.752016839664014	-1.79289961531081
4.1e+07	4.2e+07	-0.811707191730467	-0.796609649628418	-1.83665713418704
4.2e+07	4.3e+07	-0.898806584280607	-0.850306304717788	-1.88915040202303
4.3e+07	4.4e+07	-0.979291236552655	-0.900000018192559	-1.93853149902069
4.4e+07	4.5e+07	-1.05754332378451	-0.948525263486385	-1.98741712502165
4.5e+07	4.6e+07	-1.12179661388835	-0.962676390077324	-2.00798602752064
4.6e+07	4.7e+07	-1.19857604974345	-0.956635371464343	-2.01375779998311
4.7e+07	4.8e+07	-1.28653822608689	-0.927034481132863	-2.00234492823405
4.8e+07	4.9e+07	-1.39440368026764	-0.898866963735601	-1.99498923512328
4.9e+07	5e+07	-1.56426135258006	-0.799232165064755	-1.94435857716236
5e+07	5.1e+07	-1.69529991391222	-0.689706250040884	-1.91774995179147
5.1e+07	5.2e+07	-1.78216279406835	-0.572475606310671	-1.9116210574133
5.2e+07	5.3e+07	-1.79736744860314	-0.516294805743982	-1.95404841547989
5.3e+07	5.4e+07	-1.83471507989518	-0.451559791976721	-1.98431033441105
5.4e+07	5.5e+07	-1.88793972218501	-0.383191266166529	-2.00567267099543
5.5e+07	5.6e+07	-1.94779724816821	-0.296205214754969	-2.03918911152291
5.6e+07	5.7e+07	-2.00444890453206	-0.214969342871633	-2.07060281420222
5.7e+07	5.8e+07	-2.03344967467319	-0.128905284063522	-2.09290462060176
5.8e+07	5.9e+07	-2.0492850970981	-0.0581194851713729	-2.07840575031547
5.9e+07	6e+07	-2.05852793714008	0.0165362327344384	-2.04011744283196
6e+07	6.1e+07	-2.07857719321127	0.0759383794888055	-1.97613143414966
6.1e+07	6.2e+07	-2.08459008212377	0.129878571599954	-1.90810135397571
6.2e+07	6.3e+07	-2.08195087266855	0.176211532062089	-1.82822468420891
6.3e+07	6.4e+07	-2.08195488744434	0.229002196823337	-1.7458160764748
6.4e+07	6.5e+07	-2.08539152324766	0.280723146914545	-1.66607522414264
6.5e+07	6.6e+07	-2.09144304466055	0.335189155470711	-1.58354984334658
6.6e+07	6.7e+07	-2.10038805968377	0.391744317657551	-1.49917418318987
6.7e+07	6.8e+07	-2.10774702832354	0.446431771284203	-1.41676790362651
6.8e+07	6.9e+07	-2.11518685389722	0.499791159011315	-1.33642473553522
6.9e+07	7e+07	-2.12205305983936	0.548686339717028	-1.26271209393865
7e+07	7.1e+07	-2.12921306583066	0.599237647409193	-1.18633772975231
7.1e+07	7.2e+07	-2.13604676773999	0.64786316922507	-1.11277668496448
7.2e+07	7.3e+07	-2.14349848252739	0.700428333751232	-1.03334624800133
7.3e+07	7.4e+07	-2.15064025337056	0.750488368108212	-0.957925407023745
7.4e+07	7.5e+07	-2.15830931115562	0.803936951530005	-0.877504536373516
7.5e+07	7.6e+07	-2.16539614239522	0.853826065646136	-0.802549961232125
7.6e+07	7.7e+07	-2.17314378285438	0.908558709473673	-0.720213297696272
7.7e+07	7.8e+07	-2.18046577060688	0.960247601651071	-0.641951877450861
7.8e+07	7.9e+07	-2.18735000721292	1.01173778080043	-0.564689384902652
7.9e+07	8e+07	-2.1953879672952	1.05578553241454	-0.483928599349763
8e+07	8.1e+07	-2.20439955686994	1.09396107124287	-0.397343452854305
8.1e+07	8.2e+07	-2.21433345937686	1.12584821006758	-0.308308587359365
8.2e+07	8.3e+07	-2.22357702716698	1.15745325601523	-0.221268767141735
8.3e+07	8.4e+07	-2.23309642451445	1.1917991393886	-0.127423288101116
8.4e+07	8.5e+07	-2.24390387135263	1.23113649725021	-0.0185325578640096
8.5e+07	8.6e+07	-2.25424817554327	1.26846562643955	0.0858345849853041
8.6e+07	8.7e+07	-2.26375701371427	1.3014456332997	0.178634411978448
8.7e+07	8.8e+07	-2.2726048863878	1.33190051891559	0.264085284763194
8.8e+07	8.9e+07	-2.28216431172616	1.36538704725125	0.357558380512676
8.9e+07	9e+07	-2.29159399913117	1.39860760400325	0.449940941420517
9e+07	9.1e+07	-2.28313355329723	1.4040211359803	0.531044643876394
9.1e+07	9.2e+07	-2.25888138489437	1.38571269127703	0.605634958587613
9.2e+07	9.3e+07	-2.21862828849276	1.34507421803889	0.681712770092975
9.3e+07	9.4e+07	-2.17509992209237	1.30316273793262	0.774301554738018
9.4e+07	9.5e+07	-2.13596687841234	1.26283574648583	0.864895735104736
9.5e+07	9.6e+07	-2.09208001405346	1.21614867565685	0.930027005665406
9.6e+07	9.7e+07	-2.03724108981631	1.15697647474289	0.947019868890267
9.7e+07	9.8e+07	-1.9719338847414	1.08896821473058	0.933475608306895
9.8e+07	9.9e+07	-1.8961289250339	1.01051383058582	0.909403783089871
9.9e+07	1e+08	-1.83369803473248	0.945841531322481	0.890796499079768
1e+08	1.01e+08	-1.76714129330689	0.876883806983263	0.871482098164082
1.01e+08	1.02e+08	-1.70646403435025	0.814313351118873	0.853418056657393
1.02e+08	1.03e+08	-1.63520694475806	0.741012480766506	0.832179601102342
1.03e+08	1.04e+08	-1.5729577369151	0.677184202816615	0.813817595388233
1.04e+08	1.05e+08	-1.50905296390779	0.611606098918351	0.795099260659153
1.05e+08	1.06e+08	-1.44484011557571	0.545859044251608	0.776327926168416
1.06e+08	1.07e+08	-1.37600304118039	0.475343833061729	0.756181032899709
1.07e+08	1.08e+08	-1.30861333079726	0.406188160275799	0.736492174791328
1.08e+08	1.09e+08	-1.25058951588716	0.346409961889715	0.719531507543845
1.09e+08	1.1e+08	-1.18734741161286	0.281034572478484	0.700914421779379
1.1e+08	1.11e+08	-1.12160087594009	0.212921459633432	0.681381939377695
1.11e+08	1.12e+08	-1.04502295561993	0.133458420927577	0.658480547653905
1.12e+08	1.13e+08	-0.973171636804836	0.0588421060970088	0.636808846699275
1.13e+08	1.14e+08	-0.89891632856771	-0.018125609395542	0.614162142205971
1.14e+08	1.15e+08	-0.832484604246441	-0.0869099916093299	0.593842614427582
1.15e+08	1.16e+08	-0.765571125935955	-0.156126044352262	0.573476701776559
1.16e+08	1.17e+08	-0.699901946543583	-0.216621393750053	0.569375920411189
1.17e+08	1.18e+08	-0.630777761687885	-0.275473128961526	0.575250500595477
1.18e+08	1.19e+08	-0.553249818589167	-0.336945667481772	0.591201824409992
1.19e+08	1.2e+08	-0.479181490322487	-0.397134440374469	0.603647590677312
1.2e+08	1.21e+08	-0.403943099840362	-0.458282129362223	0.616647858286507
1.21e+08	1.22e+08	-0.328807830198574	-0.519307241171168	0.630318181607279
1.22e+08	1.23e+08	-0.253119155170234	-0.580899858622471	0.644164499899481
1.23e+08	1.24e+08	-0.177001667092318	-0.643067851947436	0.658237287110151
1.24e+08	1.25e+08	-0.107113792617785	-0.700348686261794	0.671333927070092
1.25e+08	1.26e+08	-0.0485467246319852	-0.758529602780846	0.701078147975179
1.26e+08	1.27e+08	0.00496861498795775	-0.822068930584898	0.747578405244814
1.27e+08	1.28e+08	0.0535645133221372	-0.889768040129786	0.808212430218663
1.28e+08	1.29e+08	0.105305599076154	-0.957718897703132	0.864719474270649
1.29e+08	1.3e+08	0.154264848600851	-1.02245656536163	0.918859031093743
1.3e+08	1.31e+08	0.212658777019919	-1.05946476796136	0.953212073653259
1.31e+08	1.32e+08	0.300394290054889	-1.07791317798312	0.977012094503778
1.32e+08	1.33e+08	0.398986011093559	-1.07403363191639	0.984933431817642
1.33e+08	1.34e+08	0.506802115985778	-1.07619440582907	0.998337686597383
1.34e+08	1.35e+08	0.595882541869308	-1.06818402796222	0.998854103004815
1.35e+08	1.36e+08	0.697286189854773	-1.0497222172042	0.989100965858134
1.36e+08	1.37e+08	0.788761306949736	-1.02518088640211	0.971599327785389
1.37e+08	1.38e+08	0.896273643318368	-0.998769889770911	0.953739324869127
1.38e+08	1.39e+08	0.988979512496089	-0.976235113823574	0.938824308124374
1.39e+08	1.4e+08	1.10010235363031	-0.949230751957533	0.921034230620543
1.4e+08	1.41e+08	1.1897109875584	-0.919132965104768	0.913781390372487
1.41e+08	1.42e+08	1.26207190269139	-0.872511416096136	0.930883435533333
1.42e+08	1.43e+08	1.31489009051968	-0.801817181582651	0.979925698765112
1.43e+08	1.44e+08	1.36110809750126	-0.720433976881732	1.04379685320867
1.44e+08	1.45e+08	1.40962824435994	-0.644044869312954	1.10069229826528
1.45e+08	1.46e+08	1.44896890799175	-0.576856264771667	1.15163066268153
1.46e+08	1.47e+08	1.48812795316485	-0.510135581932099	1.20185579416167
1.47e+08	1.48e+08	1.53002915933191	-0.438138579329092	1.25617647831275
1.48e+08	1.49e+08	1.57509758532057	-0.361017239384976	1.31409654147458
1.49e+08	1.5e+08	1.62378166692975	-0.277885417036495	1.37624267307407
1.5e+08	1.51e+08	1.66855660628703	-0.201704417364939	1.43287186485248
1.51e+08	1.52e+08	1.70779308891187	-0.134816096587696	1.4825026241986
1.52e+08	1.53e+08	1.74635059411814	-0.0689300018433003	1.53113822605291
1.53e+08	1.54e+08	1.78849573011427	0.00296779387431043	1.58409210758955
1.54e+08	1.55e+08	1.83050514401667	0.074485137443962	1.63658975449741
1.55e+08	1.56e+08	1.86886845460634	0.13976658547855	1.6844227388469
1.56e+08	1.57e+08	1.91240304361843	0.214056837667477	1.73905055686862
1.57e+08	1.58e+08	1.95236461053657	0.282089334262766	1.78923514692472
1.58e+08	1.59e+08	1.9926405781314	0.350139198963512	1.83962704223413
1.59e+08	1.6e+08	2.02993792832872	0.412592738728066	1.88610402743804
1.6e+08	1.61e+08	2.07232100780298	0.483902619518143	1.93907608976942
1.61e+08	1.62e+08	2.112810613373	0.552292443708657	1.99004032744086
1.62e+08	1.63e+08	2.15068527425457	0.61638797461687	2.03776534601352
1.63e+08	1.64e+08	2.18787308219323	0.679039085301809	2.08451416013733
1.64e+08	1.65e+08	2.23113555784175	0.751849594986132	2.13873853356254
1.65e+08	1.66e+08	2.28407121879445	0.799066992065669	2.18055482152471
1.66e+08	1.67e+08	2.36169834646335	0.825080222531924	2.21749106622684
1.67e+08	1.68e+08	2.44315862422562	0.822973124454629	2.23941515512347
1.68e+08	1.69e+08	2.54152489939371	0.835425765679948	2.27743659673043
1.69e+08	1.7e+08	2.62506772901412	0.852127706764508	2.31464444838543
1.7e+08	1.71e+08	2.70780549557148	0.887041688007722	2.34258433963701
1.71e+08	1.72e+08	2.77206907740053	0.928922328853488	2.35081320071855
1.72e+08	1.73e+08	2.83987908496929	0.986984952442818	2.34859100538476
1.73e+08	1.74e+08	2.90782498819904	1.04180453016846	2.34881354924697
1.74e+08	1.75e+08	2.975905499947	1.09622076916969	2.34949596500555
1.75e+08	1.76e+08	3.04338813521964	1.15031741344345	2.35033338486083
1.76e+08	1.77e+08	3.11229153918098	1.20588048740455	2.35123743193226
1.77e+08	1.78e+08	3.17800369626015	1.25881085089147	2.35213618744298
1.78e+08	1.79e+08	3.24063539241119	1.30892677922991	2.35312277503778
1.79e+08	1.8e+08	3.31170376348187	1.36520290757911	2.35451824234889
1.8e+08	1.81e+08	3.38203720017494	1.42074807892989	2.35599858202362
1.81e+08	1.82e+08	3.45295781638245	1.47669533647529	2.35736025337046
1.82e+08	1.83e+08	3.51691937050258	1.52715799415775	2.35847214207813
1.83e+08	1.84e+08	3.5845645852838	1.58046233822762	2.35951234650144
1.84e+08	1.85e+08	3.65895276680779	1.63921859759358	2.35996315400655
1.85e+08	1.86e+08	3.73075591339725	1.696067720181	2.35988190055874
1.86e+08	1.87e+08	3.7893027718557	1.75422897762552	2.36762207718852
1.87e+08	1.88e+08	3.80570960897291	1.79782170838096	2.36006933062838
1.88e+08	1.89e+08	3.87362684529798	2.06813082409042	2.28070538784459
1.89e+08	1.9e+08	3.89795158010144	2.19921873013246	2.22921745377593
