0	1e+06	-1.4430261949483	-19.2197659373044	-25.3731060889792
1e+06	2e+06	-3.89305303506531	-11.0294330375281	-15.7240378921659
2e+06	3e+06	28.941720309391	-27.1259492356064	-67.5646442142843
3e+06	4e+06	-0.998000403967737	11.5550892818242	23.6251628183857
4e+06	5e+06	1.95550606917676	9.47372850407782	22.9456884839763
5e+06	6e+06	0.0677019312926933	-0.892801920353156	1.53580325150981
6e+06	7e+06	0.0674126623953028	-0.892849607176682	1.53567538138902
7e+06	8e+06	0.0674123118677266	-0.892849917719023	1.53567438529241
8e+06	9e+06	0.0673843775687502	-0.892862851437377	1.53572272185255
9e+06	1e+07	0.0674091457923533	-0.892814288757475	1.53572176419699
1e+07	1.1e+07	0.0673902281783339	-0.892700557839751	1.53577533526272
1.1e+07	1.2e+07	0.0674367105667102	-0.892682220774048	1.5356069194166
1.2e+07	1.3e+07	0.0674126619293139	-0.892849607039664	1.53567538370722
1.3e+07	1.4e+07	0.0921847858085053	-0.890072716423206	1.49863167729411
1.4e+07	1.5e+07	0.0673868949154909	-0.893169206923829	1.53584621721702
1.5e+07	1.6e+07	0.0659689555162015	-0.892719867816175	1.53598473467891
1.6e+07	1.7e+07	0.0509764344188108	-0.903489044498093	1.57871571281224
1.7e+07	1.8e+07	0.0773370033656757	-0.896091338807836	1.53476424700438
1.8e+07	1.9e+07	0.0798651005697416	-0.854239933961384	1.52782878271412
1.9e+07	2e+07	0.0804219474686462	-0.892132599674089	1.52769451809978
2e+07	2.1e+07	0.0844279354038434	-0.898241676286286	1.53401317319735
2.1e+07	2.2e+07	0.0951112951286253	-0.94451153643303	1.53336983619122
2.2e+07	2.3e+07	0.0904658578036343	-0.900537373747706	1.5272101460831
2.3e+07	2.4e+07	0.0905404102055085	-0.900534497743882	1.52719225237685
2.4e+07	2.5e+07	0.0844279374193145	-0.898241676562895	1.53401317361025
2.5e+07	2.6e+07	0.0844279371212632	-0.898241676282259	1.53401317528885
2.6e+07	2.7e+07	0.0844279370504335	-0.898241676279494	1.53401317624762
2.7e+07	2.8e+07	0.0844279354781026	-0.898241676825149	1.53401317647471
2.8e+07	2.9e+07	0.0821963069307002	-0.899515508487416	1.5348049741359
2.9e+07	3e+07	0.081716978266381	-0.899263177903465	1.5346056063747
3e+07	3.1e+07	0.0812660354480912	-0.899458660303539	1.53411478171574
3.1e+07	3.2e+07	0.0834976639848103	-0.8981848286393	1.53332298245635
3.2e+07	3.3e+07	0.0839609479388864	-0.898452208586665	1.53350785429183
3.3e+07	3.4e+07	0.0844279354126173	-0.898241676896284	1.53401317429426
3.4e+07	3.5e+07	0.0844279354937479	-0.898241676696107	1.53401317441759
3.5e+07	3.6e+07	0.0844439665970145	-0.898226613354367	1.53402767976929
3.6e+07	3.7e+07	0.0844279356931418	-0.898241676108499	1.53401317462877
3.7e+07	3.8e+07	0.0844279356668702	-0.898241676225686	1.53401317428533
3.8e+07	3.9e+07	0.0844279492325151	-0.898241689840296	1.53401316478216
3.9e+07	4e+07	0.0844279360445454	-0.898241676445985	1.53401317453152
4e+07	4.1e+07	0.366088682395665	-1.26889167364669	1.52526059114619
4.1e+07	4.2e+07	0.443963148173474	-1.09314993518928	1.50210872530332
4.2e+07	4.3e+07	0.5710690087034	-1.07707734750828	1.59791154891671
4.3e+07	4.4e+07	0.365452087521728	-0.630450139191048	1.55050623851778
4.4e+07	4.5e+07	0.211391438840173	-0.937700719479331	1.63568807837918
4.5e+07	4.6e+07	-0.0103957716855799	-0.972928509719658	1.48523800657356
4.6e+07	4.7e+07	-0.0934802085473749	-1.03027930751905	1.59803546391077
4.7e+07	4.8e+07	1.95668874423282	0.194887879158549	-4.09332721544608
4.8e+07	4.9e+07	1.70247388631556	-0.764802775135123	-2.58702692648412
4.9e+07	5e+07	1.74419082553562	-0.875132704262314	-2.68486141218271
5e+07	5.1e+07	-0.230973514280811	-1.97671181737001	2.94360033222021
5.1e+07	5.2e+07	0.128556820703157	-0.926579048072012	1.4997859367938
5.2e+07	5.3e+07	0.0986067721288062	-0.803192460162596	1.54446470150777
5.3e+07	5.4e+07	0.0991163748118428	-0.754496100091286	1.54477053106415
5.4e+07	5.5e+07	0.098606772848352	-0.803192460686321	1.54446470154008
5.5e+07	5.6e+07	0.0986067726390891	-0.803192460606927	1.54446470156177
5.6e+07	5.7e+07	0.110411496941744	-0.814110698724434	1.58295731516287
5.7e+07	5.8e+07	0.098606772402612	-0.803192459268818	1.54446470201063
5.8e+07	5.9e+07	0.111850422273447	-0.812797278861443	1.53870283483871
5.9e+07	6e+07	0.116086245106865	-0.825203936271999	1.47901684468462
6e+07	6.1e+07	0.117955213641256	-0.829033006234595	1.4979468204672
6.1e+07	6.2e+07	0.115286547183924	-0.820236573154293	1.49552937174778
6.2e+07	6.3e+07	0.0940692621039195	-0.805195811138773	1.52895103825941
6.3e+07	6.4e+07	0.0986067719011599	-0.803192460344583	1.54446470233122
6.4e+07	6.5e+07	0.0880310594932935	-0.802383911153005	1.55264356583729
6.5e+07	6.6e+07	0.0986067705799216	-0.803192476157107	1.54446471751963
6.6e+07	6.7e+07	0.0986067704778283	-0.80319247574743	1.54446471730949
6.7e+07	6.8e+07	0.0986082322315039	-0.803192789172168	1.54446561339709
6.8e+07	6.9e+07	0.0986067701575794	-0.803192444125469	1.54446468661988
6.9e+07	7e+07	0.0986067699131647	-0.803192444093801	1.54446468709129
7e+07	7.1e+07	0.0986060369118274	-0.803192293603611	1.54446424341967
7.1e+07	7.2e+07	0.0986067716376941	-0.803192460317571	1.54446470189952
7.2e+07	7.3e+07	0.0986067718665944	-0.803192459879204	1.54446470155783
7.3e+07	7.4e+07	0.0986067720736474	-0.803192459680935	1.54446470145791
7.4e+07	7.5e+07	0.098606805605235	-0.803192480614278	1.54446472337481
7.5e+07	7.6e+07	0.0986067725908867	-0.803192459767854	1.54446470195738
7.6e+07	7.7e+07	0.0986067724033515	-0.803192459927288	1.54446470166667
7.7e+07	7.8e+07	0.0986067388194845	-0.803192438488535	1.54446467976332
7.8e+07	7.9e+07	0.0986067716159497	-0.803192459470197	1.54446470177941
7.9e+07	8e+07	0.0986067606534834	-0.803192575782604	1.54446482475296
8e+07	8.1e+07	0.0986067724738393	-0.80319245837052	1.5444646971157
8.1e+07	8.2e+07	0.0993160250525998	-0.802547437709571	1.54344949265948
8.2e+07	8.3e+07	0.098606776662187	-0.803192345879454	1.54446457131375
8.3e+07	8.4e+07	0.098606764881502	-0.803192463248109	1.54446469880364
8.4e+07	8.5e+07	0.0975738224768857	-0.804088104388072	1.54588009605208
8.5e+07	8.6e+07	0.0986067719439266	-0.803192461035082	1.5444646997389
8.6e+07	8.7e+07	0.0806377433974415	-0.791502391393399	1.56370178602512
8.7e+07	8.8e+07	0.100590625530131	-0.801888537806261	1.54232850432518
8.8e+07	8.9e+07	0.0993836276291718	-0.802590974758475	1.54350423386141
8.9e+07	9e+07	0.126204448277665	-0.806358636068568	1.52102151111301
9e+07	9.1e+07	0.0220329090866221	-0.790659098207797	1.6064779399422
9.1e+07	9.2e+07	-0.0266827415442803	-0.787068300516682	1.64221982612016
9.2e+07	9.3e+07	-0.170567137650575	-0.784637297113862	1.75258693327801
9.3e+07	9.4e+07	-0.217288468307284	-0.784888629800287	1.7802631971409
9.4e+07	9.5e+07	-0.306229969264621	-0.771677420355654	1.86594675242631
9.5e+07	9.6e+07	-0.30601754902746	-0.771303609187699	1.86603959257027
9.6e+07	9.7e+07	-0.311276100629353	-0.757195804175266	1.89749704305491
9.7e+07	9.8e+07	-0.306229916317124	-0.771677709622694	1.86594698595737
9.8e+07	9.9e+07	-0.401619607087059	-0.838868414082276	1.85474690093486
9.9e+07	1e+08	-0.302456570437791	-0.794132955271273	1.82302139347024
1e+08	1.01e+08	-0.302746826987564	-0.792405629202569	1.82632336270009
1.01e+08	1.02e+08	-0.203596143698849	-0.656079815721942	1.81718519694019
1.02e+08	1.03e+08	-0.302746824846769	-0.7924056302847	1.82632336462099
1.03e+08	1.04e+08	-0.302746825735043	-0.792405629790218	1.82632336397744
1.04e+08	1.05e+08	-0.331851037105422	-0.872287697349158	1.83964001887314
1.05e+08	1.06e+08	-0.302746956404443	-0.792405552895792	1.82632325974548
1.06e+08	1.07e+08	-0.302610164404292	-0.801169001733094	1.83362472193075
1.07e+08	1.08e+08	-0.250457533139322	-0.801378263540555	1.82788507352199
1.08e+08	1.09e+08	-1.19160481011783	-1.48932684948801	2.70396223103264
1.09e+08	1.1e+08	-0.609227825760691	-1.57189082601745	2.78088790055357
1.1e+08	1.11e+08	-0.302746826013041	-0.792405629719132	1.82632336360248
1.11e+08	1.12e+08	22.6242524136022	1.27495730703891	-4.60070345959655
1.12e+08	1.13e+08	3.71851016204532	5.73368076726756	-4.1199128107662
1.13e+08	1.14e+08	-0.302746825994806	-0.792405629927842	1.82632336362388
1.14e+08	1.15e+08	-22.3149775282743	-2.1754354032201	7.38351296063517
1.15e+08	1.16e+08	-3.99174902686717	-6.5428314435314	6.81849520306769
1.16e+08	1.17e+08	-0.302746825518695	-0.792405629494288	1.82632336397313
1.17e+08	1.18e+08	-0.302746825533612	-0.792405629780474	1.82632336400771
1.18e+08	1.19e+08	-0.302746852037174	-0.79240562482063	1.82632334097966
1.19e+08	1.2e+08	-0.302746826563335	-0.792405630865199	1.82632336370427
1.2e+08	1.21e+08	-0.302746826083083	-0.792405630254057	1.82632336398135
1.21e+08	1.22e+08	-0.30274681066469	-0.792405626072867	1.82632337827999
1.22e+08	1.23e+08	-0.302746825888108	-0.792405629564201	1.82632336421656
1.23e+08	1.24e+08	-0.302746826413992	-0.792405629945899	1.82632336384511
1.24e+08	1.25e+08	-0.302746849343082	-0.79240563551965	1.82632334250153
