0	1e+06	1.4650503649349	-2.67191918004225	-1.04007923330208
1e+06	2e+06	-0.767651355882236	-0.118085539242876	-0.0996680408684603
2e+06	3e+06	0.206212088185451	0.358119354180628	0.00416812932228141
3e+06	4e+06	-0.191590931505537	-0.322863958466663	-0.272143193074795
4e+06	5e+06	1.3649460979133	0.39542026472129	-0.126618012397855
5e+06	6e+06	0.315123435376203	0.163114426244127	0.204178223175214
6e+06	7e+06	-0.0599084113986211	-0.000105619324834989	-0.241331977712918
7e+06	8e+06	-0.18981489475037	-0.367408631540684	-0.522899826803187
8e+06	9e+06	-0.501490265017274	-0.939847000750964	0.218607369143411
9e+06	1e+07	-7.66059930441857e-05	6.26769222451686e-05	1.59248053092281e-05
1e+07	1.1e+07	0.522862174895018	-0.543014078141914	0.25741347749743
1.1e+07	1.2e+07	7.84466817248918e-05	-5.99426150713948e-05	4.13813299482962e-08
1.2e+07	1.3e+07	-4.19608333775688e-11	-2.0664794089656e-10	4.95828621554856e-10
1.3e+07	1.4e+07	-2.62137810207261e-10	4.5693095338165e-10	4.2787883137157e-10
1.4e+07	1.5e+07	1.00550631792349e-10	-2.75551577989824e-10	5.3579868423305e-10
1.5e+07	1.6e+07	0.442768560796662	-0.00761177682834544	-0.809560772868785
1.6e+07	1.7e+07	-2.58701748947209e-10	1.31271454477991e-10	7.38073219143073e-10
1.7e+07	1.8e+07	9.79808207831336e-11	-4.50623226939649e-10	2.74493543157356e-10
1.8e+07	1.9e+07	-2.91829180113809	0.754308278652023	-3.98930971274069
1.9e+07	2e+07	1.60727156352191	0.00741280082386893	-0.836901334347906
2e+07	2.1e+07	-7.5313118370291e-12	-1.38992641567974e-10	1.55939577195785e-10
2.1e+07	2.2e+07	-1.17352047028399e-10	7.22693650507121e-11	8.67421023770695e-10
2.2e+07	2.3e+07	-1.84036582002336e-10	-3.02449643739096e-10	2.00344312688816e-10
2.3e+07	2.4e+07	0.590919083601952	0.21690494255903	0.136484839891814
2.4e+07	2.5e+07	-1.98702054974089e-10	-6.36697538457332e-12	6.97533286682033e-10
2.5e+07	2.6e+07	-1.48670143736167e-10	-2.89138598919083e-10	8.85690207093499e-11
2.6e+07	2.7e+07	-0.769079035634936	-0.423167316023643	0.158861143372067
2.7e+07	2.8e+07	0.306713733625511	0.131793385790327	-0.132750917948636
2.8e+07	2.9e+07	-4.84225607519309e-05	-1.26011520523695e-06	5.61652954022844e-05
2.9e+07	3e+07	4.95340270791912e-05	2.85328711741877e-06	-5.5276255791497e-05
3e+07	3.1e+07	-9.73411320857371e-11	-1.12697952963417e-10	3.79965217432977e-10
3.1e+07	3.2e+07	-0.21083456695115	-0.236099503995721	-0.617984522595763
3.2e+07	3.3e+07	0.03934282205241	1.73696070823386	-0.937606055488421
3.3e+07	3.4e+07	0.120798659359235	-0.123849514076989	-0.158573823778314
3.4e+07	3.5e+07	0.140065631468236	-0.779657654535395	0.674649678690407
3.5e+07	3.6e+07	0.132922047029483	0.0652824987606442	0.171438035392405
3.6e+07	3.7e+07	-0.129900264919079	0.427403168931486	0.50469294657614
3.7e+07	3.8e+07	-0.63185354474182	0.528585549246913	0.193214488897225
3.8e+07	3.9e+07	-2.09438585069205	3.25543053409008	2.00362976081753
3.9e+07	4e+07	-3.57198289206997e-05	-0.000137073423743738	-0.000118715947058992
4e+07	4.1e+07	-3.33596922837249e-10	-1.33480092396641e-10	3.72060045031144e-10
4.1e+07	4.2e+07	-0.384512819303094	-1.38213584953388	-0.83102177169769
4.2e+07	4.3e+07	0.00265895165171756	0.177561044234723	0.324027443065619
4.3e+07	4.4e+07	-2.03603388667648e-10	-2.12309991330201e-10	4.4303006585593e-10
4.4e+07	4.5e+07	1.69745650394015	-0.183871631289737	3.89447071105287
4.5e+07	4.6e+07	0.235445774561223	-0.016799589032388	0.421136907819948
4.6e+07	4.7e+07	-0.211505232710609	0.442896504963628	-0.353896519136256
4.7e+07	4.8e+07	-2.69958750556849e-10	-2.5935113982769e-10	5.04353030880905e-10
4.8e+07	4.9e+07	0.181521074005437	0.164954046440093	0.801563567522913
4.9e+07	5e+07	0.483489191138332	-0.0244807872556903	0.341654775966475
5e+07	5.1e+07	-9.67910697977456e-11	-4.93699005135168e-10	1.99212725755313e-10
5.1e+07	5.2e+07	-3.62530990180439e-10	-4.307255320454e-11	6.4981828505944e-10
5.2e+07	5.3e+07	-0.8356405997946	-1.21242346279002	0.321259629174688
5.3e+07	5.4e+07	3.54679561655104e-07	-3.08070326645152e-08	-4.24197364690851e-07
5.4e+07	5.5e+07	-1.98530897467121e-10	-8.60149626326433e-12	3.73628766536449e-10
5.5e+07	5.6e+07	-1.8541333335939e-10	-6.29371440329214e-10	2.03582652425948e-10
5.6e+07	5.7e+07	0.0409242525366528	0.527326365095002	0.338996859044546
5.7e+07	5.8e+07	-2.59465255173718e-10	5.31308064296615e-11	6.96451563027487e-10
5.8e+07	5.9e+07	-1.42020101932487e-10	-4.55016493613622e-10	2.40340382598006e-10
5.9e+07	6e+07	-5.10862183491359e-09	-4.22722344301056e-09	-5.67480038549523e-09
6e+07	6.1e+07	5.3490024249295e-09	4.38995012625743e-09	7.82413568494356e-09
6.1e+07	6.2e+07	-1.58072194486535e-10	-4.80646570766043e-10	2.29341803201956e-10
6.2e+07	6.3e+07	-4.41780211558008e-10	1.84905499883421e-10	5.64696352623867e-10
6.3e+07	6.4e+07	2.45221183427059e-05	-1.50549845934886e-05	-1.99566188379327e-05
6.4e+07	6.5e+07	2.28518946408931e-05	-2.39661801803704e-06	2.35560450670132e-05
6.5e+07	6.6e+07	0.133580284413022	-0.0179185837512387	-0.0147736377944941
6.6e+07	6.7e+07	-2.51114265991002e-05	1.66372486092281e-05	-3.66187193654198e-05
6.7e+07	6.8e+07	-1.18127523544281e-10	-2.87842352525062e-10	3.5507440227609e-10
6.8e+07	6.9e+07	-0.133414209852529	0.0179947412709419	0.014791072956161
6.9e+07	7e+07	-7.62740531257307e-08	-2.61461427910913e-08	-7.10670995130414e-08
7e+07	7.1e+07	-0.00020661097139846	-9.24098334640233e-05	-2.97726681867587e-06
7.1e+07	7.2e+07	-1.19635463637962e-10	-3.72609262121049e-10	2.63790586337473e-10
7.2e+07	7.3e+07	1.83310295000804e-05	1.70946137241111e-05	1.86319266383048e-05
7.3e+07	7.4e+07	2.38726424877656e-11	8.31961625264991e-11	7.35874056126854e-10
7.4e+07	7.5e+07	-3.41338015170246e-10	-5.98438026071585e-10	5.23859669646905e-10
7.5e+07	7.6e+07	-3.98813933501768e-11	-5.54139955095944e-10	3.52696724458711e-10
7.6e+07	7.7e+07	3.34956118205266e-11	2.27533805078304e-11	7.6708216617919e-11
