0	1e+06	0.435559694052579	-0.330731725245576	-2.50640838632239
1e+06	2e+06	0.391897593585944	-0.372237896099714	-2.48819035068294
2e+06	3e+06	0.289331465407034	-0.469457859753518	-2.44556286369595
3e+06	4e+06	0.195242498705522	-0.558562146832005	-2.40648701670067
4e+06	5e+06	0.086330657803747	-0.657621997408745	-2.35849973338053
5e+06	6e+06	-0.013658802358439	-0.745798521673776	-2.31212854318579
6e+06	7e+06	-0.129330809677972	-0.846129096437631	-2.25739780349021
7e+06	8e+06	-0.237408375725106	-0.940679785810648	-2.20667419358782
8e+06	9e+06	-0.314930153115671	-1.04499645642864	-2.16049263723163
9e+06	1e+07	-0.370904166439468	-1.15354206567274	-2.11815465996393
1e+07	1.1e+07	-0.366765736609096	-1.27901580215483	-2.08509464524855
1.1e+07	1.2e+07	-0.340532649790111	-1.42854923400379	-2.05058071764632
1.2e+07	1.3e+07	-0.287997920013179	-1.59337450888118	-2.01810327698088
1.3e+07	1.4e+07	-0.249294268007183	-1.74830139039629	-1.98525212591337
1.4e+07	1.5e+07	-0.214788926930161	-1.89240058871571	-1.95470861645623
1.5e+07	1.6e+07	-0.178814892964378	-2.04432849195112	-1.92261264117743
1.6e+07	1.7e+07	-0.142605700525845	-2.19769183147808	-1.8899922342596
1.7e+07	1.8e+07	-0.105312181513434	-2.35404743113161	-1.85644814018565
1.8e+07	1.9e+07	-0.0679487129074709	-2.50926451099331	-1.82295375603841
1.9e+07	2e+07	-0.0310406187351902	-2.66308079481842	-1.78983262193433
2e+07	2.1e+07	0.0514297321650326	-2.76972278450135	-1.78607765727435
2.1e+07	2.2e+07	0.157820431506589	-2.83705376893313	-1.80209541194028
2.2e+07	2.3e+07	0.288621398580848	-2.87602785421699	-1.83466121188632
2.3e+07	2.4e+07	0.41632582908879	-2.92319856865339	-1.86377266015978
2.4e+07	2.5e+07	0.544743596558983	-2.96505031268302	-1.89471794291946
2.5e+07	2.6e+07	0.712296652860318	-3.0200181740132	-1.93550289755693
2.6e+07	2.7e+07	0.864102550817097	-3.06985309177869	-1.97265548792361
2.7e+07	2.8e+07	1.02183892349843	-3.12599979726656	-2.01478745667809
2.8e+07	2.9e+07	1.15332993225515	-3.17802388919331	-2.05422210202943
2.9e+07	3e+07	1.30336355057816	-3.24157551870816	-2.10246845763537
3e+07	3.1e+07	1.46367158869668	-3.30911322918317	-2.1538241544605
3.1e+07	3.2e+07	1.60693154405492	-3.36308610792476	-2.16870113987822
3.2e+07	3.3e+07	1.7440115008533	-3.40332869362478	-2.12570331216473
3.3e+07	3.4e+07	1.85704106251306	-3.42719659295977	-2.04346601556254
3.4e+07	3.5e+07	1.98732553691409	-3.45428577441624	-1.94821835954737
3.5e+07	3.6e+07	2.11044789090725	-3.47954862962845	-1.8587061257322
3.6e+07	3.7e+07	2.23548630549495	-3.50630239952033	-1.76711547352055
3.7e+07	3.8e+07	2.34498310518806	-3.5319083901317	-1.68639099491166
3.8e+07	3.9e+07	2.46490172374355	-3.56067621244852	-1.59810220917475
3.9e+07	4e+07	2.46664690488585	-3.48006241343123	-1.4055949681141
4e+07	4.1e+07	2.42071530833442	-3.36754072989813	-1.20217437521211
4.1e+07	4.2e+07	2.2959505607319	-3.20965037196207	-0.99068990289467
4.2e+07	4.3e+07	2.23692121214408	-3.12441333869705	-0.864846481960815
4.3e+07	4.4e+07	2.17661934214621	-3.03751352828114	-0.736075506390662
4.4e+07	4.5e+07	2.119627717335	-2.9551912240025	-0.613641868274071
4.5e+07	4.6e+07	2.03948233137569	-2.88923951982449	-0.476257947146127
4.6e+07	4.7e+07	2.01509970274452	-2.76315707743144	-0.360338682972395
4.7e+07	4.8e+07	1.98735024695897	-2.63240740021083	-0.280202162246924
4.8e+07	4.9e+07	2.03709726228329	-2.57679604001706	-0.365017026705188
4.9e+07	5e+07	2.01765771699859	-2.47055102766247	-0.446095089530252
5e+07	5.1e+07	2.01414931681403	-2.34514148896534	-0.558917884696322
5.1e+07	5.2e+07	1.96669595447963	-2.09425696023347	-0.5922880043207
5.2e+07	5.3e+07	1.94437135624845	-1.93927359816145	-0.662530456098587
5.3e+07	5.4e+07	1.92210167004222	-1.79588047589767	-0.716762754169217
5.4e+07	5.5e+07	1.90682319216825	-1.66913191341045	-0.767689920985208
5.5e+07	5.6e+07	1.89449577777594	-1.54324752566363	-0.820486866840192
5.6e+07	5.7e+07	1.90300026187022	-1.40899119424884	-0.844879383662273
5.7e+07	5.8e+07	1.92438025509285	-1.26219519241946	-0.837333291381954
5.8e+07	5.9e+07	1.95620397298281	-1.11250516453196	-0.805331913579766
5.9e+07	6e+07	1.98249456918353	-0.96398829692498	-0.786511412336222
6e+07	6.1e+07	2.00773671512838	-0.823102967053626	-0.767931979366713
6.1e+07	6.2e+07	2.03514768147215	-0.670590097890647	-0.747361884158593
6.2e+07	6.3e+07	2.06137746486524	-0.525154339964907	-0.727924690361652
6.3e+07	6.4e+07	2.09155414405756	-0.356684458568217	-0.706170658318056
6.4e+07	6.5e+07	2.11971805676052	-0.198804751597854	-0.685976385443618
6.5e+07	6.6e+07	2.09471115650996	-0.0826657585508299	-0.644786968514161
6.6e+07	6.7e+07	2.0080758067582	-0.0210785317649727	-0.58006277636214
6.7e+07	6.8e+07	1.86645913361382	0.0197502437646258	-0.488135529280759
6.8e+07	6.9e+07	1.72069188778353	0.0842397781204464	-0.388075734662015
6.9e+07	7e+07	1.58364315166919	0.146812867791907	-0.293609243073296
7e+07	7.1e+07	1.45703037749727	0.203583588294756	-0.206555479212
7.1e+07	7.2e+07	1.34513268608279	0.253354752346059	-0.129636150896407
7.2e+07	7.3e+07	1.22809828692337	0.305615849164667	-0.049289868772631
7.3e+07	7.4e+07	1.10884944700038	0.358714710673492	0.0324400233278622
7.4e+07	7.5e+07	0.938207500305727	0.433918079223943	0.148985821561783
7.5e+07	7.6e+07	0.774227975559963	0.506007768213025	0.260973204209394
7.6e+07	7.7e+07	0.609046164069265	0.578438200669712	0.373746204334143
7.7e+07	7.8e+07	0.492202218648327	0.629909839502415	0.453756047004451
7.8e+07	7.9e+07	0.36914467270727	0.683954236380714	0.537949512139934
7.9e+07	8e+07	0.223722050240999	0.747674051162465	0.637442682239908
8e+07	8.1e+07	0.07278030197522	0.813678370055333	0.740539810008737
8.1e+07	8.2e+07	-0.0691534047806741	0.875739119610769	0.837481188201581
8.2e+07	8.3e+07	-0.185007798389918	0.92601711147643	0.915735017081956
8.3e+07	8.4e+07	-0.306420032621998	0.978101101721941	0.996630725622003
8.4e+07	8.5e+07	-0.435195197049768	1.03309274961483	1.08155583965948
8.5e+07	8.6e+07	-0.569104205706458	1.09018664288973	1.16985309446944
8.6e+07	8.7e+07	-0.76121879762908	1.17237901130596	1.29638664010307
8.7e+07	8.8e+07	-0.933594411274487	1.24597712441738	1.40976991934832
8.8e+07	8.9e+07	-1.1133762657947	1.32277103345258	1.52747836198089
8.9e+07	9e+07	-1.21946949728115	1.36805296310753	1.59679579193585
9e+07	9.1e+07	-1.33803121805667	1.41872209267093	1.67450895572559
9.1e+07	9.2e+07	-1.44025399401855	1.46254211927164	1.74196100725911
9.2e+07	9.3e+07	-1.54958634233254	1.50942558746918	1.81427438541831
9.3e+07	9.4e+07	-1.66700877387123	1.55983041942671	1.89203085777829
9.4e+07	9.5e+07	-1.79326130611328	1.61401097704755	1.97583519961748
9.5e+07	9.6e+07	-1.92089402137717	1.66883173189792	2.06057271934557
9.6e+07	9.7e+07	-2.05350302107069	1.72589820295819	2.14882217700588
9.7e+07	9.8e+07	-2.18994995595236	1.78470095212979	2.23954136188836
9.8e+07	9.9e+07	-2.32410342059387	1.86231318727564	2.29174669590339
9.9e+07	1e+08	-2.45155461198032	1.95878587263591	2.29877952644569
1e+08	1.01e+08	-2.56674019712945	2.06654668583267	2.26671251488755
1.01e+08	1.02e+08	-2.67605826610607	2.16912056626063	2.23571423915155
1.02e+08	1.03e+08	-2.77902556863388	2.26482812646046	2.20812075372368
1.03e+08	1.04e+08	-2.92613439638391	2.40183860968689	2.16897947692121
1.04e+08	1.05e+08	-3.07977164715837	2.54520866692049	2.12814298499154
1.05e+08	1.06e+08	-3.24681016359615	2.70157921324919	2.08405292873595
1.06e+08	1.07e+08	-3.37014509053239	2.81733932818614	2.05164455523349
1.07e+08	1.08e+08	-3.43201970064838	2.92671038664136	2.01794906051814
1.08e+08	1.09e+08	-3.41711706838365	3.03841989003229	1.97861630304906
1.09e+08	1.1e+08	-3.34912691256204	3.17227355986051	1.92873776988025
1.1e+08	1.11e+08	-3.2524880311381	3.28832683130435	1.88472663700592
1.11e+08	1.12e+08	-3.13357554632287	3.3852786823181	1.84740336107099
1.12e+08	1.13e+08	-2.99217927247407	3.45321387656969	1.81933338080625
1.13e+08	1.14e+08	-2.85010691898524	3.53245670118694	1.78816350743718
1.14e+08	1.15e+08	-2.6990725343704	3.61071720810578	1.75786307049773
1.15e+08	1.16e+08	-2.54283910704619	3.64920604111914	1.74714871058503
1.16e+08	1.17e+08	-2.37899724374647	3.64219840688561	1.75809099002731
1.17e+08	1.18e+08	-2.22321749615603	3.59074765370391	1.78989331656298
1.18e+08	1.19e+08	-2.07483192073133	3.54184412664287	1.82002103575177
1.19e+08	1.2e+08	-1.92215379382361	3.49593504370031	1.84863062745517
1.2e+08	1.21e+08	-1.78168106170796	3.45570738776596	1.87386015187325
1.21e+08	1.22e+08	-1.62000626823756	3.41228937568839	1.90121358120002
1.22e+08	1.23e+08	-1.4837432395358	3.37650171450019	1.92377525767918
1.23e+08	1.24e+08	-1.3406957686613	3.33932086684901	1.94704364693055
1.24e+08	1.25e+08	-1.20073450994512	3.30269565391056	1.97015271139424
1.25e+08	1.26e+08	-1.04051521513829	3.26073895407059	1.99706811713417
1.26e+08	1.27e+08	-0.908774295489369	3.21284170394024	1.98045996042318
1.27e+08	1.28e+08	-0.779134722967344	3.15824884824961	1.94197029946696
1.28e+08	1.29e+08	-0.665774074544586	3.10229205045556	1.88500820440635
1.29e+08	1.3e+08	-0.562955685703053	3.08184829990362	1.9251226729825
1.3e+08	1.31e+08	-0.492575013448216	3.11037775531105	1.97419611361461
1.31e+08	1.32e+08	-0.420082831872289	3.18240365141583	2.04396998398128
1.32e+08	1.33e+08	-0.320416729690659	3.26000906882264	2.06440004091038
1.33e+08	1.34e+08	-0.260955793977917	3.29890204164482	2.08216854707266
