0	1e+06	4.20648967439245	0.465602694836842	0.186153229726067
1e+06	2e+06	4.18770757764201	0.445908233994028	0.18621488441699
2e+06	3e+06	4.1572905747781	0.414043795366765	0.18632880607287
3e+06	4e+06	4.12343506650237	0.378524222810624	0.186416331477645
4e+06	5e+06	4.10088436307995	0.35272122715043	0.194596864482548
5e+06	6e+06	4.08496183291332	0.328366151732185	0.224420845116973
6e+06	7e+06	4.06625547186937	0.309205558165169	0.259671022621528
7e+06	8e+06	4.0377505040305	0.285021230822811	0.306118705408747
8e+06	9e+06	4.00171405149467	0.260612571723744	0.343755537417469
9e+06	1e+07	3.97120656436906	0.23578970923791	0.386482925577001
1e+07	1.1e+07	3.9469740016873	0.2162841125716	0.420711189338098
1.1e+07	1.2e+07	3.92176677477123	0.196046352530333	0.456588212210191
1.2e+07	1.3e+07	3.87892365807757	0.161468055666837	0.518051536715671
1.3e+07	1.4e+07	3.84081099562425	0.127408368380588	0.559544742642165
1.4e+07	1.5e+07	3.80940319766826	0.0947723136964092	0.575057675992615
1.5e+07	1.6e+07	3.79760813560877	0.0722968594999606	0.53891709200644
1.6e+07	1.7e+07	3.78171434372722	0.042236728936591	0.490762159503612
1.7e+07	1.8e+07	3.7649747002777	0.011024081449099	0.441372665053015
1.8e+07	1.9e+07	3.74911342966722	-0.0188825007929349	0.393531786476468
1.9e+07	2e+07	3.73504683859525	-0.0428232017048681	0.352555852186942
2e+07	2.1e+07	3.71941355146947	-0.0679113175950298	0.307864523038309
2.1e+07	2.2e+07	3.70424599364423	-0.0904313217632301	0.26541165920954
2.2e+07	2.3e+07	3.6898953154962	-0.112359634171537	0.225008236295081
2.3e+07	2.4e+07	3.6756102016823	-0.134004166845267	0.184863580921108
2.4e+07	2.5e+07	3.66085563800002	-0.156287186222026	0.143525736311539
2.5e+07	2.6e+07	3.64602328572426	-0.178674702686934	0.10200795534494
2.6e+07	2.7e+07	3.63199169556129	-0.199845929910169	0.0628077400115948
2.7e+07	2.8e+07	3.61764952512998	-0.221631975335909	0.0225203307652792
2.8e+07	2.9e+07	3.60193783401779	-0.245610510352053	-0.0217785692858897
2.9e+07	3e+07	3.58702109152721	-0.268520095577964	-0.0640269695202639
3e+07	3.1e+07	3.56358195875444	-0.290118450953538	-0.0981556655171679
3.1e+07	3.2e+07	3.53184305237035	-0.310399981354374	-0.124320190998355
3.2e+07	3.3e+07	3.49222633290851	-0.330851196516859	-0.146285355647427
3.3e+07	3.4e+07	3.4508150834997	-0.355077642822124	-0.176539228620931
3.4e+07	3.5e+07	3.4126387322852	-0.377662962691965	-0.205487228227313
3.5e+07	3.6e+07	3.37405986305087	-0.400531614396426	-0.235195202199214
3.6e+07	3.7e+07	3.33628406178446	-0.42293021448694	-0.263956899902686
3.7e+07	3.8e+07	3.29676289369447	-0.446966132801379	-0.29554918455272
3.8e+07	3.9e+07	3.26139805013611	-0.469132029380362	-0.325417739893568
3.9e+07	4e+07	3.22795658842606	-0.48935916638999	-0.352139060737518
4e+07	4.1e+07	3.19284954345924	-0.51070930156487	-0.380411600917026
4.1e+07	4.2e+07	3.15433764737878	-0.534172815049834	-0.411449570525784
4.2e+07	4.3e+07	3.11732547225496	-0.556774230140745	-0.441327416442394
4.3e+07	4.4e+07	3.08441602694073	-0.576795231560119	-0.467806790730895
4.4e+07	4.5e+07	3.04923641389408	-0.598166786388332	-0.496125217523978
4.5e+07	4.6e+07	3.01286802231129	-0.620177777121344	-0.525327935825716
4.6e+07	4.7e+07	2.96990064608898	-0.646165341787948	-0.559817544398281
4.7e+07	4.8e+07	2.92909919437473	-0.670840300922918	-0.592549896044771
4.8e+07	4.9e+07	2.88462091871603	-0.697763194693559	-0.628267663125002
4.9e+07	5e+07	2.8481273297478	-0.719928184795582	-0.657578310471323
5e+07	5.1e+07	2.80788798322587	-0.744435346450748	-0.689848029080742
5.1e+07	5.2e+07	2.7712702098642	-0.766792514907972	-0.71909768053589
5.2e+07	5.3e+07	2.73310342671982	-0.7900945213637	-0.749565519742084
5.3e+07	5.4e+07	2.69691748675162	-0.812210876624196	-0.778401676983148
5.4e+07	5.5e+07	2.66225988549205	-0.83338095483358	-0.805963456046653
5.5e+07	5.6e+07	2.62328845545081	-0.85724717730182	-0.836982181590376
5.6e+07	5.7e+07	2.58775904972157	-0.878848234990291	-0.865192064110081
5.7e+07	5.8e+07	2.55298535702126	-0.899945930003016	-0.892819753831582
5.8e+07	5.9e+07	2.5160212587647	-0.922162848606428	-0.922066659751369
5.9e+07	6e+07	2.47988103389844	-0.930971081038894	-0.9420504663135
6e+07	6.1e+07	2.43881855088807	-0.923207744092854	-0.952926039899178
6.1e+07	6.2e+07	2.39998718043169	-0.898376846503836	-0.951750132284215
6.2e+07	6.3e+07	2.35521620749009	-0.873281114579816	-0.952822556143786
6.3e+07	6.4e+07	2.30906229223593	-0.850242290367579	-0.95597503331724
6.4e+07	6.5e+07	2.26146288592084	-0.825827039640172	-0.958765006502353
6.5e+07	6.6e+07	2.21532407709196	-0.801919322876079	-0.961413604796424
6.6e+07	6.7e+07	2.16900903938138	-0.777883861161719	-0.964142268216333
6.7e+07	6.8e+07	2.12557988220357	-0.752683076774758	-0.9690736959237
6.8e+07	6.9e+07	2.08041670750241	-0.723931624117222	-0.976365770372169
6.9e+07	7e+07	2.03678812550006	-0.711807701261594	-0.976991870198836
7e+07	7.1e+07	1.98891391926549	-0.710033956405633	-0.972101396775584
7.1e+07	7.2e+07	1.9395515574534	-0.719590654702527	-0.961706088618333
7.2e+07	7.3e+07	1.88753032145463	-0.721276817003309	-0.954805814484041
7.3e+07	7.4e+07	1.83876883653837	-0.724254769218957	-0.945155074146144
7.4e+07	7.5e+07	1.7931724548743	-0.728444409143984	-0.933219045314115
7.5e+07	7.6e+07	1.74775712514611	-0.734857748207684	-0.917693962877236
7.6e+07	7.7e+07	1.70392691428281	-0.740858763706014	-0.903192388569007
7.7e+07	7.8e+07	1.65906394954683	-0.747031519911878	-0.888373927692667
7.8e+07	7.9e+07	1.61585080345346	-0.753058635364401	-0.874102192581607
7.9e+07	8e+07	1.57103674853316	-0.759363118759177	-0.85926790522857
8e+07	8.1e+07	1.52704691736446	-0.765671743476799	-0.84470489734805
8.1e+07	8.2e+07	1.48459059938957	-0.771819338761536	-0.830593431349066
8.2e+07	8.3e+07	1.44288978545242	-0.777880421713603	-0.816777637846396
8.3e+07	8.4e+07	1.40096799827069	-0.783923519242356	-0.802778775292612
8.4e+07	8.5e+07	1.36062688919459	-0.789688147305688	-0.789250644013814
8.5e+07	8.6e+07	1.31559501132064	-0.796147767031787	-0.77405493636222
8.6e+07	8.7e+07	1.2654512085306	-0.803426261636308	-0.757224641331672
8.7e+07	8.8e+07	1.21661531356204	-0.810542184413548	-0.740868106560188
8.8e+07	8.9e+07	1.16512285083815	-0.818028425015298	-0.723775890595079
8.9e+07	9e+07	1.11773632318874	-0.824892483361725	-0.708171351909394
9e+07	9.1e+07	1.06583514333011	-0.832392142939918	-0.691211225837471
9.1e+07	9.2e+07	1.021360056339	-0.838858759332777	-0.676711697915763
9.2e+07	9.3e+07	0.977458878385257	-0.84524146198406	-0.662392708633109
9.3e+07	9.4e+07	0.932333482258473	-0.851811310602636	-0.647668730960372
9.4e+07	9.5e+07	0.884017835987626	-0.858833745044865	-0.631951662072495
9.5e+07	9.6e+07	0.829768895160877	-0.86672797369227	-0.61427345934785
9.6e+07	9.7e+07	0.777075790689731	-0.874380730011799	-0.597182969967201
9.7e+07	9.8e+07	0.730601176944564	-0.88119765394838	-0.582177263611293
9.8e+07	9.9e+07	0.685685059924964	-0.888124189403804	-0.568058678784488
9.9e+07	1e+08	0.635822615783876	-0.896100013328088	-0.552516442152878
1e+08	1.01e+08	0.5827028944282	-0.904678312527217	-0.535993634771804
1.01e+08	1.02e+08	0.532571668251394	-0.905594658504017	-0.515499199281306
1.02e+08	1.03e+08	0.490456041028891	-0.898814084378289	-0.493149597763164
1.03e+08	1.04e+08	0.446067503135546	-0.883731563749781	-0.464200383622025
1.04e+08	1.05e+08	0.405266418849747	-0.868828601939678	-0.436844084334038
1.05e+08	1.06e+08	0.364371800935638	-0.857358542612835	-0.410908851547742
1.06e+08	1.07e+08	0.326298942032584	-0.850429696234804	-0.388512633669407
1.07e+08	1.08e+08	0.288592334546701	-0.846312399313854	-0.367504672419007
1.08e+08	1.09e+08	0.234252534023382	-0.839328666668045	-0.336812129241907
1.09e+08	1.1e+08	0.178598267061341	-0.832062960548009	-0.305436370352986
1.1e+08	1.11e+08	0.12086761375333	-0.824489211145569	-0.272988258270473
1.11e+08	1.12e+08	0.0784857736547487	-0.818930685895234	-0.249344760777639
1.12e+08	1.13e+08	0.0360184829936804	-0.813299315340108	-0.225612259342746
1.13e+08	1.14e+08	-0.00485318338829679	-0.807876199241622	-0.20275885569343
1.14e+08	1.15e+08	-0.0446447447836183	-0.802578565125052	-0.180489919599088
1.15e+08	1.16e+08	-0.084485866221264	-0.797345955515885	-0.158229207637125
1.16e+08	1.17e+08	-0.126701300262497	-0.791787947836147	-0.134685606378784
1.17e+08	1.18e+08	-0.170594908607537	-0.786002360982897	-0.110147943303971
1.18e+08	1.19e+08	-0.212843688710924	-0.780340245862476	-0.0864758855810307
1.19e+08	1.2e+08	-0.254843831289379	-0.774690487521643	-0.0628109283274687
1.2e+08	1.21e+08	-0.295819727701526	-0.734089126821675	-0.0664631754467149
1.21e+08	1.22e+08	-0.527225071535577	-0.448234754419567	-0.129380718977702
1.22e+08	1.23e+08	-0.567000478306536	-0.372159011518331	-0.160988961658112
1.23e+08	1.24e+08	-0.587416604113114	-0.397236455704319	-0.128219388162418
1.24e+08	1.25e+08	-0.402572018209508	-0.680506455856455	-0.0362217316086273
1.25e+08	1.26e+08	-0.427308327727994	-0.789518566591655	0.0632872608641706
1.26e+08	1.27e+08	-0.453297916714576	-0.828549368872708	0.110143517739417
1.27e+08	1.28e+08	-0.481917533020719	-0.801321361879745	0.108233146627869
1.28e+08	1.29e+08	-0.500618789795102	-0.731897986040179	0.0675518528969164
1.29e+08	1.3e+08	-0.535555488987157	-0.662760158563425	0.0377296154006107
1.3e+08	1.31e+08	-0.58631149045263	-0.641268082072054	0.0545781161484793
1.31e+08	1.32e+08	-0.638523949959422	-0.620257749303652	0.0725993737938993
1.32e+08	1.33e+08	-0.692955213229533	-0.598835181851646	0.0917039534750409
1.33e+08	1.34e+08	-0.746659692535061	-0.578108060909414	0.110809302384425
1.34e+08	1.35e+08	-0.790479486692484	-0.559372302867246	0.124975723926327
1.35e+08	1.36e+08	-0.835198690537604	-0.540182130112915	0.139332210504717
1.36e+08	1.37e+08	-0.884809565547606	-0.518896737516054	0.15512746104863
1.37e+08	1.38e+08	-0.935445691650201	-0.497233890537785	0.171131131839423
1.38e+08	1.39e+08	-0.98502645122695	-0.476029645297814	0.186792793203243
1.39e+08	1.4e+08	-1.03466526599096	-0.454824404650993	0.202460170743759
1.4e+08	1.41e+08	-1.08525580399147	-0.433251212696509	0.218427643871828
1.41e+08	1.42e+08	-1.14137385871568	-0.409261263058964	0.236170178530082
1.42e+08	1.43e+08	-1.19361440873811	-0.386861488518556	0.252787223758589
1.43e+08	1.44e+08	-1.2399959490615	-0.366903523216896	0.267589432494873
1.44e+08	1.45e+08	-1.28310313461733	-0.339437760248912	0.276230468468054
1.45e+08	1.46e+08	-1.31979235714409	-0.310653424941794	0.280412795082647
1.46e+08	1.47e+08	-1.36073376732938	-0.27369211876491	0.282347525943249
1.47e+08	1.48e+08	-1.40251959945392	-0.238183542877386	0.285602101680369
1.48e+08	1.49e+08	-1.44196829902243	-0.204344643700478	0.288492550799531
1.49e+08	1.5e+08	-1.47984973530428	-0.171914902789453	0.291281451448725
1.5e+08	1.51e+08	-1.51511394811736	-0.141792415101127	0.293759670920881
1.51e+08	1.52e+08	-1.55568256997406	-0.107225508537149	0.296630367904816
1.52e+08	1.53e+08	-1.59257799099961	-0.0758535467405927	0.299212821014914
1.53e+08	1.54e+08	-1.62669315349571	-0.046882628578068	0.301659078402307
1.54e+08	1.55e+08	-1.66553302753806	-0.0139616679509051	0.304418992276084
1.55e+08	1.56e+08	-1.70682871649807	0.0211116065081529	0.307396604926749
1.56e+08	1.57e+08	-1.74905752661123	0.0570439374715143	0.31040670454528
1.57e+08	1.58e+08	-1.78793852773423	0.0902745429952904	0.313259577982463
1.58e+08	1.59e+08	-1.82695314215493	0.123576095572471	0.316098160789861
1.59e+08	1.6e+08	-1.86778849902368	0.158463912887224	0.31912409575223
1.6e+08	1.61e+08	-1.90508271184775	0.190304004518743	0.321851780299455
1.61e+08	1.62e+08	-1.94344748167907	0.223060973539971	0.324640469486308
1.62e+08	1.63e+08	-1.98080809471693	0.254916391218133	0.327362089195024
1.63e+08	1.64e+08	-2.0209324123487	0.289364203310655	0.330379215159693
1.64e+08	1.65e+08	-2.0609658741806	0.323848499910385	0.333519635703609
1.65e+08	1.66e+08	-2.10340485957382	0.360532844041151	0.336952590361635
1.66e+08	1.67e+08	-2.14612633589825	0.397411370880852	0.340441291330818
1.67e+08	1.68e+08	-2.18463006904892	0.430703422286055	0.343542126488134
1.68e+08	1.69e+08	-2.22128826478732	0.46242720929218	0.346530225487886
1.69e+08	1.7e+08	-2.25576567580772	0.49218500936015	0.349317951039842
1.7e+08	1.71e+08	-2.29292741414777	0.524204359178071	0.352378653385106
1.71e+08	1.72e+08	-2.32956800744425	0.555735240080751	0.355317284227285
1.72e+08	1.73e+08	-2.36589758221003	0.587026997045148	0.358236207586816
1.73e+08	1.74e+08	-2.40254558404459	0.618616109356268	0.361188625404075
1.74e+08	1.75e+08	-2.43639473256781	0.647855644507372	0.363976767219297
1.75e+08	1.76e+08	-2.47166406021436	0.678598307226937	0.366838860329794
1.76e+08	1.77e+08	-2.50894912211011	0.711387381931911	0.369861488554156
1.77e+08	1.78e+08	-2.54958223062445	0.747275622971434	0.373072297214225
1.78e+08	1.79e+08	-2.58548574933784	0.778928717142704	0.375882149300771
1.79e+08	1.8e+08	-2.62147557414619	0.810523576904964	0.378589762874575
1.8e+08	1.81e+08	-2.65972975140726	0.844055781497202	0.38138264169828
1.81e+08	1.82e+08	-2.70293477185752	0.881857057878371	0.38453768787747
1.82e+08	1.83e+08	-2.74594174491749	0.919532440940622	0.387696249222025
1.83e+08	1.84e+08	-2.78403526069841	0.952802354291488	0.390310455494371
1.84e+08	1.85e+08	-2.82059073502678	0.984841283354869	0.392626886548019
1.85e+08	1.86e+08	-2.859825758077	1.01918294197858	0.394916622321084
1.86e+08	1.87e+08	-2.89713588783252	1.05192740915311	0.397113317893283
1.87e+08	1.88e+08	-2.94361401770541	1.09287589124229	0.399815889894946
1.88e+08	1.89e+08	-2.98525980663264	1.12967715739965	0.402112621047416
1.89e+08	1.9e+08	-3.03382284710828	1.17259902796772	0.404792777137714
1.9e+08	1.91e+08	-3.07201753953516	1.20632294651359	0.40687551695716
1.91e+08	1.92e+08	-3.11029408999213	1.24013738822078	0.409009077371815
1.92e+08	1.93e+08	-3.14497918993859	1.27080008474405	0.410974703131697
1.93e+08	1.94e+08	-3.18222621293825	1.30353697185669	0.413224031439812
1.94e+08	1.95e+08	-3.2203962021711	1.33690797217509	0.415540438409061
1.95e+08	1.96e+08	-3.26106735442329	1.37244355132346	0.418012280877563
1.96e+08	1.97e+08	-3.29986597491628	1.40638486800434	0.420278829128618
1.97e+08	1.98e+08	-3.33982304802644	1.42727723452195	0.433410582067855
1.98e+08	1.99e+08	-3.37538243368879	1.43618188297097	0.452490755961921
1.99e+08	2e+08	-3.41965092622346	1.43877441465259	0.482689185282077
2e+08	2.01e+08	-3.46774906908947	1.44633329548806	0.511927255398705
2.01e+08	2.02e+08	-3.51389918999987	1.4541044575405	0.539574782522108
2.02e+08	2.03e+08	-3.55467186258424	1.46064345510782	0.564379122520561
2.03e+08	2.04e+08	-3.59496832357218	1.46702700804344	0.588874424749826
2.04e+08	2.05e+08	-3.63998837595599	1.47419172100935	0.616196012635899
2.05e+08	2.06e+08	-3.68447081744023	1.48114004881384	0.643049380164004
2.06e+08	2.07e+08	-3.72541345884359	1.4874890268255	0.667748967345974
2.07e+08	2.08e+08	-3.76667672644316	1.49384624338472	0.692556004631242
2.08e+08	2.09e+08	-3.80779723652868	1.50021711407756	0.717289133908012
2.09e+08	2.1e+08	-3.8465998324368	1.50614206460755	0.740556713743866
2.1e+08	2.11e+08	-3.88681997370611	1.51226291437453	0.76468086865257
2.11e+08	2.12e+08	-3.93050559238038	1.51869187558979	0.790782840019849
2.12e+08	2.13e+08	-3.97530994495013	1.5253316836176	0.81769565487367
2.13e+08	2.14e+08	-4.01895635339365	1.53179375245002	0.843958578061024
2.14e+08	2.15e+08	-4.05490151401582	1.53726801647849	0.865701412885314
2.15e+08	2.16e+08	-4.09425905560542	1.54330003395227	0.889401053156382
2.16e+08	2.17e+08	-4.1367756807391	1.54975845943097	0.915014602770895
2.17e+08	2.18e+08	-4.19009970942427	1.55782786176572	0.947090309640825
2.18e+08	2.19e+08	-4.23816054785771	1.56503445530573	0.976057723948394
2.19e+08	2.2e+08	-4.28184858513437	1.56993895255136	0.986200042854106
2.2e+08	2.21e+08	-4.32121612851408	1.5724870220267	0.976840768843614
2.21e+08	2.22e+08	-4.36185163014718	1.57373538422853	0.953687203461907
2.22e+08	2.23e+08	-4.40697762026778	1.57529206935889	0.929905784327959
2.23e+08	2.24e+08	-4.4465563422489	1.5764219926486	0.907288110544065
2.24e+08	2.25e+08	-4.49013526653348	1.57775544895027	0.883239207497718
2.25e+08	2.26e+08	-4.52687157065348	1.57885800844074	0.862388128210785
2.26e+08	2.27e+08	-4.56983889819213	1.58028383379408	0.837882315155023
2.27e+08	2.28e+08	-4.61425167084211	1.58182614081677	0.812506841748197
2.28e+08	2.29e+08	-4.65700319720154	1.58332023919674	0.788187766700827
2.29e+08	2.3e+08	-4.6785289965445	1.58404592172272	0.775992877780398
