0	1e+06	-0.0533525069212685	0.0149843603001462	0.113085806165429
1e+06	2e+06	-0.334184871012423	-0.0276070503884254	-0.0743145948114292
2e+06	3e+06	-0.134867536499233	0.0373720803303912	0.0079460324790193
3e+06	4e+06	-0.54255524965111	-0.147907350245431	-0.197064989523108
4e+06	5e+06	-0.334184871043881	-0.0276070503110639	-0.0743145947701985
5e+06	6e+06	-0.533502205524873	-0.0925861810386252	-0.156575222087711
6e+06	7e+06	-0.313036068620052	0.064298975801655	-0.0764978007693353
7e+06	8e+06	-0.334184871257142	-0.0276070501767795	-0.0743145949199742
8e+06	9e+06	-0.334184871446765	-0.0276070500869679	-0.0743145949354157
9e+06	1e+07	-0.334184871636041	-0.027607050239065	-0.0743145947672091
1e+07	1.1e+07	-0.334184871580413	-0.0276070505574116	-0.0743145947162841
1.1e+07	1.2e+07	-0.334184871515291	-0.0276070506605669	-0.0743145945487695
1.2e+07	1.3e+07	-0.334184871353447	-0.0276070503132095	-0.0743145946757593
1.3e+07	1.4e+07	6.99366306764123	7.24517609037434	35.1424971923888
1.4e+07	1.5e+07	-21.2885399517486	9.16486266770435	7.66961376061098
1.5e+07	1.6e+07	-0.334184871586182	-0.0276070498467491	-0.0743145945817092
1.6e+07	1.7e+07	-19.6366777186706	-3.21171343457508	-35.4489227543966
1.7e+07	1.8e+07	20.6201702085478	-9.22007676732468	-7.81824294976022
1.8e+07	1.9e+07	-0.334184871601286	-0.0276070498132179	-0.0743145945691452
1.9e+07	2e+07	11.6404601273727	-4.11628390354177	0.0834817157942974
2e+07	2.1e+07	-0.334184871548233	-0.0276070498258035	-0.0743145941239522
2.1e+07	2.2e+07	-0.334178077277758	-0.0276073197212372	-0.0743178890334201
2.2e+07	2.3e+07	-0.334178070150016	-0.0276065726960383	-0.0743168799293299
2.3e+07	2.4e+07	-0.334178062161392	-0.0276068591359718	-0.0743168803379531
2.4e+07	2.5e+07	276.004103248779	-434.745327283952	-510.820861945484
2.5e+07	2.6e+07	-0.334184839975017	-0.0276066992608851	-0.0743140909203457
2.6e+07	2.7e+07	-0.33418482193463	-0.0276066585045463	-0.07431410363998
2.7e+07	2.8e+07	-276.672473085987	434.690115658189	510.672233979356
2.8e+07	2.9e+07	-0.334185087953558	-0.0276075395645011	-0.0743144412957704
2.9e+07	3e+07	-0.334182127687227	-0.0276060469166362	-0.0743148344178756
3e+07	3.1e+07	-0.334190055769237	-0.0276144846330558	-0.0743120009806343
3.1e+07	3.2e+07	-0.334191994428316	-0.0276101775438041	-0.0743161146078637
3.2e+07	3.3e+07	-0.334193102852085	-0.0276141917187868	-0.0743119359800731
3.3e+07	3.4e+07	-0.334185088347493	-0.0276075390696182	-0.0743144414328547
3.4e+07	3.5e+07	-0.33418322920867	-0.027610044982862	-0.0743106575944256
3.5e+07	3.6e+07	-0.334185088302398	-0.0276075388766867	-0.0743144421553151
3.6e+07	3.7e+07	-0.319850085284969	-0.0113704950216926	-0.0775625849964245
3.7e+07	3.8e+07	-0.33418508811589	-0.0276075388333984	-0.0743144421802464
3.8e+07	3.9e+07	-0.334185284679713	-0.0276082429833859	-0.0743142713692931
3.9e+07	4e+07	-0.348520736787818	-0.043845502998858	-0.0710661014776471
4e+07	4.1e+07	-0.334177727146834	-0.0275863849298087	-0.0743188333075803
4.1e+07	4.2e+07	-0.334182729160747	-0.0275990893116592	-0.0743164909739735
4.2e+07	4.3e+07	-0.337863774436757	-0.0264861966381892	-0.0699129366717391
4.3e+07	4.4e+07	-0.290147598968099	-0.0672862260683116	-0.0955835126406307
4.4e+07	4.5e+07	-0.334197102407564	-0.0276380153708285	-0.0743088549224745
4.5e+07	4.6e+07	-0.269331478391928	-0.102966236589771	-0.103718318931891
4.6e+07	4.7e+07	0.407998175430168	-6.3663276424805	-0.407644353341894
4.7e+07	4.8e+07	-0.334833489351629	-0.0339640943851721	-0.0714018837514982
4.8e+07	4.9e+07	-0.395419507439061	0.0465689696227641	-0.0492544063289473
4.9e+07	5e+07	-1.11949852418205	6.3518861777457	0.28133868305151
5e+07	5.1e+07	-0.332572941096453	-0.0182240769297875	-0.0781483000521345
5.1e+07	5.2e+07	-0.334160532416407	-0.0276383795260471	-0.0743561305664564
5.2e+07	5.3e+07	-0.335748771124232	-0.0291322522127776	-0.0755784675247493
5.3e+07	5.4e+07	-0.33518524950442	-0.0307250598587933	-0.0733767512277988
5.4e+07	5.5e+07	-0.334200235461142	-0.0276385717592377	-0.074308587298037
5.5e+07	5.6e+07	-0.333574640931251	-0.0273291991932691	-0.0740715045014894
5.6e+07	5.7e+07	-0.334191520492837	-0.0276364484807641	-0.0743094726453141
5.7e+07	5.8e+07	-0.334180764529459	-0.0276338958936209	-0.0743064323799066
5.8e+07	5.9e+07	-0.334203515222011	-0.0276387748736796	-0.0743147217648941
5.9e+07	6e+07	-0.334191517844218	-0.0276364499729674	-0.0743094710719949
6e+07	6.1e+07	-0.334199916212181	-0.0276384270605358	-0.0743126224826041
6.1e+07	6.2e+07	-0.334191485226573	-0.0276365317337145	-0.074309312754599
6.2e+07	6.3e+07	-0.334191485100966	-0.027636531463676	-0.0743093127848333
6.3e+07	6.4e+07	-0.33419152099921	-0.0276364480154444	-0.0743094739307626
6.4e+07	6.5e+07	-0.334191520899991	-0.0276364477673738	-0.0743094738454392
6.5e+07	6.6e+07	-0.334191521157749	-0.0276364482858323	-0.0743094738216231
6.6e+07	6.7e+07	-0.33419152131121	-0.0276364484399317	-0.0743094736675109
6.7e+07	6.8e+07	-0.334191520958032	-0.0276364478442616	-0.0743094740901986
6.8e+07	6.9e+07	-0.334191521064431	-0.0276364482533832	-0.0743094738111097
6.9e+07	7e+07	-0.334191520886541	-0.0276364481318715	-0.0743094738892043
7e+07	7.1e+07	-0.334191520521674	-0.0276364475531586	-0.0743094691653098
7.1e+07	7.2e+07	-1.25475206109835	0.540762419823825	5.03214008410771
7.2e+07	7.3e+07	-0.334196016501625	-0.0276454884253102	-0.0743178305465596
7.3e+07	7.4e+07	-0.334191519323794	-0.0276364454489071	-0.0743094629930487
7.4e+07	7.5e+07	0.586351032743629	-0.596071484050376	-5.18079248683659
7.5e+07	7.6e+07	-0.334222071664929	-0.0276973937304081	-0.0743657724389377
7.6e+07	7.7e+07	-0.334245487218063	-0.0277449645037387	-0.0744098837633675
7.7e+07	7.8e+07	-0.334245487788876	-0.0277449643698295	-0.0744098843486934
7.8e+07	7.9e+07	-0.334246417452126	-0.0277473167306551	-0.0744121601772317
7.9e+07	8e+07	-0.33424548777263	-0.027744964410865	-0.0744098826678759
8e+07	8.1e+07	-0.334245487170842	-0.0277449648992139	-0.0744098808463489
