0	1e+06	-3.03151429027884	1.10163989188996	-2.68312300371908
1e+06	2e+06	-2.96221967504543	1.15741910949853	-2.60987741972962
2e+06	3e+06	-2.82356651555804	1.26881275313006	-2.46343628836095
3e+06	4e+06	-2.67802533272468	1.38549740881292	-2.30990705303398
4e+06	5e+06	-2.53552347755973	1.49949766457114	-2.15934546544343
5e+06	6e+06	-2.38416958570829	1.62020430322363	-1.99932717813822
6e+06	7e+06	-2.22708456534582	1.74495094802972	-1.83308113412874
7e+06	8e+06	-2.05311875214521	1.88296173646146	-1.64916881815466
8e+06	9e+06	-1.8637825161826	2.03326211097907	-1.44896207851258
9e+06	1e+07	-1.69665288124568	2.1355249957097	-1.18661729996813
1e+07	1.1e+07	-1.55668530481733	2.19406813609416	-0.893146886644581
1.1e+07	1.2e+07	-1.4647711148026	2.20015093887443	-0.611467408073366
1.2e+07	1.3e+07	-1.35808268557538	2.2191779996584	-0.321865503635941
1.3e+07	1.4e+07	-1.26331378656094	2.2365305713944	-0.0655503813482655
1.4e+07	1.5e+07	-1.16225968368535	2.25387235794787	0.209332747938173
1.5e+07	1.6e+07	-1.08356652361934	2.26753497506344	0.422431320603538
1.6e+07	1.7e+07	-1.00070707349539	2.28122977743131	0.644343362489813
1.7e+07	1.8e+07	-0.914116657658353	2.29494877550661	0.874075014132457
1.8e+07	1.9e+07	-0.816446635304071	2.30981981864828	1.13214399268549
1.9e+07	2e+07	-0.702600265085411	2.32727563777126	1.4323066980177
2e+07	2.1e+07	-0.602475807472707	2.3426242449787	1.69554607309327
2.1e+07	2.2e+07	-0.48321657012978	2.32271487149133	1.89910562514746
2.2e+07	2.3e+07	-0.393361709352853	2.31022269808284	2.0579054307386
2.3e+07	2.4e+07	-0.283565690308199	2.27596531791641	2.1973253842425
2.4e+07	2.5e+07	0.0125222042517876	2.06769001895452	2.22099637758474
2.5e+07	2.6e+07	0.253886334585859	1.81451897852447	2.11961889823108
2.6e+07	2.7e+07	0.439629565206223	1.54462782202412	1.92663499610044
2.7e+07	2.8e+07	0.368788686534032	1.41881209429723	1.73420955143073
2.8e+07	2.9e+07	0.305406519123116	1.27559872912329	1.66480289435416
2.9e+07	3e+07	0.281599460472364	1.11865379317299	1.66710261646404
3e+07	3.1e+07	0.296878057703389	0.934149023369432	1.69480311871893
3.1e+07	3.2e+07	0.364264834646078	0.746777799801668	1.61692947562252
3.2e+07	3.3e+07	0.442445223770614	0.502492098958881	1.46297524126399
3.3e+07	3.4e+07	0.52243756383013	0.270683597837211	1.32091620772825
3.4e+07	3.5e+07	0.608881775351131	0.0148351370179318	1.1724304542058
3.5e+07	3.6e+07	0.684553208448578	-0.20362588142855	1.04375251371266
3.6e+07	3.7e+07	0.762279001941235	-0.424021980227961	0.912743625608471
3.7e+07	3.8e+07	0.840076968597857	-0.640795010654766	0.783347285764948
3.8e+07	3.9e+07	0.917819815644831	-0.857930790856938	0.65404138951738
3.9e+07	4e+07	0.992380313032579	-1.06538813766003	0.530570133882853
4e+07	4.1e+07	1.06903179681221	-1.27790959306648	0.404227554026938
4.1e+07	4.2e+07	1.14864993132542	-1.49900410400263	0.272935756709132
4.2e+07	4.3e+07	1.23621925300425	-1.74084531563601	0.128810191085029
4.3e+07	4.4e+07	1.32667921974341	-1.98836936139991	-0.019137409147675
4.4e+07	4.5e+07	1.41596963480192	-2.23007118379923	-0.16404951901062
4.5e+07	4.6e+07	1.49624955615879	-2.4468503723139	-0.29408958290144
4.6e+07	4.7e+07	1.57342091474864	-2.65520812789519	-0.418876090856288
4.7e+07	4.8e+07	1.65188120057043	-2.86689538948424	-0.545684116153972
4.8e+07	4.9e+07	1.73314022355283	-3.08667438957147	-0.677112749242874
4.9e+07	5e+07	1.82172909537525	-3.32634462745114	-0.82066781510834
5e+07	5.1e+07	1.90218212808671	-3.54425609914785	-0.951173544817843
5.1e+07	5.2e+07	1.98063763621087	-3.75526190444676	-1.07781391993369
5.2e+07	5.3e+07	2.05651906780485	-3.95800076621081	-1.19949291924607
5.3e+07	5.4e+07	2.06543337155216	-4.15369139942893	-1.32546460964954
5.4e+07	5.5e+07	1.96410512049205	-4.3056075576375	-1.43696528445738
5.5e+07	5.6e+07	1.771155789678	-4.3930483866129	-1.51861107521089
5.6e+07	5.7e+07	1.56249548659513	-4.4604767350603	-1.58923499619193
5.7e+07	5.8e+07	1.47147814000928	-4.49446902225389	-1.623114380281
