0	1e+06	-3.99822630102175	-1.65621679785171	-2.50422290627886
1e+06	2e+06	-3.9814440944107	-1.61316476077084	-2.47152016580615
2e+06	3e+06	-3.94653540622582	-1.52367890752273	-2.40357861468008
3e+06	4e+06	-3.908529327215	-1.42590264963801	-2.3293486153296
4e+06	5e+06	-3.88837506830381	-1.36547777883844	-2.23581495263797
5e+06	6e+06	-3.88004491828654	-1.3268557238022	-2.10905620560103
6e+06	7e+06	-3.88367483758414	-1.31289038628774	-1.96314102418152
7e+06	8e+06	-3.8808505351688	-1.28333592758545	-1.81050483344498
8e+06	9e+06	-3.87905834671099	-1.2595737357939	-1.68081322985397
9e+06	1e+07	-3.87732157614518	-1.23549825634057	-1.54882953301898
1e+07	1.1e+07	-3.87559275732411	-1.21276540830638	-1.42443971620951
1.1e+07	1.2e+07	-3.87392008459877	-1.19075558372517	-1.3043727344773
1.2e+07	1.3e+07	-3.87194053772296	-1.16572516125476	-1.16811364511709
1.3e+07	1.4e+07	-3.86966658317573	-1.13945033921987	-1.02461261931441
1.4e+07	1.5e+07	-3.86717958991405	-1.11131819372754	-0.87093276443161
1.5e+07	1.6e+07	-3.86501574853592	-1.08564841454665	-0.730161076157831
1.6e+07	1.7e+07	-3.86333075133581	-1.06251634702487	-0.603444748937208
1.7e+07	1.8e+07	-3.86171287246404	-1.03780936792331	-0.468680237661128
1.8e+07	1.9e+07	-3.86034778422107	-1.01491568841733	-0.343435944638017
1.9e+07	2e+07	-3.85911402520804	-0.992172692910324	-0.218098487661981
2e+07	2.1e+07	-3.84047347069577	-0.952477996225089	-0.0989673484702431
2.1e+07	2.2e+07	-3.81090258659718	-0.902159465810183	0.0155308917412772
2.2e+07	2.3e+07	-3.7675861389578	-0.836000302938287	0.138347285242747
2.3e+07	2.4e+07	-3.73276454659438	-0.781158914960569	0.246801252497048
2.4e+07	2.5e+07	-3.69555028508187	-0.722827404082769	0.361620939653572
2.5e+07	2.6e+07	-3.65981574931621	-0.667392143826364	0.470725085282165
2.6e+07	2.7e+07	-3.62069299453017	-0.606947466531183	0.589517722653278
2.7e+07	2.8e+07	-3.58028839903886	-0.544986680463292	0.711996139639326
2.8e+07	2.9e+07	-3.53874037719143	-0.48159832523637	0.837788143120385
2.9e+07	3e+07	-3.49973557106029	-0.422580332399795	0.955272355007118
3e+07	3.1e+07	-3.45477282241094	-0.360126353084455	1.07623146866911
3.1e+07	3.2e+07	-3.41323202973542	-0.305090338200207	1.1808928121421
3.2e+07	3.3e+07	-3.36081930599264	-0.250895187287569	1.30784627843643
3.3e+07	3.4e+07	-3.30159771540519	-0.206908584506845	1.4017231993516
3.4e+07	3.5e+07	-3.15838115176385	-0.110436446252695	1.60887215058177
3.5e+07	3.6e+07	-3.06028425434102	-0.0455386136477041	1.72875760748265
3.6e+07	3.7e+07	-2.98226338939703	-0.0161615685461162	1.80397209713564
3.7e+07	3.8e+07	-2.95667955959536	-0.0763304009682471	1.71568106460369
3.8e+07	3.9e+07	-2.86072196644094	-0.145174282051604	1.635674375054
3.9e+07	4e+07	-2.74570290566527	-0.214083615325443	1.56156656175396
4e+07	4.1e+07	-2.63218994644449	-0.261267605413941	1.52017009871218
4.1e+07	4.2e+07	-2.51210415363847	-0.293404960131299	1.50431040021036
4.2e+07	4.3e+07	-2.3758712574854	-0.313867297838132	1.51205831967795
4.3e+07	4.4e+07	-2.23284212823542	-0.341162697898291	1.51283924653151
4.4e+07	4.5e+07	-2.10811949841919	-0.364426667274875	1.51419854847711
4.5e+07	4.6e+07	-1.9654686374871	-0.391123006398828	1.51531247005645
4.6e+07	4.7e+07	-1.80420256880562	-0.420968195606236	1.51691900867041
4.7e+07	4.8e+07	-1.63215572677775	-0.452812863247654	1.51864463955778
4.8e+07	4.9e+07	-1.48172818816622	-0.480757780568186	1.52028855126664
4.9e+07	5e+07	-1.33703237680698	-0.507779226193962	1.52171807739493
5e+07	5.1e+07	-1.20087659644835	-0.533147795496547	1.5230424096092
5.1e+07	5.2e+07	-1.04958957377002	-0.561192695225633	1.52425341676815
5.2e+07	5.3e+07	-0.884829118734233	-0.591410105001993	1.52556924227476
5.3e+07	5.4e+07	-0.728955372322853	-0.617598762398552	1.47156688937514
5.4e+07	5.5e+07	-0.600286948412322	-0.637186727002139	1.37687216004775
5.5e+07	5.6e+07	-0.504890363728188	-0.648985167214453	1.23649194623758
5.6e+07	5.7e+07	-0.400954913611763	-0.663095448444887	1.10962669228884
5.7e+07	5.8e+07	-0.294022797945051	-0.677951961441605	0.988375492669424
5.8e+07	5.9e+07	-0.196099921389759	-0.691518983365295	0.876108001557065
5.9e+07	6e+07	-0.107042873169197	-0.660692108799908	0.816902452186646
6e+07	6.1e+07	-0.0197714711472938	-0.594573518493631	0.795080335899751
6.1e+07	6.2e+07	0.0851252037794646	-0.476119115316669	0.808320937963548
6.2e+07	6.3e+07	0.195885995222186	-0.363224839472967	0.809791366055179
6.3e+07	6.4e+07	0.306808673905348	-0.252525198825202	0.808908484551796
6.4e+07	6.5e+07	0.403038364215804	-0.155109502466661	0.809147665256606
6.5e+07	6.6e+07	0.494578753490723	-0.0619926600309621	0.809684371957482
6.6e+07	6.7e+07	0.587704289356649	0.0327422840538941	0.810052431182915
6.7e+07	6.8e+07	0.687842372915965	0.13428678463192	0.810492552653689
6.8e+07	6.9e+07	0.792764407842377	0.240413180481531	0.810809369180973
6.9e+07	7e+07	0.902589243398804	0.351477046707476	0.811007196970943
7e+07	7.1e+07	1.00889635934684	0.458896708535637	0.811220505486098
7.1e+07	7.2e+07	1.06609303322626	0.553787771499847	0.781797145636216
7.2e+07	7.3e+07	1.08330133973692	0.662107086380034	0.70774875501806
7.3e+07	7.4e+07	1.06096130112261	0.762048067249239	0.607742000461271
7.4e+07	7.5e+07	1.03216130601429	0.863869948873583	0.499709806682143
7.5e+07	7.6e+07	0.985974555526695	0.940725055876477	0.397808474047621
7.6e+07	7.7e+07	0.923481480004795	1.0083305553994	0.289592291237897
7.7e+07	7.8e+07	0.864249631844494	1.07354942293953	0.185965959767944
7.8e+07	7.9e+07	0.810832046112043	1.13325604120387	0.0916591991253048
7.9e+07	8e+07	0.745756498029947	1.20522702663242	-0.0218215636201218
8e+07	8.1e+07	0.680666155665656	1.27664761060654	-0.13435781709483
8.1e+07	8.2e+07	0.65273043693053	1.34838706699611	-0.242342536205544
8.2e+07	8.3e+07	0.687741522154189	1.41972639355766	-0.341712365001536
8.3e+07	8.4e+07	0.760661170465721	1.49156391297543	-0.437158503717823
8.4e+07	8.5e+07	0.835281497424511	1.56953377657598	-0.54088880004861
8.5e+07	8.6e+07	0.915742699590969	1.61143451696916	-0.627395594670039
8.6e+07	8.7e+07	1.01116313316625	1.63498526776531	-0.712321299778487
8.7e+07	8.8e+07	1.11438595401815	1.63620183313085	-0.7877582047239
8.8e+07	8.9e+07	1.21663117072577	1.60454574322358	-0.824094361677941
8.9e+07	9e+07	1.3271228331576	1.5472861398226	-0.838594707572275
9e+07	9.1e+07	1.44837420204181	1.4655066094142	-0.834404951394848
9.1e+07	9.2e+07	1.56760901471471	1.40057590224582	-0.847655420656425
9.2e+07	9.3e+07	1.67995453091792	1.33888061448461	-0.859572180156005
9.3e+07	9.4e+07	1.79938721873022	1.27266573973512	-0.871524875202176
9.4e+07	9.5e+07	1.93352690018892	1.19845333622755	-0.884629421388826
9.5e+07	9.6e+07	2.06361069458419	1.12667807810201	-0.897413197545779
9.6e+07	9.7e+07	2.18938023492417	1.05737644585157	-0.9097784448619
9.7e+07	9.8e+07	2.30304081955828	0.994993927355133	-0.920956028429547
9.8e+07	9.9e+07	2.42749402424999	0.926993671467889	-0.932994374892496
9.9e+07	1e+08	2.55813999160461	0.856023922411739	-0.945354047728112
1e+08	1.01e+08	2.67913657779545	0.790452092818737	-0.95672132573979
1.01e+08	1.02e+08	2.81446830951449	0.717090881314353	-0.969561072452653
1.02e+08	1.03e+08	2.92757863513752	0.655727905201899	-0.980471316107614
1.03e+08	1.04e+08	3.05547710500682	0.586160289863973	-0.992916543724457
1.04e+08	1.05e+08	3.16105213273664	0.528631757097546	-1.00334208191463
1.05e+08	1.06e+08	3.28689385719424	0.459910237581947	-1.01588296815163
1.06e+08	1.07e+08	3.40250149273862	0.396690797196179	-1.02760296385079
1.07e+08	1.08e+08	3.53010626413871	0.326638594941902	-1.04056952458488
1.08e+08	1.09e+08	3.64262836824491	0.264639367151691	-1.05201912433141
1.09e+08	1.1e+08	3.76375366477731	0.197700478245506	-1.06436655449924
1.1e+08	1.11e+08	3.89258774616035	0.126656452046066	-1.07779097505627
1.11e+08	1.12e+08	4.03427467593882	0.0487043429831752	-1.09278024128443
1.12e+08	1.13e+08	4.18330837495692	-0.0329867656719706	-1.10874800002891
1.13e+08	1.14e+08	4.30000574861212	-0.0869083844823996	-1.08794794269907
1.14e+08	1.15e+08	4.38702021225473	-0.114138597264066	-1.0289954356665
1.15e+08	1.16e+08	4.43588815407783	-0.105884446221782	-0.916682964112044
1.16e+08	1.17e+08	4.43598078810562	-0.0747278917326234	-0.811480624674266
1.17e+08	1.18e+08	4.41935189575087	-0.0239671806998677	-0.67050252633508
1.18e+08	1.19e+08	4.38680611610499	0.0352390749276075	-0.528913415558785
1.19e+08	1.2e+08	4.37749571125911	0.0860628989236948	-0.37553172082908
1.2e+08	1.21e+08	4.36409774034293	0.131175624421824	-0.246938554004592
1.21e+08	1.22e+08	4.35114609257858	0.173398187976526	-0.127291134328791
1.22e+08	1.23e+08	4.33833637820096	0.215093944260852	-0.00892342958516054
1.23e+08	1.24e+08	4.32097351991268	0.272028832127414	0.152772260083485
1.24e+08	1.25e+08	4.30468344362482	0.325771807680991	0.305639171423761
1.25e+08	1.26e+08	4.3308171952052	0.370052322754437	0.432259536465542
1.26e+08	1.27e+08	4.41100065666873	0.390029982881182	0.490755777334458
1.27e+08	1.28e+08	4.48838533667834	0.419470477156712	0.492251131141063
1.28e+08	1.29e+08	4.56562462608027	0.482963589982192	0.470752379937219
1.29e+08	1.3e+08	4.62511829351958	0.566227720363603	0.417769939579071
1.3e+08	1.31e+08	4.71725823867946	0.655874950625245	0.378186217244281
1.31e+08	1.32e+08	4.75747438642653	0.695484599564825	0.359787783834656
