0	1e+06	-1.13922050229642	4.11964657066874	2.59435710339281
1e+06	2e+06	-1.10783981279735	4.04633584191621	2.56344021963748
2e+06	3e+06	-1.03790225151967	3.88275633155437	2.49448587173473
3e+06	4e+06	-0.976299176790838	3.73847280229925	2.43380674766509
4e+06	5e+06	-0.907461241258211	3.57687586730515	2.36616347019851
5e+06	6e+06	-0.837997294050633	3.41292761881808	2.29782557447001
6e+06	7e+06	-0.755815661283217	3.21906846117701	2.21719312250577
7e+06	8e+06	-0.678783176835017	3.03753214887183	2.14191011908175
8e+06	9e+06	-0.608858237841539	2.87325936768629	2.07403098233281
9e+06	1e+07	-0.550469452855968	2.73597234881128	2.0176628137044
1e+07	1.1e+07	-0.479839994423525	2.56997087782327	1.95027693170077
1.1e+07	1.2e+07	-0.410755321254335	2.40812891409048	1.88502335829901
1.2e+07	1.3e+07	-0.325383409346886	2.20898447629849	1.80562461766
1.3e+07	1.4e+07	-0.248223066820301	2.02958038755027	1.73434382301426
1.4e+07	1.5e+07	-0.169897949141713	1.84777947849515	1.66223360059943
1.5e+07	1.6e+07	-0.107336011938069	1.70293842691885	1.60472716746326
1.6e+07	1.7e+07	-0.0423612396794242	1.55512383038029	1.54531344916985
1.7e+07	1.8e+07	0.0300401990749777	1.39168916418949	1.47911400815782
1.8e+07	1.9e+07	0.107906231011957	1.21672373340045	1.40750406965793
1.9e+07	2e+07	0.201347302525005	1.09119333417342	1.32268631536004
2e+07	2.1e+07	0.318444805138314	0.99284616048725	1.21744741524873
2.1e+07	2.2e+07	0.444212975946268	0.928848859810127	1.10542982576867
2.2e+07	2.3e+07	0.577346600148449	0.843878910766488	0.986900622512914
2.3e+07	2.4e+07	0.701376287735231	0.7651916499968	0.876586032334736
2.4e+07	2.5e+07	0.829796002426553	0.68425145887213	0.762481413211588
2.5e+07	2.6e+07	0.948050044802199	0.61007947524744	0.657445760920578
2.6e+07	2.7e+07	1.07946727192035	0.527983870865448	0.540816379273794
2.7e+07	2.8e+07	1.23123801756167	0.433641842522469	0.406265111690623
2.8e+07	2.9e+07	1.38177487459055	0.34037918568468	0.272803748856389
2.9e+07	3e+07	1.51254651736401	0.259389866601924	0.156563046587841
3e+07	3.1e+07	1.63252961891434	0.18508062208674	0.0491908313866614
3.1e+07	3.2e+07	1.74380383762549	0.115933617253432	-0.0509009300118529
3.2e+07	3.3e+07	1.86258638664647	0.0420097655792844	-0.157942422390733
3.3e+07	3.4e+07	2.01517119591486	-0.0528112991974011	-0.295408729815493
3.4e+07	3.5e+07	2.20004045377519	-0.167754662730206	-0.462228586042149
3.5e+07	3.6e+07	2.38185768132736	-0.280524854645054	-0.626386524297108
3.6e+07	3.7e+07	2.51490834652923	-0.310212568125137	-0.759146882632779
3.7e+07	3.8e+07	2.55853251683401	-0.301934906662381	-0.888216748255044
3.8e+07	3.9e+07	2.52090712158572	-0.244375206035556	-1.04659868594362
3.9e+07	4e+07	2.42859097381304	-0.205413445213806	-1.20632379302688
4e+07	4.1e+07	2.32969413975537	-0.144445785241533	-1.37891151209645
4.1e+07	4.2e+07	2.23000003791826	-0.104314601676217	-1.54152857310345
4.2e+07	4.3e+07	2.1078881526002	-0.0698158973336334	-1.72146853151197
4.3e+07	4.4e+07	1.98018914215551	-0.0487653757182676	-1.88997504118079
4.4e+07	4.5e+07	1.85925853713918	-0.0255217702217211	-2.05374840469072
4.5e+07	4.6e+07	1.7364197525251	-0.00945913494190646	-2.20988109155743
4.6e+07	4.7e+07	1.59447188186919	-0.0205922138208505	-2.32182299543225
4.7e+07	4.8e+07	1.45830918224979	-0.0655053594564244	-2.35182515560515
4.8e+07	4.9e+07	1.29521298008244	-0.158813664258282	-2.29135938318358
4.9e+07	5e+07	1.14187385147454	-0.26332764390856	-2.19749052995683
5e+07	5.1e+07	0.961564771727794	-0.377910167869398	-2.10526989912402
5.1e+07	5.2e+07	0.796375600394719	-0.482799378093405	-2.01938340265359
5.2e+07	5.3e+07	0.637549764913885	-0.584249979465377	-1.93434602581498
5.3e+07	5.4e+07	0.473282077734787	-0.689136027155965	-1.84650939263908
5.4e+07	5.5e+07	0.318727140696548	-0.788086557396159	-1.76410732920246
5.5e+07	5.6e+07	0.155803992293623	-0.884107637981813	-1.7047424978465
5.6e+07	5.7e+07	-0.00198040733315978	-0.969674268989375	-1.67137091777188
5.7e+07	5.8e+07	-0.169386239947437	-1.05421477318537	-1.65650195462478
5.8e+07	5.9e+07	-0.339701093855345	-1.1423568518316	-1.63465662899715
5.9e+07	6e+07	-0.500389262790034	-1.22553169237208	-1.61423587382475
6e+07	6.1e+07	-0.673623806267348	-1.31500718084714	-1.59241667221381
6.1e+07	6.2e+07	-0.842069333641221	-1.40187790802135	-1.57132076397719
6.2e+07	6.3e+07	-1.02226202738384	-1.49496310610561	-1.54938897338978
6.3e+07	6.4e+07	-1.19987984833122	-1.58689024856155	-1.52801038809406
6.4e+07	6.5e+07	-1.3865922279376	-1.68389560358249	-1.50576402166485
6.5e+07	6.6e+07	-1.56856987861128	-1.71812041352277	-1.46951965045421
6.6e+07	6.7e+07	-1.73327955253829	-1.69718627682407	-1.42476540011665
6.7e+07	6.8e+07	-1.91274656300424	-1.62059241657315	-1.36318247395476
6.8e+07	6.9e+07	-2.09905890443073	-1.55320673975774	-1.30214140473548
6.9e+07	7e+07	-2.286591165391	-1.48556021750509	-1.23921044585345
7e+07	7.1e+07	-2.39376831391478	-1.3899029042159	-1.15988870516287
7.1e+07	7.2e+07	-2.42037479127577	-1.30180312985945	-1.04251020675288
7.2e+07	7.3e+07	-2.38533922631117	-1.19772661272231	-0.870437624112557
7.3e+07	7.4e+07	-2.34759956113867	-1.11040369256775	-0.664435577886383
7.4e+07	7.5e+07	-2.29161025543163	-1.0383326940243	-0.47701004783303
7.5e+07	7.6e+07	-2.18788391310477	-1.01491440321375	-0.313208880327441
7.6e+07	7.7e+07	-2.05520832035251	-1.03558863544136	-0.187824442493592
7.7e+07	7.8e+07	-1.8986566369116	-1.07084960528727	-0.0526519867386277
7.8e+07	7.9e+07	-1.75088994039029	-1.10513593137177	0.0740549594863234
7.9e+07	8e+07	-1.59755246807177	-1.14251626886081	0.203820840301435
8e+07	8.1e+07	-1.46044720376488	-1.17546812580105	0.321944418232984
8.1e+07	8.2e+07	-1.3322362323145	-1.2061287716979	0.432651233783572
8.2e+07	8.3e+07	-1.19403136034478	-1.23907517019448	0.551971621129735
8.3e+07	8.4e+07	-1.03966356990168	-1.27581172979825	0.685201620700103
8.4e+07	8.5e+07	-0.884186835225514	-1.31248375094778	0.81913169257939
8.5e+07	8.6e+07	-0.759751785513609	-1.38387070813204	0.930102586877264
8.6e+07	8.7e+07	-0.653515062326381	-1.43135272351809	1.02298616160213
8.7e+07	8.8e+07	-0.548402269250836	-1.44822666317829	1.05932971913743
8.8e+07	8.9e+07	-0.378941677856741	-1.39875356280657	1.07313739176676
8.9e+07	9e+07	-0.186417308352182	-1.344252400114	1.05414930040926
9e+07	9.1e+07	0.0131823464540286	-1.29995076338293	1.05653267128371
9.1e+07	9.2e+07	0.194524311537731	-1.25790028258225	1.05614770268177
9.2e+07	9.3e+07	0.382716615281324	-1.20505719450903	1.03790892030391
9.3e+07	9.4e+07	0.556819355996703	-1.17985124361569	1.06567932469725
9.4e+07	9.5e+07	0.710216572890492	-1.17793417269699	1.12793166515023
9.5e+07	9.6e+07	0.830890277982385	-1.20646539185669	1.2334540526649
9.6e+07	9.7e+07	0.899605094465074	-1.21576290097744	1.28018667260863
