0	1e+06	1.14777238191939	4.82562167467145	0.629280551299797
1e+06	2e+06	1.13917067530827	4.74009445025954	0.611840347589384
2e+06	3e+06	1.12039351586147	4.55401978419635	0.573819174183598
3e+06	4e+06	1.10045560000431	4.36108301028144	0.534894727545937
4e+06	5e+06	1.07918350404293	4.15696825730326	0.493926017336385
5e+06	6e+06	1.05499892434386	3.92561917710689	0.447452360047721
6e+06	7e+06	1.03258537243515	3.71068507581852	0.404010907579304
7e+06	8e+06	1.010266047689	3.49531936114124	0.359694916679513
8e+06	9e+06	0.990514774646425	3.30300490910932	0.319479781926356
9e+06	1e+07	0.969069774022225	3.0966425720064	0.276085397511303
1e+07	1.1e+07	0.949448078885062	2.91089014168739	0.236952899987781
1.1e+07	1.2e+07	0.929565751098183	2.73434802566234	0.199579312375926
1.2e+07	1.3e+07	0.88869737210078	2.57547080783448	0.12315948215039
1.3e+07	1.4e+07	0.820549157315649	2.38131761310072	-0.00334336453367355
1.4e+07	1.5e+07	0.74601621486111	2.2163101134004	-0.142233742934988
1.5e+07	1.6e+07	0.709689210810056	2.07276968654635	-0.2716008535104
1.6e+07	1.7e+07	0.720353482542866	1.95817910738455	-0.420107803730042
1.7e+07	1.8e+07	0.755459806039214	1.841606570394	-0.599235433236195
1.8e+07	1.9e+07	0.78864574262559	1.72018101218625	-0.782174174777116
1.9e+07	2e+07	0.820060955558316	1.60418961702994	-0.95701632102026
2e+07	2.1e+07	0.851347553594353	1.48995886223198	-1.1289510920521
2.1e+07	2.2e+07	0.886107715729693	1.36456261687074	-1.31798079558032
2.2e+07	2.3e+07	0.913966111488864	1.252111857924	-1.48521720267364
2.3e+07	2.4e+07	0.940127260716091	1.13082398767737	-1.6640115138318
2.4e+07	2.5e+07	0.961204731250528	1.01597021889563	-1.83157993481153
2.5e+07	2.6e+07	0.985174288517848	0.886286640389285	-2.02140601654449
2.6e+07	2.7e+07	0.929915922483941	0.537111243019447	-2.05973399628024
2.7e+07	2.8e+07	0.82702222377503	0.122698084510262	-1.95540300962044
2.8e+07	2.9e+07	0.697389601720481	-0.292221194397804	-1.74435793003416
2.9e+07	3e+07	0.614543667605179	-0.509126468138006	-1.57266682190939
3e+07	3.1e+07	0.556682822696598	-0.668804858771279	-1.4591036404403
3.1e+07	3.2e+07	0.496309511887486	-0.834981432196894	-1.34067821934253
3.2e+07	3.3e+07	0.442747773806557	-0.98265230754077	-1.23456314028436
3.3e+07	3.4e+07	0.38805839677994	-1.13361397837913	-1.1258402059014
3.4e+07	3.5e+07	0.323664199139656	-1.31111091291097	-0.997794500394124
3.5e+07	3.6e+07	0.253995391182557	-1.50261314891778	-0.859259826440916
3.6e+07	3.7e+07	0.183635936253306	-1.69460440515232	-0.720206325050173
3.7e+07	3.8e+07	0.122025010842175	-1.86248726316281	-0.598592196046878
3.8e+07	3.9e+07	0.0672447108492182	-2.01086424385479	-0.490966886170231
3.9e+07	4e+07	-0.0279259752118001	-2.12061529673384	-0.326877950794127
4e+07	4.1e+07	-0.140641152378813	-2.19209366092928	-0.141763017384451
4.1e+07	4.2e+07	-0.274103988708616	-2.23984794085637	0.0720123946603021
4.2e+07	4.3e+07	-0.383360557893787	-2.29555118037627	0.250156858589499
4.3e+07	4.4e+07	-0.483662491732789	-2.34635758417249	0.413878579805538
4.4e+07	4.5e+07	-0.574888298606374	-2.39236515990966	0.562990519475469
4.5e+07	4.6e+07	-0.67359651938217	-2.44229744727364	0.725362000647599
4.6e+07	4.7e+07	-0.775597595949055	-2.49414637420595	0.893644741703611
4.7e+07	4.8e+07	-0.889438367067748	-2.5522747969764	1.08154601995802
4.8e+07	4.9e+07	-1.00227591120787	-2.60979622503012	1.2671513794981
4.9e+07	5e+07	-1.11192797697503	-2.66575609007343	1.44879764483955
5e+07	5.1e+07	-1.25870833611006	-2.71080968980653	1.58022940377555
5.1e+07	5.2e+07	-1.41531597296259	-2.7420729338645	1.65757381849753
5.2e+07	5.3e+07	-1.62151713919206	-2.75041951714024	1.64327703311815
5.3e+07	5.4e+07	-1.81392819292072	-2.74744588115804	1.59494373130993
5.4e+07	5.5e+07	-2.01113526451591	-2.73546811148388	1.51612948189942
5.5e+07	5.6e+07	-2.1927470802515	-2.76233458426067	1.52625740270525
5.6e+07	5.7e+07	-2.36317396679762	-2.81625723259386	1.59534283868433
5.7e+07	5.8e+07	-2.52469107281377	-2.867845574907	1.64380588722935
5.8e+07	5.9e+07	-2.71561916354552	-2.89321241191603	1.6059298701161
5.9e+07	6e+07	-2.91761500282074	-2.89826320488627	1.50650460248788
6e+07	6.1e+07	-3.04218914538482	-2.90553336666251	1.4569558301157
