0	1e+06	0.731338385955528	-4.87437150717194	0.840027722934364
1e+06	2e+06	0.743205387143963	-4.81846162269202	0.880445214297708
2e+06	3e+06	0.7730842505544	-4.67866636591497	0.981633008579847
3e+06	4e+06	0.808628624698879	-4.514449792708	1.10082803689763
4e+06	5e+06	0.84612356510712	-4.34263993098529	1.22570818233708
5e+06	6e+06	0.878055284994561	-4.16941486957336	1.30880133755978
6e+06	7e+06	0.853781564016452	-4.03769056792023	1.33841769526512
7e+06	8e+06	0.741266226513749	-3.94831905404657	1.31449989765929
8e+06	9e+06	0.556025775694355	-3.89707482525051	1.27358986387689
9e+06	1e+07	0.345752561172482	-3.84664021430074	1.22299327138642
1e+07	1.1e+07	0.136534900900405	-3.76941854125051	1.17761254483236
1.1e+07	1.2e+07	-0.0702183915085375	-3.69734941862783	1.13164664266554
1.2e+07	1.3e+07	-0.26719936388373	-3.62981967578519	1.0879676050296
1.3e+07	1.4e+07	-0.456831947381951	-3.57079773923022	1.04598919860727
1.4e+07	1.5e+07	-0.618766432378558	-3.4832326300377	0.990159464045366
1.5e+07	1.6e+07	-0.760444920825244	-3.37309267226274	0.922968025203861
1.6e+07	1.7e+07	-0.890144292511241	-3.21974033107449	0.835923553352134
1.7e+07	1.8e+07	-1.0376722835122	-3.06094278164229	0.745139296766867
1.8e+07	1.9e+07	-1.18096247803207	-2.90193805132498	0.653486040375054
1.9e+07	2e+07	-1.30714136994641	-2.74977233188051	0.565823934247985
2e+07	2.1e+07	-1.41907427549201	-2.6029361841678	0.480939113456504
2.1e+07	2.2e+07	-1.54302719371654	-2.43868790497355	0.38628709523034
2.2e+07	2.3e+07	-1.62513019124727	-2.27591404991705	0.277623386355131
2.3e+07	2.4e+07	-1.67031946287541	-2.10565508631308	0.149168036541186
2.4e+07	2.5e+07	-1.62610963252026	-1.94750186791723	-0.00107226218384853
2.5e+07	2.6e+07	-1.53906367995351	-1.79660178501537	-0.160116004877507
2.6e+07	2.7e+07	-1.41238257657169	-1.6603441090617	-0.319914402921415
2.7e+07	2.8e+07	-1.29369970887451	-1.53001150243096	-0.471750406114794
2.8e+07	2.9e+07	-1.18517664218789	-1.40927417176011	-0.611431747775536
2.9e+07	3e+07	-1.07666417052146	-1.26936162553496	-0.670786557509558
3e+07	3.1e+07	-0.961748175012741	-1.10589832133909	-0.662158686263274
3.1e+07	3.2e+07	-0.838374607888183	-0.910333731365725	-0.566914408950313
3.2e+07	3.3e+07	-0.718412273726673	-0.719322934723782	-0.467583066291537
3.3e+07	3.4e+07	-0.600332266348677	-0.535156234438088	-0.38076440560969
3.4e+07	3.5e+07	-0.47731998589395	-0.352811179136133	-0.327368946337935
3.5e+07	3.6e+07	-0.415953897639166	-0.196150305510993	-0.359344885148331
3.6e+07	3.7e+07	-0.4103882521983	-0.0107763137363094	-0.476522957639948
3.7e+07	3.8e+07	-0.457165718951196	0.171579635326677	-0.654500742394605
3.8e+07	3.9e+07	-0.483647154213923	0.380138029305093	-0.828657459512166
3.9e+07	4e+07	-0.501072693878023	0.545862561467091	-0.961007188585593
4e+07	4.1e+07	-0.521846169864792	0.712197421860714	-1.09499244279923
4.1e+07	4.2e+07	-0.542996830360353	0.870321946566686	-1.22237462611977
4.2e+07	4.3e+07	-0.59322103528247	1.02644131845274	-1.34870862507294
4.3e+07	4.4e+07	-0.671743911612184	1.17652856435183	-1.47144501229583
4.4e+07	4.5e+07	-0.755877866034129	1.26542611517916	-1.62488829635848
4.5e+07	4.6e+07	-0.831761414231991	1.30754325931198	-1.81102335625275
4.6e+07	4.7e+07	-0.906207285893121	1.29231800338907	-2.0464597276868
4.7e+07	4.8e+07	-0.996141399258369	1.28896997540587	-2.28768335114331
4.8e+07	4.9e+07	-1.08897458040982	1.28923580010953	-2.52557890771384
4.9e+07	5e+07	-1.18427602682836	1.28727660482382	-2.74135888137024
5e+07	5.1e+07	-1.33362700646673	1.29424090319014	-2.88173294125447
5.1e+07	5.2e+07	-1.48398377319291	1.22748033911602	-2.93059336413064
5.2e+07	5.3e+07	-1.61212590057466	1.11360222223974	-2.79444725816106
5.3e+07	5.4e+07	-1.68188889239142	0.964910321006762	-2.59597662237152
5.4e+07	5.5e+07	-1.74178963751207	0.935947104356821	-2.37393086011682
5.5e+07	5.6e+07	-1.80243773533586	1.0127692249718	-2.23768114981445
5.6e+07	5.7e+07	-1.86318185754009	1.18115148408456	-2.12431386793302
5.7e+07	5.8e+07	-1.92502364420728	1.35668246826467	-2.02250443283813
5.8e+07	5.9e+07	-2.0648672903286	1.73033617614409	-1.77930015868571
5.9e+07	6e+07	-2.10694845085908	2.03173030367789	-1.59746896252057
6e+07	6.1e+07	-2.06079445506663	2.30541019548092	-1.45820823981421
6.1e+07	6.2e+07	-1.85766924133	2.35946859239968	-1.48081872700872
6.2e+07	6.3e+07	-1.67405993316018	2.44947591645005	-1.47857977376865
6.3e+07	6.4e+07	-1.48034950704443	2.47752262179488	-1.44590831486409
6.4e+07	6.5e+07	-1.30640233219696	2.487037029672	-1.34965938469571
6.5e+07	6.6e+07	-1.13162362238556	2.47784166385023	-1.1952642637526
6.6e+07	6.7e+07	-0.976432144557016	2.51733814985499	-1.00161647226652
6.7e+07	6.8e+07	-0.805319376645683	2.55053573287296	-0.808712918666759
6.8e+07	6.9e+07	-0.601641709255973	2.62339230459523	-0.717785309430148
6.9e+07	7e+07	-0.363968546753658	2.74099300944125	-0.75137009456349
7e+07	7.1e+07	-0.162222629843092	2.77404666785783	-0.866056812892343
7.1e+07	7.2e+07	0.0117433150820865	2.70840827105083	-0.97500382796302
7.2e+07	7.3e+07	0.164893546811911	2.57789026674797	-1.06903767292546
7.3e+07	7.4e+07	0.364390539009821	2.50237221652036	-1.19039537438764
7.4e+07	7.5e+07	0.552347742766975	2.43366480429289	-1.30207842156245
7.5e+07	7.6e+07	0.709174397737714	2.34293567827432	-1.39189839334817
7.6e+07	7.7e+07	0.803983362238892	2.16844289988091	-1.43251464432333
7.7e+07	7.8e+07	0.855247757899357	1.94428793552579	-1.44025185859192
7.8e+07	7.9e+07	0.875488578720237	1.66714861839565	-1.42279852437813
7.9e+07	8e+07	0.939108507813339	1.45864552515299	-1.44773628175385
8e+07	8.1e+07	1.09134180158598	1.33220669021087	-1.45996488851014
8.1e+07	8.2e+07	1.31952790921557	1.29636009770845	-1.46173233225778
8.2e+07	8.3e+07	1.58276031292331	1.30177222366553	-1.41336460331263
8.3e+07	8.4e+07	1.77785373376513	1.38359516745307	-1.3474851278128
8.4e+07	8.5e+07	1.92655898270761	1.52782825264684	-1.25649432095277
8.5e+07	8.6e+07	2.0136490096412	1.70897226754976	-1.12714288375943
8.6e+07	8.7e+07	2.20247627869454	1.85372637774706	-1.04659105204322
8.7e+07	8.8e+07	2.4135787182732	1.86938628321255	-0.958894213955698
8.8e+07	8.9e+07	2.6779012144434	1.78469800095984	-0.990484054073547
8.9e+07	9e+07	2.77982511694237	1.573357798709	-1.02065414528412
9e+07	9.1e+07	2.80411182340763	1.35451392496453	-1.15120923765505
9.1e+07	9.2e+07	2.70369856012223	1.13157672962098	-1.25023712574827
9.2e+07	9.3e+07	2.59509468133431	0.938143500909955	-1.37777560131657
9.3e+07	9.4e+07	2.46377019879197	0.749149390717894	-1.48756300967035
9.4e+07	9.5e+07	2.38477174115927	0.578265641761549	-1.49284267030642
9.5e+07	9.6e+07	2.36422081432834	0.451364650704874	-1.38135057166485
9.6e+07	9.7e+07	2.32896863410721	0.400187073439019	-1.17236470088062
9.7e+07	9.8e+07	2.22480138621988	0.395790211923942	-0.945746171678593
9.8e+07	9.9e+07	2.062911853235	0.415946917167331	-0.730749884886552
9.9e+07	1e+08	1.9132403466872	0.383474891196919	-0.517986051660364
1e+08	1.01e+08	1.78429693009997	0.307247426436285	-0.331314791603209
1.01e+08	1.02e+08	1.65016265810523	0.182275229919701	-0.143021150303244
1.02e+08	1.03e+08	1.51644684808189	0.0543086626289625	0.0463021266911736
1.03e+08	1.04e+08	1.38377648328443	-0.109652910226111	0.214773978118959
1.04e+08	1.05e+08	1.28433960351309	-0.295788590536078	0.307319702321827
1.05e+08	1.06e+08	1.20498838727597	-0.525408568275528	0.33710215250621
1.06e+08	1.07e+08	1.12868111821384	-0.738342230709702	0.332315770440044
1.07e+08	1.08e+08	1.00317903014665	-0.936863084482549	0.345789820095742
1.08e+08	1.09e+08	0.832731701002648	-1.10769522271824	0.372960904750037
1.09e+08	1.1e+08	0.635763453528483	-1.23928156013412	0.406553246284298
1.1e+08	1.11e+08	0.431689170632051	-1.30694533011869	0.44579768866395
1.11e+08	1.12e+08	0.246560481930119	-1.24431061091106	0.489032515393064
1.12e+08	1.13e+08	0.0216421591049225	-1.075031154437	0.547151454133144
1.13e+08	1.14e+08	-0.188460598454283	-0.874361010751202	0.604356824418387
1.14e+08	1.15e+08	-0.315988240336666	-0.675142531657665	0.678825575353467
1.15e+08	1.16e+08	-0.330396750365558	-0.471316078366972	0.764822024182515
1.16e+08	1.17e+08	-0.284400606451081	-0.22702870100945	0.870738939811918
1.17e+08	1.18e+08	-0.267759178826594	0.028475672080867	0.979420708253626
1.18e+08	1.19e+08	-0.255186142207066	0.256405827503004	1.07681062688832
1.19e+08	1.2e+08	-0.301721105498182	0.391855652459887	1.19166187493342
1.2e+08	1.21e+08	-0.416411726695877	0.456578779946927	1.34265495836065
1.21e+08	1.22e+08	-0.584257022384037	0.472629377672451	1.52670694131871
1.22e+08	1.23e+08	-0.736956431208277	0.48806403054512	1.72671441277769
1.23e+08	1.24e+08	-0.846499508538455	0.429321098662406	1.89266692953362
1.24e+08	1.25e+08	-0.853687020713008	0.341762105429056	2.05175412298542
1.25e+08	1.26e+08	-0.729804999618012	0.23224013406165	2.14956419758974
1.26e+08	1.27e+08	-0.522915844989916	0.153942253421747	2.23645835499891
1.27e+08	1.28e+08	-0.304809143065662	0.0384954542310883	2.25553273208094
1.28e+08	1.29e+08	-0.0950471343387861	-0.0955765600202521	2.2596984408427
1.29e+08	1.3e+08	0.0397592076139693	-0.267850452270005	2.2183627646655
1.3e+08	1.31e+08	0.085990684955631	-0.411430388257518	2.11220850528832
1.31e+08	1.32e+08	0.0269545773087953	-0.504580978983792	1.93915108951088
1.32e+08	1.33e+08	-0.0306202461630677	-0.472784268544786	1.71909833674834
1.33e+08	1.34e+08	-0.0606556788588494	-0.339659326332431	1.54641423869867
1.34e+08	1.35e+08	-0.0632727539667293	-0.122352900925065	1.42791593421297
1.35e+08	1.36e+08	-0.0399728609961732	0.115844983670212	1.39869997240127
1.36e+08	1.37e+08	0.0365383458829115	0.311518051867797	1.35372495457412
1.37e+08	1.38e+08	0.173695303098354	0.497817089483977	1.28015410473921
1.38e+08	1.39e+08	0.363749334841651	0.63239840976286	1.15769253946019
1.39e+08	1.4e+08	0.543226059308387	0.766856810926978	1.09511383232057
1.4e+08	1.41e+08	0.634941202914747	0.885307343243461	1.13643767335233
1.41e+08	1.42e+08	0.648148318507274	0.966845253934675	1.28661785061367
1.42e+08	1.43e+08	0.619403734456496	1.0293586441847	1.49664000873939
1.43e+08	1.44e+08	0.549912110646524	1.02038270711154	1.68246124145197
1.44e+08	1.45e+08	0.425770566597458	1.01344632786168	1.85346466113469
1.45e+08	1.46e+08	0.262122316494034	0.981799241927282	1.99223133999707
1.46e+08	1.47e+08	0.0941881935208942	0.952695622524678	2.17132540558003
1.47e+08	1.48e+08	-0.0573250786755643	0.926978656474277	2.33540826663606
1.48e+08	1.49e+08	-0.220528505636267	0.899739654142713	2.51245832615317
1.49e+08	1.5e+08	-0.2924912269724	0.789290559486934	2.66511813159533
1.5e+08	1.51e+08	-0.314203982600279	0.633514442128436	2.80151407223994
1.51e+08	1.52e+08	-0.288314081491071	0.405895851254332	2.94309083468271
1.52e+08	1.53e+08	-0.286866606473604	0.233968442310622	3.06686157912896
1.53e+08	1.54e+08	-0.28749465184376	0.134848918409468	3.13969001789188
