0	1e+06	-0.16580921307285	-0.311022823960003	0.985288735318826
1e+06	2e+06	-3.37778315671456	0.957371123808949	1.26117671446779
2e+06	3e+06	-1.70533841250423	-0.225585777067362	8.52975881307087
3e+06	4e+06	-0.165809028495425	-0.311023582517596	0.985288761055982
4e+06	5e+06	3.21450166173247	-2.78225974970267	6.09733754438977
5e+06	6e+06	1.37232858281927	-0.397778256205433	-6.56083046788466
6e+06	7e+06	-0.16580902849872	-0.311023582516132	0.985288761050109
7e+06	8e+06	-0.341327793969283	0.879824003456474	-4.3694675746465
8e+06	9e+06	-0.160469243827389	-0.308864347514674	1.00224162033145
9e+06	1e+07	-0.238957662420037	-0.377665833861963	0.994270300713179
1e+07	1.1e+07	-0.236275425197461	-0.358678441611514	0.905682321339469
1.1e+07	1.2e+07	-0.250960593763576	-0.358776400636019	0.918499505613219
1.2e+07	1.3e+07	-0.125947006255495	-0.276186995601662	0.93637742533997
1.3e+07	1.4e+07	0.197983587317972	0.247478326861113	1.36659747703029
1.4e+07	1.5e+07	-1.35087177474551	-1.18401902901758	-1.38782447537887
1.5e+07	1.6e+07	-0.054148541965799	-0.277932739309085	1.00906503168026
1.6e+07	1.7e+07	-0.225350376696406	-0.965237608530248	0.911919878988049
1.7e+07	1.8e+07	1.25327128690725	0.63222846819952	3.4095841003091
1.8e+07	1.9e+07	-0.0541487173153302	-0.277932441151496	1.00906403956838
1.9e+07	2e+07	-3.87239090110547	4.90576473925505	2.10325703506883
2e+07	2.1e+07	-0.0541486230945663	-0.277932577664115	1.00906460132688
2.1e+07	2.2e+07	-2.21167627264421	3.95871759013263	2.46471144933954
2.2e+07	2.3e+07	3.65310037975718	-5.29397489872375	-0.354894619353819
2.3e+07	2.4e+07	-0.0541486230886438	-0.277932577668038	1.00906460130878
2.4e+07	2.5e+07	2.01097636905331	-4.547123217075	-0.439719948485028
2.5e+07	2.6e+07	-0.054264434617372	-0.277768292743257	1.00924197917377
2.6e+07	2.7e+07	-0.0694585418101169	-0.26169575072649	1.01572271862213
2.7e+07	2.8e+07	0.129204984705725	-0.20976416474349	0.995961639636104
2.8e+07	2.9e+07	-0.0540712885055799	-0.278035918369408	1.00898133431477
2.9e+07	3e+07	-0.0388615892209622	-0.294130458007971	1.00247638656401
3e+07	3.1e+07	-0.145122450741737	-0.31352158569958	1.01537520829435
3.1e+07	3.2e+07	-0.0541486227881393	-0.27793257863022	1.00906460156125
3.2e+07	3.3e+07	-0.0541486241773835	-0.277932578535275	1.00906460152195
3.3e+07	3.4e+07	-0.0541486241805393	-0.277932578543198	1.00906460152649
3.4e+07	3.5e+07	-0.0541486240920252	-0.27793257872919	1.00906460166548
3.5e+07	3.6e+07	-0.0541486227969869	-0.27793257853652	1.009064601487
3.6e+07	3.7e+07	-0.0541486214646956	-0.277932578989238	1.00906460146623
3.7e+07	3.8e+07	-0.054148621622346	-0.277932578403743	1.00906460128032
3.8e+07	3.9e+07	-0.0541486210110423	-0.277932580176587	1.00906460070058
3.9e+07	4e+07	-0.0541486228074198	-0.277932578614591	1.00906460150343
4e+07	4.1e+07	-0.0541486231485461	-0.277932578928569	1.00906460092598
4.1e+07	4.2e+07	-0.0541486233958178	-0.277932577677735	1.00906460205214
4.2e+07	4.3e+07	-0.0541486229225535	-0.27793257876987	1.0090646012792
4.3e+07	4.4e+07	-0.054148643356763	-0.277932676017103	1.00906470121874
4.4e+07	4.5e+07	-0.0541487537033285	-0.277932480524911	1.00906060533372
4.5e+07	4.6e+07	-0.054093010836046	-0.278004838676374	1.00874263368282
4.6e+07	4.7e+07	-0.0541487191149727	-0.27793224175621	1.00906031443808
4.7e+07	4.8e+07	-0.0541486088886392	-0.27793243740352	1.00906441011772
4.8e+07	4.9e+07	-0.0563349862420513	-0.275626889350935	1.01888496855321
4.9e+07	5e+07	-0.0541486227986697	-0.277932578612687	1.00906460153778
5e+07	5.1e+07	-0.0541486228066021	-0.2779325786138	1.00906460154144
5.1e+07	5.2e+07	-0.119658387711618	-0.265041349087238	1.07589003802516
5.2e+07	5.3e+07	-0.132972042335849	-0.226725592373794	0.986016159813392
5.3e+07	5.4e+07	-0.054148622752197	-0.277932578613446	1.00906460161426
5.4e+07	5.5e+07	0.00873080880040926	-0.274833064116962	0.905168998128408
5.5e+07	5.6e+07	0.0247157583073465	-0.329129953763204	1.03210025613068
5.6e+07	5.7e+07	-0.0735201858361161	-0.205113731560145	0.898896579242668
5.7e+07	5.8e+07	-0.0879669347855007	-0.150480373943149	0.816244988288412
5.8e+07	5.9e+07	-0.111987587221384	-0.0594092332175867	0.678478417079724
5.9e+07	6e+07	-0.111771760777981	-0.0593607130676028	0.678407139140021
6e+07	6.1e+07	-0.111771761770365	-0.0593607138061803	0.678407138046092
6.1e+07	6.2e+07	-0.111760755854188	-0.0593602403068283	0.678399744903694
6.2e+07	6.3e+07	-0.110818764938302	-0.059335886848141	0.678567546927168
6.3e+07	6.4e+07	-0.11177177436099	-0.0593607044693521	0.678407086995023
6.4e+07	6.5e+07	-0.111771774261022	-0.0593607044495083	0.678407086901701
6.5e+07	6.6e+07	3.14234319880387	-1.7154305217117	2.46736133092723
6.6e+07	6.7e+07	3.01211466623028	-3.42119917651165	-0.256378241146519
6.7e+07	6.8e+07	8.21067262649261	-9.74699152714749	-7.92904168688901
6.8e+07	6.9e+07	17.1437864861145	-1.89886161623922	-3.2074380250487
6.9e+07	7e+07	8.2404959950752	13.1051837036461	-3.76336318600422
7e+07	7.1e+07	-8.46410664926133	9.61698197786024	9.47485840293131
7.1e+07	7.2e+07	-21.7364412888161	3.82402359095914	1.73862335100773
7.2e+07	7.3e+07	-17.3263982861324	-13.8053335701184	5.38991145974261
7.3e+07	7.4e+07	-0.111771774163655	-0.0593607044243424	0.67840708695245
7.4e+07	7.5e+07	0.448092733834021	-1.16675890820161	0.599728349847177
7.5e+07	7.6e+07	5.59786503848806	3.83699539597719	1.7178946645938
7.6e+07	7.7e+07	-0.111771774167285	-0.0593607043977349	0.678407086948264
7.7e+07	7.8e+07	0.566188931911233	0.562860689119849	1.77932916287901
7.8e+07	7.9e+07	0.164627579656067	-0.207126680346709	0.275428301318989
7.9e+07	8e+07	0.289464486400798	-0.340087748224219	0.446590477810728
8e+07	8.1e+07	0.259573991259255	-0.351375841877881	0.635592193785634
8.1e+07	8.2e+07	0.259573991779385	-0.351375841360971	0.635592194739405
8.2e+07	8.3e+07	0.259573991750147	-0.351375841378482	0.635592194737863
8.3e+07	8.4e+07	0.259573992054696	-0.35137584109973	0.635592195255796
8.4e+07	8.5e+07	0.259573992107049	-0.351375841106468	0.635592195291815
8.5e+07	8.6e+07	0.247846537508721	-0.349745935281152	0.633963721992544
8.6e+07	8.7e+07	0.259573991772654	-0.351375841193506	0.6355921932958
8.7e+07	8.8e+07	0.259573991774009	-0.351375841192643	0.635592193296047
8.8e+07	8.9e+07	0.197400488353884	-0.331540369706679	0.592685552625388
8.9e+07	9e+07	0.259573991740042	-0.351375841397839	0.635592194612751
9e+07	9.1e+07	0.201541941119764	-0.378710203675518	0.54579250839515
9.1e+07	9.2e+07	0.195791424100778	-0.566123503063469	0.917416292201699
9.2e+07	9.3e+07	0.43693629094335	-0.402892746959361	0.74247646796046
9.3e+07	9.4e+07	0.980453983991491	0.355443309389607	0.964944761562855
9.4e+07	9.5e+07	0.692861342142602	-0.243955071195241	0.57644366409001
9.5e+07	9.6e+07	0.436936283707787	-0.402892751837431	0.742476465552345
9.6e+07	9.7e+07	0.0105714076049843	-1.15106674772321	0.645435949277081
9.7e+07	9.8e+07	0.436936290925853	-0.402892746884297	0.742476468027011
9.8e+07	9.9e+07	0.436936290887941	-0.402892746826351	0.742476468049637
9.9e+07	1e+08	0.436936290741037	-0.402892748234835	0.742476467610805
1e+08	1.01e+08	0.436935598446743	-0.402892557059253	0.74247675548798
1.01e+08	1.02e+08	0.43693320211937	-0.402894719846127	0.742491136868349
1.02e+08	1.03e+08	0.436933096197028	-0.402894623060691	0.742491132333157
1.03e+08	1.04e+08	0.439383108618489	-0.403444284395316	0.737669419415972
1.04e+08	1.05e+08	0.436936182415244	-0.402892376662833	0.742476245809863
1.05e+08	1.06e+08	0.436936338551018	-0.402892485769672	0.742476234867228
1.06e+08	1.07e+08	0.435563356834983	-0.401879424074641	0.750429539901005
1.07e+08	1.08e+08	0.436936291021449	-0.402892746846128	0.742476467908999
1.08e+08	1.09e+08	0.453950585458496	-0.311449026568908	0.886899115781018
1.09e+08	1.1e+08	0.422230289453909	-0.261490162839748	0.804945308323719
1.1e+08	1.11e+08	0.440793521493916	-0.115229811140222	0.74609722328424
1.11e+08	1.12e+08	-0.204626868752323	0.204297230701039	1.27701192141441
1.12e+08	1.13e+08	0.865803919118152	0.268597975372754	0.956791447537793
1.13e+08	1.14e+08	0.776582061085108	0.499392647993737	0.708372712165722
1.14e+08	1.15e+08	2.45665684407589	1.07265098777157	-0.477904786011972
1.15e+08	1.16e+08	0.172638340829064	0.247178405215513	-0.044448492675752
1.16e+08	1.17e+08	0.337140976084717	-0.330362309387132	0.0661962803907323
1.17e+08	1.18e+08	-0.980583868850487	-1.37144756821458	0.783185044187497
1.18e+08	1.19e+08	0.400998453269931	-0.703090745767804	0.855707783413493
1.19e+08	1.2e+08	0.322220307312712	-0.385504058566292	1.00587773556804
1.2e+08	1.21e+08	0.602265889992082	-0.212010468770222	0.750245180447884
1.21e+08	1.22e+08	0.478904715747648	-0.0529804894013965	0.593724589826418
1.22e+08	1.23e+08	0.478904715759666	-0.0529804893786237	0.593724589840085
1.23e+08	1.24e+08	0.478904715703705	-0.0529804894407091	0.593724589835059
1.24e+08	1.25e+08	0.478904715680643	-0.0529804895317933	0.593724589798434
1.25e+08	1.26e+08	0.478904715726457	-0.0529804898169309	0.593724589849238
1.26e+08	1.27e+08	0.478904716002312	-0.0529804851202628	0.593724589876083
1.27e+08	1.28e+08	0.496011820407835	-0.0311370452068939	0.599707745140285
1.28e+08	1.29e+08	0.478913566167113	-0.0529725276982776	0.593726298308006
1.29e+08	1.3e+08	0.478026770859939	-0.0534470431528543	0.593499130338513
1.3e+08	1.31e+08	0.460910897517246	-0.0751282765254742	0.587790358801418
1.31e+08	1.32e+08	0.478903891600918	-0.0529798523897215	0.593724377391125
1.32e+08	1.33e+08	0.481427798541081	-0.0516615602879629	0.59433507569544
1.33e+08	1.34e+08	0.481482411049591	-0.0520744811488513	0.593618807193826
1.34e+08	1.35e+08	0.544968093563744	-0.0772590166370601	0.670836277258393
1.35e+08	1.36e+08	0.54336765653815	-0.0783033694204172	0.670099239065309
1.36e+08	1.37e+08	0.543358487851108	-0.078253226558996	0.670187616057151
1.37e+08	1.38e+08	0.479014740356452	-0.0535822039302049	0.592664066387795
1.38e+08	1.39e+08	0.47901474038574	-0.0535822039200704	0.592664066417253
1.39e+08	1.4e+08	0.479014740531839	-0.0535822032954347	0.592664066454222
1.4e+08	1.41e+08	0.479014740370182	-0.0535822039226445	0.592664066385678
1.41e+08	1.42e+08	0.479014740366082	-0.0535822039483887	0.592664066394412
1.42e+08	1.43e+08	0.414332722710252	-0.0290315539101537	0.515151981467078
1.43e+08	1.44e+08	0.415674333171236	-0.0556385402285727	0.495590557070247
1.44e+08	1.45e+08	0.398705274404276	-0.0271379126469567	0.474227616007624
1.45e+08	1.46e+08	0.479014816970551	-0.0535821759126852	0.592663976343845
1.46e+08	1.47e+08	0.415163106381555	-0.0194007385605358	0.4485282989793
1.47e+08	1.48e+08	0.369622064938277	-0.0403269157399215	0.306194138254475
1.48e+08	1.49e+08	0.291484439675805	-0.0308588527339739	0.101572761022525
1.49e+08	1.5e+08	0.291484439657938	-0.0308588527343683	0.101572761015885
1.5e+08	1.51e+08	0.285953733104238	-0.0326067943485532	0.103862042823512
1.51e+08	1.52e+08	0.291712398124864	-0.0308004381944115	0.102083079232107
1.52e+08	1.53e+08	0.291484439636435	-0.0308588528077697	0.101572761016536
1.53e+08	1.54e+08	0.297064490658502	-0.0290887419293667	0.099324635596509
1.54e+08	1.55e+08	0.29125190297419	-0.0309165039862697	0.101057086169347
1.55e+08	1.56e+08	0.29148443956659	-0.0308588528151721	0.101572760999822
1.56e+08	1.57e+08	0.291427530705744	-0.0308994637102239	0.101530711204826
1.57e+08	1.58e+08	0.291492757575255	-0.0308768761128449	0.101588677466848
1.58e+08	1.59e+08	0.291484439615722	-0.0308588527497927	0.101572761039638
1.59e+08	1.6e+08	0.650056734524024	-0.677570587744668	-0.149127145287548
1.6e+08	1.61e+08	0.525810483294859	1.19527255884184	0.401753092318587
1.61e+08	1.62e+08	0.291475463829767	-0.0308174290741051	0.101547417412767
1.62e+08	1.63e+08	0.24495778334527	3.20845287993474	1.68065413673922
1.63e+08	1.64e+08	-0.990370165027584	-2.6208739485525	0.828162420948174
1.64e+08	1.65e+08	0.2914754640081	-0.0308174288024735	0.101547417412097
1.65e+08	1.66e+08	-0.0205745779453813	-2.6233437532524	-1.22686695006251
1.66e+08	1.67e+08	-1.42305166953709	0.729059545486031	1.26718580323977
1.67e+08	1.68e+08	0.291475463922467	-0.0308174289381502	0.101547417408665
1.68e+08	1.69e+08	0.291475463924466	-0.030817428931916	0.101547417419477
1.69e+08	1.7e+08	3.05351245898674	0.573275580420362	-2.0909137588864
1.7e+08	1.71e+08	0.291475463921821	-0.0308174289750158	0.10154741730343
1.71e+08	1.72e+08	0.291475464276364	-0.0308174276189266	0.101547417289252
1.72e+08	1.73e+08	0.291475463981593	-0.030817428976535	0.101547417316373
1.73e+08	1.74e+08	0.29147546407117	-0.0308174292722546	0.101547417161851
1.74e+08	1.75e+08	0.29147546370144	-0.0308174306140898	0.101547417112644
1.75e+08	1.76e+08	0.291475463996598	-0.0308174292305732	0.101547417110206
1.76e+08	1.77e+08	0.29147546392557	-0.0308174289824281	0.101547417296554
1.77e+08	1.78e+08	0.291475463667582	-0.0308174283384362	0.101547417762969
1.78e+08	1.79e+08	0.29147752718566	-0.030828006951257	0.10154721959107
1.79e+08	1.8e+08	0.291475488732444	-0.0308174045761636	0.101547446459506
1.8e+08	1.81e+08	-17.8435883638899	-8.35735358814351	40.5837806816962
1.81e+08	1.82e+08	-31.9838415991245	-7.98335957477081	47.631225641553
1.82e+08	1.83e+08	0.291470566610295	-0.0307919881298481	0.101547956044494
1.83e+08	1.84e+08	18.4277200076069	8.29647789384341	-40.3801227051518
1.84e+08	1.85e+08	32.5571262176879	7.91596776925965	-47.4325555442086
1.85e+08	1.86e+08	0.277223945284431	-0.0394945899940376	0.0947992460671309
1.86e+08	1.87e+08	0.271287851008428	-0.0431206760632932	0.0919872811781795
1.87e+08	1.88e+08	0.277382306652297	-0.0394863735094165	0.0947259686239095
1.88e+08	1.89e+08	0.277223945208575	-0.0394945897439405	0.0947992458130973
1.89e+08	1.9e+08	0.277223945171514	-0.0394945897109075	0.0947992458167904
1.9e+08	1.91e+08	-14.5350388718575	2.04314687411523	-53.2202560214212
1.91e+08	1.92e+08	0.277223945289183	-0.0394945898531194	0.094799246087838
1.92e+08	1.93e+08	0.277223945291951	-0.0394945898517929	0.0947992460900951
1.93e+08	1.94e+08	15.089486762178	-2.12213605340267	53.4098545128507
1.94e+08	1.95e+08	0.277223945386979	-0.039494589927737	0.0947992460620001
1.95e+08	1.96e+08	0.277223945358539	-0.0394945899470433	0.0947992460607159
1.96e+08	1.97e+08	0.277223945244282	-0.0394945899238367	0.0947992460380006
1.97e+08	1.98e+08	0.277223945239036	-0.0394945898731185	0.0947992460869295
1.98e+08	1.99e+08	0.277223945308305	-0.0394945898750482	0.0947992460851965
1.99e+08	2e+08	0.277223945360124	-0.0394945898586564	0.0947992461114072
2e+08	2.01e+08	0.277223945443486	-0.0394945899041833	0.0947992461233206
2.01e+08	2.02e+08	0.277223945363607	-0.0394945899281081	0.0947992461022673
2.02e+08	2.03e+08	3.10650634636186	1.05140289554412	0.389604185535221
2.03e+08	2.04e+08	0.272485313611236	-0.041137001900716	0.0970845644253279
2.04e+08	2.05e+08	0.272433413456875	-0.0412928252075964	0.0969577830898233
2.05e+08	2.06e+08	-2.53523321600454	-1.12528930967203	-0.187279389061886
2.06e+08	2.07e+08	0.301539904961937	-0.0294126504740657	0.0848940301173575
2.07e+08	2.08e+08	0.301799405764987	-0.028633533925827	0.0855279368248222
2.08e+08	2.09e+08	0.224032628143829	-0.0417134566885595	-0.0393604108027413
2.09e+08	2.1e+08	0.187672976446819	-0.0485082541679455	-0.0874037069784152
2.1e+08	2.11e+08	0.0974992058059571	-0.0593917981482584	-0.271128036064034
2.11e+08	2.12e+08	0.178146244497262	-0.103744443104846	-0.358654530494369
2.12e+08	2.13e+08	0.190464959432233	-0.13470944768622	-0.484660158748863
2.13e+08	2.14e+08	0.371224879298547	-0.197325787846956	-0.51375526239537
2.14e+08	2.15e+08	0.442281805392133	-0.223306342604754	-0.525645875285146
2.15e+08	2.16e+08	0.556744008148149	-0.263577658498777	-0.544275746447578
2.16e+08	2.17e+08	0.560968200787008	-0.266670706764536	-0.545510592852491
2.17e+08	2.18e+08	0.556744008130058	-0.263577658551258	-0.544275746418741
2.18e+08	2.19e+08	0.556744008077822	-0.263577658575639	-0.544275746402995
2.19e+08	2.2e+08	0.554899419908634	-0.262302375616009	-0.543753589996116
2.2e+08	2.21e+08	0.55674400820625	-0.263577658562136	-0.544275746286593
2.21e+08	2.22e+08	0.556744008300302	-0.263577658525027	-0.544275746312567
2.22e+08	2.23e+08	0.556744008286955	-0.263577658586419	-0.544275746459485
2.23e+08	2.24e+08	0.556744007065812	-0.263577657131362	-0.544275746743045
2.24e+08	2.25e+08	0.556744007045844	-0.263577657105581	-0.544275746860567
2.25e+08	2.26e+08	0.556744008278651	-0.263577658557521	-0.544275746435326
2.26e+08	2.27e+08	0.563139385743949	-0.274302217152759	-0.551347721046314
2.27e+08	2.28e+08	0.556744009358988	-0.263577660089037	-0.544275746045191
2.28e+08	2.29e+08	0.556744008132768	-0.263577658581513	-0.544275746424361
2.29e+08	2.3e+08	0.818975798659012	-0.156462915649995	-0.294933280990475
2.3e+08	2.31e+08	0.556744008188103	-0.263577658589228	-0.544275746365068
2.31e+08	2.32e+08	1.07183212362432	-0.547402743898308	-0.413967737736483
2.32e+08	2.33e+08	0.430818464630441	-0.410396055495418	-1.6608906008647
2.33e+08	2.34e+08	0.604998110389248	0.046752729549427	-1.43914253537434
2.34e+08	2.35e+08	0.00561923957196574	0.721435249197789	-1.47450835425411
2.35e+08	2.36e+08	0.444648520916781	0.657605227605677	-0.150325098374792
2.36e+08	2.37e+08	0.891484698150118	0.441018913203601	0.152861817221072
2.37e+08	2.38e+08	1.22959652923769	-0.252872137249118	0.0336469955320555
2.38e+08	2.39e+08	1.25783783854966	-0.907289790587673	-0.295933402276346
2.39e+08	2.4e+08	1.15317911485802	-1.2065359261929	-0.786582715579586
2.4e+08	2.41e+08	-0.0800718597445229	-0.975471002430448	-0.322273889026624
2.41e+08	2.42e+08	-0.54080594145511	-0.60414147330889	-0.196198688526453
