0	1e+06	2.29917525579357	-4.31640296309259	-1.03938448867858
1e+06	2e+06	2.28397404030722	-4.31758291864056	-1.06861607879817
2e+06	3e+06	2.24324423949271	-4.31873226363305	-1.1061526203218
3e+06	4e+06	2.18165013529141	-4.30046745620489	-1.12536698193576
4e+06	5e+06	2.11069764298744	-4.28133992780646	-1.13158907255448
5e+06	6e+06	2.04318528479411	-4.26318757216365	-1.14508860674302
6e+06	7e+06	1.98978442348569	-4.23470980996473	-1.15195021745201
7e+06	8e+06	1.96753468419493	-4.18695286113427	-1.14582793853386
8e+06	9e+06	1.96396401690025	-4.10180587562054	-1.12568845056989
9e+06	1e+07	1.97231346846405	-4.01146128212249	-1.10147350735082
1e+07	1.1e+07	1.97142820008124	-3.91919763700505	-1.07896938417765
1.1e+07	1.2e+07	1.97273165036013	-3.84231588581341	-1.05935427657842
1.2e+07	1.3e+07	1.98715546670337	-3.77032475024665	-1.03422693797699
1.3e+07	1.4e+07	2.0219498639121	-3.71627720722946	-1.00312114651581
1.4e+07	1.5e+07	2.07951054328598	-3.67188665326855	-0.962484840493735
1.5e+07	1.6e+07	2.14333878772244	-3.6316547893004	-0.91983780055405
1.6e+07	1.7e+07	2.20117026196729	-3.59020537266634	-0.880059510015463
1.7e+07	1.8e+07	2.25863044541394	-3.54926567135635	-0.840853697297452
1.8e+07	1.9e+07	2.32185165068234	-3.504403133411	-0.797780852553969
1.9e+07	2e+07	2.3869258849777	-3.4582851536163	-0.753502844659523
2e+07	2.1e+07	2.44496048813752	-3.41721613460876	-0.713970573433478
2.1e+07	2.2e+07	2.4980190906103	-3.37986038867052	-0.677934967228526
2.2e+07	2.3e+07	2.55647949646662	-3.33883055335986	-0.638169154473516
2.3e+07	2.4e+07	2.57498311843918	-3.28895570770989	-0.613353060225197
2.4e+07	2.5e+07	2.56320114493105	-3.22323828087586	-0.596775324302704
2.5e+07	2.6e+07	2.51724787156567	-3.1533375266752	-0.594109146597616
2.6e+07	2.7e+07	2.47981977440022	-3.07283528246096	-0.583644083809141
2.7e+07	2.8e+07	2.4441576036031	-3.00413815500152	-0.576095973489746
2.8e+07	2.9e+07	2.40890339941201	-2.93030970166835	-0.566345183463984
2.9e+07	3e+07	2.3956634041229	-2.8621811837506	-0.572281726899199
3e+07	3.1e+07	2.39157958335258	-2.78981237041959	-0.585897001740677
3.1e+07	3.2e+07	2.40019736037515	-2.71218753500442	-0.610056646301616
3.2e+07	3.3e+07	2.40196668762664	-2.63342025945189	-0.629597078277528
3.3e+07	3.4e+07	2.40420407389211	-2.54189107025505	-0.652294056811191
3.4e+07	3.5e+07	2.4063419957798	-2.45737787184264	-0.673207071314319
3.5e+07	3.6e+07	2.38664871810661	-2.38302057470758	-0.698684171739104
3.6e+07	3.7e+07	2.33953217862354	-2.33003781241461	-0.727869173524259
3.7e+07	3.8e+07	2.26762612761099	-2.28350194977619	-0.763521557733355
3.8e+07	3.9e+07	2.19319200477708	-2.23721427692058	-0.79995884764515
3.9e+07	4e+07	2.12159184229678	-2.18843286590562	-0.836026646461735
4e+07	4.1e+07	2.06132377073647	-2.14728410500535	-0.866414298050253
4.1e+07	4.2e+07	2.01822969962642	-2.10923374655935	-0.904316235731501
4.2e+07	4.3e+07	1.98673063452125	-2.06787096320757	-0.956866886720811
4.3e+07	4.4e+07	1.96010825920738	-2.02289110418993	-1.01931206184045
4.4e+07	4.5e+07	1.92846079063014	-1.97329063466465	-1.08615595126783
4.5e+07	4.6e+07	1.90113864090468	-1.9308833939266	-1.14276419876361
4.6e+07	4.7e+07	1.87207083069903	-1.88552760134965	-1.20343089870122
4.7e+07	4.8e+07	1.84691745605294	-1.84620460874146	-1.2560457655332
4.8e+07	4.9e+07	1.82113861687142	-1.8057739215435	-1.31002234758949
4.9e+07	5e+07	1.79517858675275	-1.76495229226354	-1.36429890067803
5e+07	5.1e+07	1.76878725514613	-1.72336036897456	-1.41953916661946
5.1e+07	5.2e+07	1.73850057665467	-1.67435296722183	-1.47425671006114
5.2e+07	5.3e+07	1.70768534662869	-1.62371582140249	-1.52485743619091
5.3e+07	5.4e+07	1.66840168373314	-1.55837962649978	-1.58552017004822
5.4e+07	5.5e+07	1.63237481805914	-1.49853523138745	-1.64386181127992
5.5e+07	5.6e+07	1.61194895703396	-1.43164467554016	-1.68656297527635
5.6e+07	5.7e+07	1.61044261447448	-1.36260541988266	-1.70803326553425
5.7e+07	5.8e+07	1.61978078954626	-1.28354667424258	-1.7198076684154
5.8e+07	5.9e+07	1.6261712794992	-1.19732975337265	-1.73698792207817
5.9e+07	6e+07	1.63197938471863	-1.11522089134997	-1.75364121488194
6e+07	6.1e+07	1.63826109176402	-1.0463520852556	-1.74838729115573
6.1e+07	6.2e+07	1.64551507786472	-0.980695563841369	-1.72760206890221
6.2e+07	6.3e+07	1.65394127135641	-0.915931441831075	-1.69211399596553
6.3e+07	6.4e+07	1.66350002944882	-0.834990154867387	-1.66234402851229
6.4e+07	6.5e+07	1.67230917621856	-0.760269521692947	-1.63383038561425
6.5e+07	6.6e+07	1.68155461462924	-0.679695258685574	-1.60353990475426
6.6e+07	6.7e+07	1.69102718443141	-0.596318675523803	-1.57288131906895
6.7e+07	6.8e+07	1.69098011172814	-0.534086015936759	-1.52882695714748
6.8e+07	6.9e+07	1.71683751818419	-0.488848106195885	-1.47799859444452
6.9e+07	7e+07	1.74838156660788	-0.477594723762668	-1.39946782066438
7e+07	7.1e+07	1.79697146456215	-0.465528317475586	-1.32054002486903
7.1e+07	7.2e+07	1.82604801020486	-0.465136066752209	-1.23871343936991
7.2e+07	7.3e+07	1.83162445586925	-0.441532147124904	-1.18435340046977
7.3e+07	7.4e+07	1.80951665102794	-0.391860406539221	-1.13180345892194
7.4e+07	7.5e+07	1.76726174188806	-0.328129495095913	-1.08713946148345
7.5e+07	7.6e+07	1.72411757243949	-0.259888676300641	-1.034711318451
7.6e+07	7.7e+07	1.68645894874755	-0.199905093168603	-0.987317263837568
7.7e+07	7.8e+07	1.64823434528159	-0.138282503853961	-0.939473670938733
7.8e+07	7.9e+07	1.61473775834081	-0.0840750540121093	-0.897618854785334
7.9e+07	8e+07	1.58100634178408	-0.028837506788923	-0.85465392442164
8e+07	8.1e+07	1.54176157471413	0.0360931179216428	-0.804018088983195
8.1e+07	8.2e+07	1.50489281907998	0.0970726467310908	-0.756511162249393
8.2e+07	8.3e+07	1.49292473549612	0.153047077428307	-0.711306782875956
8.3e+07	8.4e+07	1.51197630675764	0.201057510784696	-0.670589125614152
8.4e+07	8.5e+07	1.55565888496072	0.247699394729352	-0.628764431132086
8.5e+07	8.6e+07	1.60611402419131	0.296084094030723	-0.58457030116213
8.6e+07	8.7e+07	1.66278075762979	0.343855275126332	-0.539822217879111
8.7e+07	8.8e+07	1.71722049717234	0.392462004386123	-0.494598919272792
8.8e+07	8.9e+07	1.76816671793784	0.438231308955993	-0.452643487202048
8.9e+07	9e+07	1.81092224050674	0.47685637323813	-0.41758379018683
9e+07	9.1e+07	1.82837515963331	0.668876036057027	-0.350216134694827
9.1e+07	9.2e+07	1.82877540105745	0.872498576782365	-0.289122006018838
9.2e+07	9.3e+07	1.81569737303449	1.08229368443309	-0.233930439330614
9.3e+07	9.4e+07	1.79075594353644	1.12591906531319	-0.21306612651778
9.4e+07	9.5e+07	1.74162326784746	1.14711621089551	-0.186885417333035
9.5e+07	9.6e+07	1.67216873299274	1.15537279794924	-0.154946910812522
9.6e+07	9.7e+07	1.60290860887779	1.16837089219681	-0.122089634989709
9.7e+07	9.8e+07	1.53446906034678	1.18259523977898	-0.0890643291927221
9.8e+07	9.9e+07	1.46388959079387	1.19689002578866	-0.0550645840731836
9.9e+07	1e+08	1.3911246641625	1.21140873746876	-0.0196890832186658
1e+08	1.01e+08	1.32242198348119	1.22524138437169	0.0138153334797919
1.01e+08	1.02e+08	1.25342564168065	1.23913383425815	0.0476944402107726
1.02e+08	1.03e+08	1.18621493144713	1.25264571363537	0.0805976336127325
1.03e+08	1.04e+08	1.13254358734062	1.27364144218503	0.0957081738938644
1.04e+08	1.05e+08	1.06743284487987	1.31587205966273	0.0955101114434432
1.05e+08	1.06e+08	1.00908748492014	1.3664410362619	0.0814925182608787
1.06e+08	1.07e+08	0.927742334038884	1.42999235145592	0.0697557884252219
1.07e+08	1.08e+08	0.86453657468222	1.48152049935987	0.0586156322964055
1.08e+08	1.09e+08	0.793962484062379	1.52188300940218	0.0641202317349548
1.09e+08	1.1e+08	0.728082552112984	1.54345710838194	0.0859917291929488
1.1e+08	1.11e+08	0.654126562819396	1.55709423774559	0.121601911251842
1.11e+08	1.12e+08	0.57568805773199	1.57566426471776	0.155026037782955
1.12e+08	1.13e+08	0.50069610285186	1.5937322833206	0.186649528500296
1.13e+08	1.14e+08	0.423460986087784	1.61230592699476	0.219179175475025
1.14e+08	1.15e+08	0.355105987906829	1.62869215979047	0.247866073794174
1.15e+08	1.16e+08	0.287022782172841	1.64476186484823	0.276278195967122
1.16e+08	1.17e+08	0.216376231583403	1.66127864973421	0.305517813855324
1.17e+08	1.18e+08	0.144488745152048	1.67508364632096	0.341576978143205
1.18e+08	1.19e+08	0.0543818272235247	1.69152464801399	0.388542911104403
1.19e+08	1.2e+08	-0.0232087347574944	1.70409744898173	0.431912824760871
1.2e+08	1.21e+08	-0.109425489585729	1.71996691969348	0.47548896591445
1.21e+08	1.22e+08	-0.180673399259311	1.73257931533764	0.512056271591045
1.22e+08	1.23e+08	-0.251328749704929	1.74500817155478	0.548514052124648
1.23e+08	1.24e+08	-0.318663650702887	1.75678876883378	0.583213591822234
1.24e+08	1.25e+08	-0.378650505758869	1.76717834217594	0.614134395941225
1.25e+08	1.26e+08	-0.44467471708757	1.77863763082566	0.648164664506375
1.26e+08	1.27e+08	-0.508852309752715	1.78981260389114	0.681130491517179
1.27e+08	1.28e+08	-0.59125395952343	1.80436671449443	0.723216076289448
1.28e+08	1.29e+08	-0.669834369518231	1.8182471135464	0.763182168849078
1.29e+08	1.3e+08	-0.752534799987591	1.83284691507411	0.805297060416678
1.3e+08	1.31e+08	-0.817933176452369	1.84438362627446	0.838709504559812
1.31e+08	1.32e+08	-0.893787610881618	1.85785630554808	0.877532282473797
1.32e+08	1.33e+08	-0.961741321433103	1.8700792990963	0.912321563743164
1.33e+08	1.34e+08	-1.03230817230102	1.88282812253051	0.948444180733502
1.34e+08	1.35e+08	-1.09201536864637	1.89321033403821	0.97946240417625
1.35e+08	1.36e+08	-1.15675599101223	1.90389628671524	1.01372732420161
1.36e+08	1.37e+08	-1.22580624133743	1.91457480051704	1.05122625362327
1.37e+08	1.38e+08	-1.2958793973987	1.92530096507585	1.08957829823098
1.38e+08	1.39e+08	-1.37334831768683	1.93701920967041	1.13220311250459
1.39e+08	1.4e+08	-1.45166396324385	1.94896849306187	1.17514046097425
1.4e+08	1.41e+08	-1.53079230560375	1.9611220745477	1.21833326107471
1.41e+08	1.42e+08	-1.59963211515459	1.97176196537709	1.25570682438429
1.42e+08	1.43e+08	-1.66748042054036	1.98227327369586	1.29242734198795
1.43e+08	1.44e+08	-1.73757050198335	1.99319610310928	1.3302328710018
1.44e+08	1.45e+08	-1.81217100260793	2.00493054800062	1.37037382843868
1.45e+08	1.46e+08	-1.88173025501728	2.01597041121019	1.40766289967397
1.46e+08	1.47e+08	-1.95854955732628	2.02815338665501	1.4488222546233
1.47e+08	1.48e+08	-2.03149657514132	2.03971418757569	1.48798831659688
1.48e+08	1.49e+08	-2.11351713469891	2.05271209774765	1.53207962415806
1.49e+08	1.5e+08	-2.18344718305814	2.06387764007911	1.56973093803957
1.5e+08	1.51e+08	-2.25296224585496	2.07496741572423	1.60705439459272
1.51e+08	1.52e+08	-2.32268673376048	2.0859216097501	1.64443051296342
1.52e+08	1.53e+08	-2.39736482584622	2.09746595413344	1.68451562578714
1.53e+08	1.54e+08	-2.4730394025539	2.10901652010082	1.72520725644909
1.54e+08	1.55e+08	-2.5496028468766	2.09090392897614	1.75242206059785
1.55e+08	1.56e+08	-2.62111849735657	2.05802785464119	1.77031944449684
1.56e+08	1.57e+08	-2.69492611927856	2.00493796520304	1.7797780630219
1.57e+08	1.58e+08	-2.75904987785707	1.96351035951966	1.79032258208491
1.58e+08	1.59e+08	-2.83078498139827	1.91685071565377	1.80199708720735
1.59e+08	1.6e+08	-2.89613066292521	1.87427217418058	1.81259707825291
1.6e+08	1.61e+08	-2.95941508344092	1.83261645604102	1.80545271701022
1.61e+08	1.62e+08	-3.01900474752622	1.8139523781831	1.78959114021298
1.62e+08	1.63e+08	-3.09056949839626	1.81130577149099	1.76144548403747
1.63e+08	1.64e+08	-3.1664140503723	1.82391963588116	1.740863826325
1.64e+08	1.65e+08	-3.25112383058549	1.83330889667712	1.71617535203602
1.65e+08	1.66e+08	-3.32718129144871	1.84174742855637	1.69413092718015
1.66e+08	1.67e+08	-3.41101654915687	1.85072372687195	1.67001281254949
1.67e+08	1.68e+08	-3.49167216709516	1.85941128366597	1.64677369279259
1.68e+08	1.69e+08	-3.56991415251053	1.86779519550667	1.62419752152076
1.69e+08	1.7e+08	-3.64075160572922	1.87611923279244	1.60457234657539
1.7e+08	1.71e+08	-3.72645216189019	1.88714286117361	1.58222308117467
1.71e+08	1.72e+08	-3.81851416498555	1.89969996839777	1.55892355220209
1.72e+08	1.73e+08	-3.90513298172937	1.91150933123598	1.53688369012282
1.73e+08	1.74e+08	-3.96567473305927	1.89952218040038	1.50564837915597
1.74e+08	1.75e+08	-4.00992384792636	1.87550517225759	1.47100666815736
1.75e+08	1.76e+08	-4.05868541802937	1.8350809485462	1.42210548458207
1.76e+08	1.77e+08	-4.10883803295412	1.80120045782683	1.37778243597708
1.77e+08	1.78e+08	-4.16170355210734	1.76700626942995	1.33226901584469
1.78e+08	1.79e+08	-4.21395755267594	1.73230809705215	1.2866368684895
1.79e+08	1.8e+08	-4.26446507692769	1.69897064813648	1.24256420223879
1.8e+08	1.81e+08	-4.31969831960672	1.66261500319212	1.19437128281771
1.81e+08	1.82e+08	-4.37173032046456	1.62856852182327	1.14893889625401
1.82e+08	1.83e+08	-4.42757403222954	1.59197908017599	1.10015797803442
1.83e+08	1.84e+08	-4.480313824261	1.55752687230191	1.05422385328409
1.84e+08	1.85e+08	-4.5395557968655	1.518819287701	1.00275304186582
1.85e+08	1.86e+08	-4.59064329197332	1.48544963560462	0.958459055865496
1.86e+08	1.87e+08	-4.64778074923222	1.44800383047542	0.909013525853693
1.87e+08	1.88e+08	-4.68080536370372	1.41226936839738	0.861791663483566
1.88e+08	1.89e+08	-4.70701136007912	1.37057216132729	0.806643178424239
1.89e+08	1.9e+08	-4.71277942962144	1.32804904510064	0.750303450639402
1.9e+08	1.91e+08	-4.71843476272319	1.28379312661323	0.691786966400313
1.91e+08	1.92e+08	-4.72059556021462	1.23681387114947	0.629712300581454
1.92e+08	1.93e+08	-4.72351589566673	1.18832946474358	0.565649474183351
1.93e+08	1.94e+08	-4.72646066408401	1.1420458673216	0.504507095585589
1.94e+08	1.95e+08	-4.72911266898855	1.10012665409769	0.449197984790406
1.95e+08	1.96e+08	-4.73037486859575	1.08001180838271	0.422649361951408
