0	1e+06	1.60662639450696e-06	4.74535532555629e-06	4.58920148075317e-06
1e+06	2e+06	1.60662652076696e-06	4.74535523289097e-06	4.58920138581499e-06
2e+06	3e+06	1.60662637449488e-06	4.74535533775096e-06	4.58920148326328e-06
3e+06	4e+06	1.60662641644315e-06	4.74535532991695e-06	4.58920147308523e-06
4e+06	5e+06	1.60662641113585e-06	4.74535533075682e-06	4.5892014736831e-06
5e+06	6e+06	1.60662626302509e-06	4.74535540804355e-06	4.58920157160589e-06
6e+06	7e+06	1.60662637728732e-06	4.74535531565345e-06	4.58920148805574e-06
7e+06	8e+06	1.60662639909302e-06	4.74535532699403e-06	4.58920148135579e-06
8e+06	9e+06	1.60662641380255e-06	4.7453553350036e-06	4.58920147417658e-06
9e+06	1e+07	1.59611629847967e-06	4.72859379876129e-06	4.56397929925735e-06
1e+07	1.1e+07	1.63140433262221e-06	4.73597633455046e-06	4.61184844637712e-06
1.1e+07	1.2e+07	1.59235991715292e-06	4.77149381670606e-06	4.59177712656572e-06
1.2e+07	1.3e+07	-4.80989954223436e-05	-4.06169904910834e-05	-1.17409090959909e-05
1.3e+07	1.4e+07	5.6920793484208e-07	4.675768039843e-06	3.00266788614739e-06
1.4e+07	1.5e+07	1.31540958945019e-06	4.60142088186731e-06	5.40500070312864e-06
1.5e+07	1.6e+07	2.93526061537607e-06	4.95887875058342e-06	5.35993525367912e-06
1.6e+07	1.7e+07	1.60662641056408e-06	4.7453553353832e-06	4.58920147432843e-06
1.7e+07	1.8e+07	2.33568094663985e-06	4.63756272640045e-06	4.51349874471122e-06
1.8e+07	1.9e+07	8.77571863147734e-07	4.85314794843243e-06	4.66490419904404e-06
1.9e+07	2e+07	1.60662640597091e-06	4.74535532921469e-06	4.58920147759299e-06
2e+07	2.1e+07	1.26918608019085e-06	4.65951132334559e-06	4.78704951467812e-06
2.1e+07	2.2e+07	1.9440388001974e-06	4.83118917253282e-06	4.39136037118454e-06
2.2e+07	2.3e+07	1.60665433752448e-06	4.74536551127715e-06	4.58919453114865e-06
2.3e+07	2.4e+07	1.60658009162862e-06	4.7453424082703e-06	4.58921366946172e-06
2.4e+07	2.5e+07	1.60644920965861e-06	4.74528697435414e-06	4.58924488345718e-06
2.5e+07	2.6e+07	1.60651469304977e-06	4.74531462774568e-06	4.58922924362161e-06
2.6e+07	2.7e+07	1.6065146964994e-06	4.74531462370768e-06	4.58922925434533e-06
2.7e+07	2.8e+07	1.60651470031439e-06	4.74531462353686e-06	4.58922924166192e-06
2.8e+07	2.9e+07	1.60651468631186e-06	4.74531460366001e-06	4.58922926616515e-06
2.9e+07	3e+07	1.60651472061354e-06	4.74531462589513e-06	4.58922924387784e-06
3e+07	3.1e+07	1.60447168671003e-06	4.74511566604034e-06	4.58085222506967e-06
3.1e+07	3.2e+07	1.60855773968652e-06	4.74551358957915e-06	4.59760625967292e-06
3.2e+07	3.3e+07	1.60651471133705e-06	4.74531462470888e-06	4.58922924663469e-06
3.3e+07	3.4e+07	1.60651473367656e-06	4.7453146321016e-06	4.58922923273655e-06
3.4e+07	3.5e+07	1.60651473229101e-06	4.74531463085841e-06	4.58922923198684e-06
3.5e+07	3.6e+07	1.60651473555795e-06	4.74531460554378e-06	4.58922925961704e-06
3.6e+07	3.7e+07	1.60651474047141e-06	4.74531463083468e-06	4.58922922761194e-06
3.7e+07	3.8e+07	1.60651476241234e-06	4.74531463515265e-06	4.5892292222738e-06
3.8e+07	3.9e+07	1.60651474286053e-06	4.7453146395228e-06	4.58922924290036e-06
3.9e+07	4e+07	1.60651474456398e-06	4.74531462109318e-06	4.58922923141269e-06
4e+07	4.1e+07	1.60651472249019e-06	4.74531461896267e-06	4.58922924669163e-06
4.1e+07	4.2e+07	1.60651472017463e-06	4.74531460888901e-06	4.58922924669637e-06
4.2e+07	4.3e+07	1.60651517288662e-06	4.745314287201e-06	4.58922889579333e-06
4.3e+07	4.4e+07	1.60651430008221e-06	4.7453149663022e-06	4.58922956661449e-06
4.4e+07	4.5e+07	1.60651472951755e-06	4.74531462347992e-06	4.58922924617442e-06
4.5e+07	4.6e+07	1.60651476361283e-06	4.74531463451207e-06	4.58922923071992e-06
4.6e+07	4.7e+07	1.60651472140596e-06	4.74531462244076e-06	4.58922924324201e-06
4.7e+07	4.8e+07	1.60651473944175e-06	4.74531462373615e-06	4.58922922882192e-06
4.8e+07	4.9e+07	1.60651470895268e-06	4.74531461583096e-06	4.58922924534404e-06
4.9e+07	5e+07	1.60651474619864e-06	4.7453146375299e-06	4.58922923237119e-06
5e+07	5.1e+07	1.6065145504622e-06	4.7453147391965e-06	4.58922881025502e-06
5.1e+07	5.2e+07	1.60651473466115e-06	4.74531461581198e-06	4.58922923250405e-06
5.2e+07	5.3e+07	1.60651489940792e-06	4.74531451472902e-06	4.58922964779214e-06
5.3e+07	5.4e+07	1.60651473314037e-06	4.74531460229345e-06	4.58922923202005e-06
5.4e+07	5.5e+07	1.60651473706212e-06	4.74531463407553e-06	4.58922923130356e-06
5.5e+07	5.6e+07	1.60651471200135e-06	4.74531462822967e-06	4.58922924901668e-06
5.6e+07	5.7e+07	1.60651473162908e-06	4.74531462741828e-06	4.58922922436161e-06
5.7e+07	5.8e+07	1.60651430085565e-06	4.74531520995851e-06	4.58922956597866e-06
5.8e+07	5.9e+07	1.60651516448795e-06	4.74531402004266e-06	4.58922887351076e-06
5.9e+07	6e+07	1.60376291976234e-06	5.04122622609333e-06	4.77974492633927e-06
6e+07	6.1e+07	1.60926722747016e-06	4.44940206118807e-06	4.39871294696597e-06
6.1e+07	6.2e+07	1.60653950606836e-06	4.74530983841173e-06	4.58921797144985e-06
6.2e+07	6.3e+07	9.22748976065892e-07	5.73982323476659e-06	4.05212105540928e-06
6.3e+07	6.4e+07	2.29025673535028e-06	3.75080935784343e-06	5.1263477825151e-06
6.4e+07	6.5e+07	1.60614368310788e-06	4.74538108604914e-06	4.5893818047868e-06
6.5e+07	6.6e+07	1.60800891313841e-06	4.74403347631749e-06	4.58817338226502e-06
6.6e+07	6.7e+07	1.60799236775311e-06	4.74605923787868e-06	4.58906162726786e-06
6.7e+07	6.8e+07	1.60800061946451e-06	4.74504631557687e-06	4.58861745951327e-06
6.8e+07	6.9e+07	1.60800065350759e-06	4.74504634143243e-06	4.58861751117695e-06
6.9e+07	7e+07	1.60800064813149e-06	4.74504636286565e-06	4.58861750069996e-06
7e+07	7.1e+07	1.60800065158823e-06	4.74504638306516e-06	4.58861749194542e-06
7.1e+07	7.2e+07	1.60800064894763e-06	4.74504633469926e-06	4.58861751312715e-06
7.2e+07	7.3e+07	1.60800064990138e-06	4.74504635773154e-06	4.58861750032985e-06
7.3e+07	7.4e+07	1.61782773078571e-06	4.74892861103948e-06	4.58963103093731e-06
7.4e+07	7.5e+07	1.60935316130749e-06	4.75730290360169e-06	4.58733433167419e-06
7.5e+07	7.6e+07	1.60684672808738e-06	4.75162383714581e-06	4.58764489966842e-06
7.6e+07	7.7e+07	1.61802651092322e-06	4.76776260498784e-06	4.58737527657174e-06
7.7e+07	7.8e+07	1.6180263873062e-06	4.76776263101422e-06	4.58737522158181e-06
7.8e+07	7.9e+07	1.61802625532135e-06	4.76776261641857e-06	4.58737519343441e-06
7.9e+07	8e+07	1.61802644131154e-06	4.76776262834278e-06	4.58737502211105e-06
8e+07	8.1e+07	1.61802632359731e-06	4.76776261517063e-06	4.58737545009679e-06
8.1e+07	8.2e+07	1.61802638532516e-06	4.76776262022881e-06	4.58737523236248e-06
8.2e+07	8.3e+07	1.61855338778444e-06	4.76770958451228e-06	4.58709869704248e-06
8.3e+07	8.4e+07	1.61804112433467e-06	4.76776044231156e-06	4.5873693055403e-06
8.4e+07	8.5e+07	1.61801164502263e-06	4.76776479056354e-06	4.58738115281685e-06
8.5e+07	8.6e+07	1.6180264519546e-06	4.7677626655579e-06	4.5873749557236e-06
8.6e+07	8.7e+07	1.61802637566906e-06	4.76776259635666e-06	4.58737522634106e-06
8.7e+07	8.8e+07	1.61802637828119e-06	4.76776262567609e-06	4.5873752298239e-06
8.8e+07	8.9e+07	1.61802636295718e-06	4.76776260794398e-06	4.58737530246052e-06
8.9e+07	9e+07	1.61802638984241e-06	4.76776262274841e-06	4.5873752385215e-06
9e+07	9.1e+07	1.6180263591066e-06	4.76776262408176e-06	4.58737521946079e-06
9.1e+07	9.2e+07	1.61802639750323e-06	4.76776261677445e-06	4.58737523930443e-06
9.2e+07	9.3e+07	1.61802639517105e-06	4.76776261676495e-06	4.58737522983339e-06
9.3e+07	9.4e+07	1.61802637378766e-06	4.76776261290252e-06	4.58737524596642e-06
9.4e+07	9.5e+07	1.61802638771664e-06	4.76776261444939e-06	4.58737523767689e-06
9.5e+07	9.6e+07	1.61802636984219e-06	4.76776263012691e-06	4.58737520933494e-06
9.6e+07	9.7e+07	1.61802636923008e-06	4.76776261113263e-06	4.58737522815365e-06
9.7e+07	9.8e+07	-4.2772625142081e-05	1.77471933760313e-05	-3.61636999714371e-05
9.8e+07	9.9e+07	4.28403889112605e-05	-3.26024140389397e-05	6.99005477291389e-05
9.9e+07	1e+08	-7.94754900332369e-07	-1.66583820044614e-05	6.21681637583357e-06
1e+08	1.01e+08	1.50817392510872e-05	-5.32332161416051e-05	-1.09583556353598e-05
1.01e+08	1.02e+08	-1.67597240366203e-05	3.05771011898194e-05	-6.2614642864186e-05
1.02e+08	1.03e+08	-6.90477927868376e-05	1.85399500204107e-05	4.11066579475718e-05
1.03e+08	1.04e+08	-6.95182804792419e-05	6.77835264867129e-05	4.89298720691417e-05
1.04e+08	1.05e+08	-2.58303742976694e-05	-1.25183221447324e-05	7.41234367871847e-05
1.05e+08	1.06e+08	-2.69174875562071e-05	-6.54948162062313e-05	1.26947003295065e-05
1.06e+08	1.07e+08	-3.98900759069075e-06	-1.61988486065487e-06	2.57144099029128e-06
1.07e+08	1.08e+08	2.35838669573055e-06	7.17864923399139e-06	9.17346314808998e-06
1.08e+08	1.09e+08	6.48632002351664e-06	8.74121891932588e-06	2.01984834697119e-06
1.09e+08	1.1e+08	6.70266676873408e-07	9.21733308637719e-06	8.72449591680862e-06
1.1e+08	1.11e+08	2.56578728658721e-06	3.18191757905245e-07	4.50256463368064e-07
1.11e+08	1.12e+08	1.61802690639377e-06	4.7677626567654e-06	4.58737536770442e-06
1.12e+08	1.13e+08	-4.48798568068144e-06	-1.74044303841313e-05	4.07353238260421e-05
1.13e+08	1.14e+08	7.72403841132419e-06	2.69399556100408e-05	-3.15605733705462e-05
1.14e+08	1.15e+08	1.61802586857925e-06	4.76776260418593e-06	4.58737507064302e-06
1.15e+08	1.16e+08	3.49395709916523e-06	1.05192100226653e-05	-1.61402075702679e-05
1.16e+08	1.17e+08	-2.57904342315783e-07	-9.83684785809171e-07	2.53149580238706e-05
1.17e+08	1.18e+08	4.74828261486703e-06	2.55505015175017e-06	1.18671518717996e-05
1.18e+08	1.19e+08	-1.51127027140002e-06	6.98179954392992e-06	-2.69201474092211e-06
1.19e+08	1.2e+08	1.61913826984759e-06	4.76774859030897e-06	4.587446871022e-06
1.2e+08	1.21e+08	1.61369003805827e-06	4.76783117307969e-06	4.58711876366472e-06
1.21e+08	1.22e+08	1.61346742926178e-06	4.7678038042322e-06	4.58705960592575e-06
1.22e+08	1.23e+08	1.61358028247307e-06	4.76781991473489e-06	4.58708748926527e-06
1.23e+08	1.24e+08	1.61357876400081e-06	4.76781870139767e-06	4.58708865100525e-06
1.24e+08	1.25e+08	1.6135787917615e-06	4.76781869139519e-06	4.58708865012267e-06
1.25e+08	1.26e+08	1.61468402279893e-06	4.77238467233318e-06	4.58668030560536e-06
1.26e+08	1.27e+08	1.61247351715774e-06	4.76325283669346e-06	4.58749705328357e-06
1.27e+08	1.28e+08	1.61357878854438e-06	4.76781870129803e-06	4.58708863874888e-06
1.28e+08	1.29e+08	1.61357878504019e-06	4.76781871090193e-06	4.58708864690556e-06
1.29e+08	1.3e+08	1.61357875596276e-06	4.76781871835159e-06	4.58708865677992e-06
1.3e+08	1.31e+08	1.61357875666028e-06	4.76781870200029e-06	4.58708865975979e-06
1.31e+08	1.32e+08	1.61357877665813e-06	4.76781868518397e-06	4.58708865368143e-06
1.32e+08	1.33e+08	1.61357878255618e-06	4.76781868911758e-06	4.58708864833855e-06
1.33e+08	1.34e+08	1.61357878861318e-06	4.76781870020667e-06	4.58708863421265e-06
1.34e+08	1.35e+08	1.61406992370896e-06	4.7674594599177e-06	4.58712972952705e-06
1.35e+08	1.36e+08	1.61357871901336e-06	4.76781892534795e-06	4.58708906205604e-06
1.36e+08	1.37e+08	1.61358622681146e-06	4.76781350927873e-06	4.58708887389264e-06
1.37e+08	1.38e+08	1.61357143453208e-06	4.76782402953709e-06	4.58708858961904e-06
1.38e+08	1.39e+08	1.61357877632598e-06	4.76781870042494e-06	4.58708864821518e-06
1.39e+08	1.4e+08	4.69992675115265e-05	2.50710202715164e-05	-6.87629245896391e-05
1.4e+08	1.41e+08	3.0889959402773e-07	1.28816969978922e-05	1.83597030786625e-06
1.41e+08	1.42e+08	2.85098024914168e-06	2.12069138808387e-05	-1.09683435420818e-05
1.42e+08	1.43e+08	8.00803532385394e-06	2.62602978590722e-05	7.1189293775718e-06
1.43e+08	1.44e+08	5.39830955229051e-05	0.00011034615253039	7.25663806134793e-05
1.44e+08	1.45e+08	9.56858868311111e-05	3.92200209740109e-09	6.54341736291214e-05
1.45e+08	1.46e+08	9.91354483251081e-05	-0.00010612638510153	-5.81768181604387e-06
1.46e+08	1.47e+08	1.60653648960568e-06	4.77219618985609e-06	4.60647914629809e-06
1.47e+08	1.48e+08	-9.59012484854321e-05	0.00011565764501758	1.49724686202704e-05
1.48e+08	1.49e+08	-0.00015379315986232	0.000110388331316466	0.000416802233536674
1.49e+08	1.5e+08	1.62070145301464e-06	4.76346004669855e-06	4.56765786016009e-06
1.5e+08	1.51e+08	0.00015701319473878	-0.000100848335250886	-0.000407608625442703
1.51e+08	1.52e+08	2.47347683334298e-05	0.000281885641116516	-2.611990466392e-05
1.52e+08	1.53e+08	-2.15076107844339e-05	-0.000272350003708307	3.5294081961176e-05
1.53e+08	1.54e+08	1.61357877548848e-06	4.76781869979386e-06	4.58708864791624e-06
1.54e+08	1.55e+08	-0.413703408536105	1.20096963221919	0.331912152579225
1.55e+08	1.56e+08	0.41370663569366	-1.20096009658178	-0.331902978401927
1.56e+08	1.57e+08	1.61357877989897e-06	4.76781868240339e-06	4.58708868360821e-06
1.57e+08	1.58e+08	1.61357881489343e-06	4.76781862282504e-06	4.58708881846617e-06
1.58e+08	1.59e+08	1.61357876657498e-06	4.76781868158251e-06	4.58708870851003e-06
1.59e+08	1.6e+08	1.61357877840666e-06	4.76781868328122e-06	4.58708867666152e-06
1.6e+08	1.61e+08	1.61357878051345e-06	4.76781867959909e-06	4.58708870205207e-06
1.61e+08	1.62e+08	1.61357894640377e-06	4.767818582203e-06	4.58708824282993e-06
1.62e+08	1.63e+08	1.61357895688787e-06	4.76781856423839e-06	4.58708824198057e-06
1.63e+08	1.64e+08	-2.05259072869149e-05	5.36880045256115e-06	4.49559090026911e-06
1.64e+08	1.65e+08	-2.5719641761545e-05	-0.000103910469887749	-0.000100218586370722
1.65e+08	1.66e+08	7.85306083231656e-05	0.00151414871721593	0.00312611747478077
1.66e+08	1.67e+08	2.11483675096517e-05	6.01039446715498e-06	5.84020910598984e-06
1.67e+08	1.68e+08	-4.26323501209342e-06	-2.36840958363776e-07	-4.61926074383257e-06
1.68e+08	1.69e+08	0.000285886689941903	0.00130416710357686	-0.00116243944261826
1.69e+08	1.7e+08	0.000417547465884047	0.0003105569448237	-0.00315446707474885
1.7e+08	1.71e+08	7.25899876843433e-06	9.71209930242382e-06	1.306260802545e-05
1.71e+08	1.72e+08	4.18179195989073e-05	-3.73603348224275e-05	2.67623181320344e-05
1.72e+08	1.73e+08	-2.06221206324287e-05	5.17845631406356e-05	-5.75582461758706e-06
1.73e+08	1.74e+08	-1.63550676615584e-05	-1.20762226621493e-07	-7.24522804506686e-06
1.74e+08	1.75e+08	-7.65280907505457e-06	1.00004945988808e-05	6.53840384830059e-06
1.75e+08	1.76e+08	-6.77368688989704e-06	-3.27208413779433e-06	-4.95498876237642e-06
1.76e+08	1.77e+08	1.92672378698653e-05	7.57503472110232e-06	1.21778488053796e-05
1.77e+08	1.78e+08	9.46326950866643e-05	-3.48777966659006e-05	-2.71870803413975e-05
1.78e+08	1.79e+08	-0.000778531699996287	-0.00299629025741882	0.00121996275342538
