0	1e+06	2.27471897144455	1.35011519255783	1.45184873056476
1e+06	2e+06	2.27798008612637	1.31354390683891	1.49502258368642
2e+06	3e+06	2.28316159804874	1.25547516463436	1.56353001393053
3e+06	4e+06	2.2666333098146	1.20000972890224	1.61711575524156
4e+06	5e+06	2.21080192001678	1.1610116196492	1.62999539563624
5e+06	6e+06	2.13220661995045	1.12904616520353	1.62219836470503
6e+06	7e+06	2.0413862344219	1.09803594924313	1.60803418296256
7e+06	8e+06	1.95572603882387	1.07083418902269	1.59407710394062
8e+06	9e+06	1.87168351314077	1.05648183565452	1.59414828902187
9e+06	1e+07	1.79243646661212	1.06384110853731	1.62078094384166
1e+07	1.1e+07	1.7276791037241	1.09471125825761	1.67367893212403
1.1e+07	1.2e+07	1.66400900972158	1.13660939344138	1.73999330496018
1.2e+07	1.3e+07	1.64749993751917	1.170422101268	1.80478743179507
1.3e+07	1.4e+07	1.67890293703632	1.19317262004483	1.87402281249586
1.4e+07	1.5e+07	1.7040465543545	1.2189130912188	1.94524523192085
1.5e+07	1.6e+07	1.70251743743778	1.25558966661537	2.0238635491803
1.6e+07	1.7e+07	1.66342722402853	1.30392685942779	2.10418019587839
1.7e+07	1.8e+07	1.64237568490462	1.34573175840653	2.18127615412823
1.8e+07	1.9e+07	1.62069790838457	1.38710373399168	2.25711965385986
1.9e+07	2e+07	1.59817234033475	1.42735167163014	2.32995909821894
2e+07	2.1e+07	1.60261866618031	1.45109735519777	2.40352131949034
2.1e+07	2.2e+07	1.63090742822866	1.46224116801104	2.48395458490329
2.2e+07	2.3e+07	1.67928077209957	1.46105128105294	2.56525587416262
2.3e+07	2.4e+07	1.72443106784446	1.46523556800328	2.65623391290577
2.4e+07	2.5e+07	1.76836250158648	1.4688949808846	2.74362185671456
2.5e+07	2.6e+07	1.80418305733397	1.49558525626312	2.81855084753458
2.6e+07	2.7e+07	1.83320672290135	1.54056682047188	2.88250021984524
2.7e+07	2.8e+07	1.82698687049306	1.60440004941064	2.92556772132399
2.8e+07	2.9e+07	1.79061532489122	1.66383044014922	2.95783109563445
2.9e+07	3e+07	1.73050145464415	1.73246313881022	2.96840127681241
3e+07	3.1e+07	1.67084014297022	1.81382298128106	2.97506786939576
3.1e+07	3.2e+07	1.62047230021618	1.90162225557519	2.98288742878786
3.2e+07	3.3e+07	1.56623448478288	1.98871792707795	2.99307293901756
3.3e+07	3.4e+07	1.51340124584304	2.0741746641221	3.00239402491377
3.4e+07	3.5e+07	1.46047676172177	2.1603947846458	3.01178571226335
3.5e+07	3.6e+07	1.40548948945516	2.24760438289958	3.00432947738059
3.6e+07	3.7e+07	1.35264369546213	2.32854446751649	2.98320905613191
3.7e+07	3.8e+07	1.30003877952042	2.40687317660393	2.94931188327334
3.8e+07	3.9e+07	1.24830270055249	2.48411392530833	2.91798192828801
3.9e+07	4e+07	1.19964933111527	2.55688579577187	2.88877311712449
4e+07	4.1e+07	1.13975222137696	2.6254386945263	2.86001638851282
4.1e+07	4.2e+07	1.07850363024876	2.68217350133301	2.83519946700437
4.2e+07	4.3e+07	1.00606380782896	2.73901860394498	2.80941459234283
4.3e+07	4.4e+07	0.932939364768	2.79819115368478	2.7830098716556
4.4e+07	4.5e+07	0.856938668213943	2.85957068984902	2.7557701728942
4.5e+07	4.6e+07	0.787624727593511	2.9150716193163	2.73128874561184
4.6e+07	4.7e+07	0.724635348961325	2.88554590692273	2.55611803481182
4.7e+07	4.8e+07	0.682843469614479	2.82753470055855	2.36624048719263
4.8e+07	4.9e+07	0.657356997753135	2.74425083040768	2.15824999243139
4.9e+07	5e+07	0.65017446546701	2.70821888889075	2.07395729386402
5e+07	5.1e+07	0.64267930033896	2.67263807506141	1.98995017730953
5.1e+07	5.2e+07	0.634232962164911	2.63518708814531	1.90050938448725
5.2e+07	5.3e+07	0.626353899008629	2.6001210493614	1.81684887123451
5.3e+07	5.4e+07	0.618616584732259	2.56557988406271	1.73446001169664
5.4e+07	5.5e+07	0.610936337308392	2.5314236218429	1.65317912586273
5.5e+07	5.6e+07	0.603386270471015	2.49783997975167	1.57315439715124
5.6e+07	5.7e+07	0.594738859292622	2.45926039611841	1.48095725936978
5.7e+07	5.8e+07	0.586396813104916	2.42180972062774	1.39046633328413
5.8e+07	5.9e+07	0.57906122306679	2.38627511376049	1.29990152894273
5.9e+07	6e+07	0.572818342083874	2.35336183366184	1.21075458585875
6e+07	6.1e+07	0.567167060793082	2.32105463384299	1.11954851021316
6.1e+07	6.2e+07	0.561084038740777	2.28654351766554	1.02263178402608
6.2e+07	6.3e+07	0.554956338229934	2.25178685485102	0.92534697502116
6.3e+07	6.4e+07	0.548479280633976	2.21506083827976	0.822470889167963
6.4e+07	6.5e+07	0.54290103454008	2.18318848846828	0.733432475192715
6.5e+07	6.6e+07	0.537868797049896	2.1541771496388	0.652436532106375
6.6e+07	6.7e+07	0.470425423077703	1.96447816153018	0.159157253586329
6.7e+07	6.8e+07	0.463015635988676	1.92863677564372	0.0598615888745685
6.8e+07	6.9e+07	0.46208838081453	1.87758519815919	-0.024376874968781
6.9e+07	7e+07	0.530835234911114	1.97259698753042	0.323773782428333
7e+07	7.1e+07	0.546396625049538	1.89379667506921	0.285462264225642
7.1e+07	7.2e+07	0.564027122426739	1.81016799424363	0.246551588225871
7.2e+07	7.3e+07	0.582108338699724	1.72892599024407	0.212499966535661
7.3e+07	7.4e+07	0.600156172756917	1.64904008750096	0.182289364168084
7.4e+07	7.5e+07	0.616342649264794	1.57379666147871	0.152494290235619
7.5e+07	7.6e+07	0.631956296575094	1.50032397029393	0.123445011145437
7.6e+07	7.7e+07	0.647831187904338	1.42642500718004	0.0943378970271037
7.7e+07	7.8e+07	0.664676771284912	1.34775894302984	0.0632344345760578
7.8e+07	7.9e+07	0.681735598832557	1.26741744907471	0.0314562579848067
7.9e+07	8e+07	0.698535229300209	1.18818899127082	7.43039219815647e-05
8e+07	8.1e+07	0.7202356505117	1.08618806495546	-0.0404367430872483
8.1e+07	8.2e+07	0.741717187070092	0.985001195890537	-0.0806079857958108
8.2e+07	8.3e+07	0.772460724290545	0.885977401112663	-0.0997563250494592
8.3e+07	8.4e+07	0.80977352913889	0.826379891920191	-0.0723435641023641
8.4e+07	8.5e+07	0.862498919937049	0.763869789822715	-0.0162375420632628
8.5e+07	8.6e+07	0.930574495733899	0.69006730674505	0.0616514743072959
8.6e+07	8.7e+07	0.970359918044222	0.622240775102304	0.0995024810518461
8.7e+07	8.8e+07	0.968811818707363	0.549372550567876	0.0878118596900774
8.8e+07	8.9e+07	0.919825012516053	0.480796890846258	0.0177349087718163
8.9e+07	9e+07	0.869640521651558	0.399124614824764	-0.0552070517661782
9e+07	9.1e+07	0.827972441337099	0.331509097220243	-0.114981070763422
9.1e+07	9.2e+07	0.79008935156335	0.274679886672327	-0.167844320367214
9.2e+07	9.3e+07	0.747264304834016	0.21262982410098	-0.226961130806571
9.3e+07	9.4e+07	0.701580143517904	0.145692937536811	-0.290356838752981
9.4e+07	9.5e+07	0.656278361108381	0.0790316610328871	-0.353306321568731
9.5e+07	9.6e+07	0.601383610331263	0.042386357357972	-0.397136203314022
9.6e+07	9.7e+07	0.521394826236692	0.0170321779431211	-0.4402830649095
9.7e+07	9.8e+07	0.436224561600658	0.00730339224386088	-0.473524446510241
9.8e+07	9.9e+07	0.374372141704197	-0.0346662126877694	-0.535633323898619
9.9e+07	1e+08	0.342253401971622	-0.0852937379818456	-0.603372108668982
1e+08	1.01e+08	0.332689787669209	-0.154264868144699	-0.695471483029858
1.01e+08	1.02e+08	0.328650247481945	-0.214647089644988	-0.781199184853466
1.02e+08	1.03e+08	0.336404655670019	-0.273177563264924	-0.866614597842205
1.03e+08	1.04e+08	0.340942072657029	-0.326511059440533	-0.943847285389672
1.04e+08	1.05e+08	0.343427392390521	-0.379204088297492	-1.01992285730339
1.05e+08	1.06e+08	0.345376592908874	-0.431126992896741	-1.09509702262507
1.06e+08	1.07e+08	0.328124255892613	-0.490574951511489	-1.14686806690583
1.07e+08	1.08e+08	0.299979493334362	-0.56594542782289	-1.2001923388158
1.08e+08	1.09e+08	0.264018920231401	-0.643751247845741	-1.24261730084316
1.09e+08	1.1e+08	0.236158508408825	-0.72429250281903	-1.30313814224176
1.1e+08	1.11e+08	0.207063396927511	-0.802144541181227	-1.35793519307961
1.11e+08	1.12e+08	0.181117975907666	-0.881000893036201	-1.42036679919018
1.12e+08	1.13e+08	0.160338683416356	-0.954829658497467	-1.48567327957179
1.13e+08	1.14e+08	0.147404139480584	-1.01446887622102	-1.54594629618139
1.14e+08	1.15e+08	0.132486244097617	-1.07900622836341	-1.60911029992698
1.15e+08	1.16e+08	0.113364558116257	-1.14795236870662	-1.66408323512074
1.16e+08	1.17e+08	0.103101308198149	-1.20669678611147	-1.73595859909758
1.17e+08	1.18e+08	0.101690871951279	-1.25198210144333	-1.8185168583546
1.18e+08	1.19e+08	0.109474045013855	-1.28461220594623	-1.91416926222669
1.19e+08	1.2e+08	0.112702252261686	-1.32371729548748	-2.00299680631171
1.2e+08	1.21e+08	0.114481052344426	-1.37224548990559	-2.10300142546772
1.21e+08	1.22e+08	0.116167666755285	-1.41503450055079	-2.19304504600517
1.22e+08	1.23e+08	0.0933397040718882	-1.45953718590901	-2.23820029403743
1.23e+08	1.24e+08	0.0425997248620921	-1.5059138320031	-2.2319492419784
1.24e+08	1.25e+08	-0.0325845759907899	-1.56558769571199	-2.20389666544672
1.25e+08	1.26e+08	-0.107708938780163	-1.63147239621577	-2.18891165527996
1.26e+08	1.27e+08	-0.183756773689544	-1.69759474537208	-2.17225115596178
1.27e+08	1.28e+08	-0.259336700787697	-1.76277790845413	-2.15456143059588
1.28e+08	1.29e+08	-0.334419284164372	-1.82750237554055	-2.13678254011537
1.29e+08	1.3e+08	-0.403191559478818	-1.88684335612938	-2.12054268029629
1.3e+08	1.31e+08	-0.469688957004475	-1.94429087600093	-2.10482514955981
1.31e+08	1.32e+08	-0.539202116090562	-2.0043576112967	-2.08838177982345
1.32e+08	1.33e+08	-0.617355930336501	-2.07172230744932	-2.06969566169536
1.33e+08	1.34e+08	-0.694608957822115	-2.1383257564028	-2.05115851547189
1.34e+08	1.35e+08	-0.781375065413825	-2.21400059423972	-2.03061332149363
1.35e+08	1.36e+08	-0.858106012143092	-2.28150384402542	-2.01274226104028
1.36e+08	1.37e+08	-0.939445088484234	-2.35334262953045	-1.99401432852487
1.37e+08	1.38e+08	-1.01441784283174	-2.4190829785689	-1.976819306147
1.38e+08	1.39e+08	-1.10204836517117	-2.49594189790374	-1.95667822537605
1.39e+08	1.4e+08	-1.19291429211993	-2.57559324172614	-1.93576718772546
1.4e+08	1.41e+08	-1.26968424821416	-2.64301748161706	-1.91801617650774
1.41e+08	1.42e+08	-1.34140904831144	-2.70599286050315	-1.90138686225703
1.42e+08	1.43e+08	-1.4027983284421	-2.74070751217981	-1.86254891426348
1.43e+08	1.44e+08	-1.47549576361472	-2.77704924910702	-1.81055024095099
1.44e+08	1.45e+08	-1.54865956238125	-2.80511173668894	-1.74749493606626
1.45e+08	1.46e+08	-1.62832595172621	-2.84915623579416	-1.69616351648717
1.46e+08	1.47e+08	-1.71127275571492	-2.89333084528296	-1.64077695733069
1.47e+08	1.48e+08	-1.78955118010773	-2.93369315107617	-1.58697971387868
1.48e+08	1.49e+08	-1.86889040112947	-2.97465580533445	-1.53256651839169
1.49e+08	1.5e+08	-1.94893393166886	-3.01606247444547	-1.47795947319025
1.5e+08	1.51e+08	-2.02959183600019	-3.03222048226209	-1.44933368508169
1.51e+08	1.52e+08	-2.11548438636356	-3.02945055060143	-1.43938651814651
1.52e+08	1.53e+08	-2.20719666983296	-3.00738439487694	-1.4485035243039
1.53e+08	1.54e+08	-2.30158711741421	-2.99311894016831	-1.44942042287589
1.54e+08	1.55e+08	-2.39633440841607	-2.97830920983169	-1.45118460747218
1.55e+08	1.56e+08	-2.47846594777422	-2.96235183688792	-1.45627457120077
1.56e+08	1.57e+08	-2.56231611372827	-2.94632562752372	-1.46138561124381
1.57e+08	1.58e+08	-2.65465733993439	-2.92848653054746	-1.46735967373654
1.58e+08	1.59e+08	-2.75087201587009	-2.90970070692124	-1.47389893659325
1.59e+08	1.6e+08	-2.83455490699799	-2.89221422844704	-1.49343951448031
1.6e+08	1.61e+08	-2.91863076389773	-2.87345097635937	-1.52598735627347
1.61e+08	1.62e+08	-2.99931368893766	-2.85494968318719	-1.56389164134684
1.62e+08	1.63e+08	-3.09696727460577	-2.83351260795871	-1.59714621577499
1.63e+08	1.64e+08	-3.16363772444678	-2.80341284533883	-1.62953215406213
1.64e+08	1.65e+08	-3.22282803568613	-2.75233857258154	-1.67673204160669
1.65e+08	1.66e+08	-3.26573242360001	-2.68734099523714	-1.73186070734416
1.66e+08	1.67e+08	-3.31497859871533	-2.61897628256474	-1.79037792918926
1.67e+08	1.68e+08	-3.35444675973172	-2.56408120712654	-1.85721296912996
1.68e+08	1.69e+08	-3.38697440874256	-2.51579407288897	-1.92996633981962
1.69e+08	1.7e+08	-3.41287656562169	-2.47458049793842	-2.00796016600483
1.7e+08	1.71e+08	-3.44124826719562	-2.43093021674641	-2.08082641918754
1.71e+08	1.72e+08	-3.4828621463555	-2.39096075999888	-2.14429358155618
1.72e+08	1.73e+08	-3.54007833053509	-2.35485976876627	-2.19801472485436
1.73e+08	1.74e+08	-3.61083998935826	-2.32385806980511	-2.24013681257383
1.74e+08	1.75e+08	-3.69044124345526	-2.28942722391018	-2.28688766214025
1.75e+08	1.76e+08	-3.76350132248844	-2.25702366739723	-2.33103762437608
1.76e+08	1.77e+08	-3.81226524548146	-2.20630451477383	-2.36414118786826
1.77e+08	1.78e+08	-3.83640269936682	-2.14374576271785	-2.38461075086066
1.78e+08	1.79e+08	-3.83889281364424	-2.10236747063936	-2.39060813222433
