0	1e+06	-0.0119396743683825	0.0287747701916055	-0.00833505614719737
1e+06	2e+06	-0.0119396746938787	0.0287747700399087	-0.00833505623766736
2e+06	3e+06	-0.0119396741814647	0.0287747705349167	-0.00833505616837649
3e+06	4e+06	-0.0123114577505628	0.0278550437683797	-0.0085138272392692
4e+06	5e+06	-0.011567889717885	0.0296944962250436	-0.00815628531749832
5e+06	6e+06	-0.0119396744613214	0.028774769827426	-0.00833505622846286
6e+06	7e+06	-0.0119396741965271	0.0287747703711657	-0.00833505602344154
7e+06	8e+06	-0.0119415767719259	0.0287742826633222	-0.00833701957821085
8e+06	9e+06	-0.0119377718288632	0.0287752578548036	-0.00833309324573481
9e+06	1e+07	-0.0119396744962819	0.0287747702889825	-0.00833505614346353
1e+07	1.1e+07	-0.00782442189192827	0.0365222707103445	-0.00369037873981808
1.1e+07	1.2e+07	-0.00947051775659439	0.0334232678828909	-0.00554824711513768
1.2e+07	1.3e+07	-0.00535529082808921	0.0411707816968905	-0.000903582651867509
1.3e+07	1.4e+07	-0.00535529137334948	0.0411707810785102	-0.000903582753497901
1.4e+07	1.5e+07	-0.00535529046442695	0.0411707818096174	-0.000903582731684887
1.5e+07	1.6e+07	-0.00535529105565104	0.0411707811713926	-0.000903582800761165
1.6e+07	1.7e+07	-0.00535529078616161	0.0411707817829556	-0.000903582709928918
1.7e+07	1.8e+07	-0.00512610371413811	0.0404673004565792	-0.00186034699695868
1.8e+07	1.9e+07	-0.0117938476512689	0.0347619162769407	-0.00414656563909572
1.9e+07	2e+07	-0.00528599678604616	0.0407185699227732	-0.00139216776309605
2e+07	2.1e+07	-0.00459989585718829	0.0417172015113424	-0.00226894469180407
2.1e+07	2.2e+07	-0.00471571864432666	0.0401657036215557	-0.00277629975798123
2.2e+07	2.3e+07	-0.00471563292228401	0.0401659237649856	-0.00277652690959334
2.3e+07	2.4e+07	-0.00471571859748649	0.0401657036751835	-0.00277629967293707
2.4e+07	2.5e+07	-0.00471571868967697	0.0401657034232075	-0.00277629968475075
2.5e+07	2.6e+07	-0.00471572836783591	0.0401660155084545	-0.00277641966839686
2.6e+07	2.7e+07	-0.00471571823281548	0.0401657060040022	-0.00277630206193934
2.7e+07	2.8e+07	-0.00471571137892645	0.0401653903638342	-0.00277617980830642
2.8e+07	2.9e+07	-0.00471571883573394	0.0401657035536296	-0.00277629968555114
2.9e+07	3e+07	-0.00471571823052717	0.0401657039029939	-0.00277629959151912
3e+07	3.1e+07	-0.00471571876472839	0.0401657034632001	-0.00277629958434898
3.1e+07	3.2e+07	-0.00471573264205927	0.0401656918289377	-0.00277626756771404
3.2e+07	3.3e+07	-0.00471571874019053	0.0401657035341951	-0.00277629970856937
3.3e+07	3.4e+07	-0.00471561490777342	0.0401656922362391	-0.00277644602878956
3.4e+07	3.5e+07	-0.00471571857301568	0.0401657036472885	-0.0027762996412526
3.5e+07	3.6e+07	-0.00471571825072498	0.0401657038443581	-0.00277629957585426
3.6e+07	3.7e+07	-0.00471571884404341	0.0401657033532363	-0.00277629959858135
3.7e+07	3.8e+07	-0.00471571839489792	0.0401657039059055	-0.00277629955242849
3.8e+07	3.9e+07	-0.00471571877309327	0.0401657036096507	-0.00277629981515447
3.9e+07	4e+07	0.0426831699262602	0.102140171288484	-0.0704212620164008
4e+07	4.1e+07	-0.0521146074445568	-0.0218087636400207	0.0648686623151341
4.1e+07	4.2e+07	-0.00471572777315236	0.0401657274856801	-0.00277629587771153
4.2e+07	4.3e+07	-0.00471568271475149	0.0401656193131327	-0.00277632695868565
4.3e+07	4.4e+07	-0.00471569624541674	0.040165622789741	-0.00277630304028001
4.4e+07	4.5e+07	-0.00471566824340956	0.040165580043127	-0.00277631483681724
4.5e+07	4.6e+07	-0.00471564362217155	0.0401653968474181	-0.00277612096377604
4.6e+07	4.7e+07	-0.00471535417825396	0.040164822637541	-0.00277698332083053
4.7e+07	4.8e+07	-0.039670551437237	0.0336132247396952	0.0211685645887281
4.8e+07	4.9e+07	0.0302392749671968	0.0467167520461066	-0.0267225569899168
4.9e+07	5e+07	-0.00471541986850093	0.0401649797366335	-0.00277684971630168
5e+07	5.1e+07	-1.00475693461348	-3.75467096636936	3.50624347006802
5.1e+07	5.2e+07	1.0675752899063	3.85162966866002	-3.44953965916508
5.2e+07	5.3e+07	-0.00471542165747872	0.0401649833135804	-0.00277685261990038
5.3e+07	5.4e+07	-0.103837396595754	0.342896859702475	-0.0459289565503676
5.4e+07	5.5e+07	0.0944060819665938	-0.262568074438884	0.0403751059400264
5.5e+07	5.6e+07	-0.00471541802237749	0.0401649761730842	-0.00277684692392954
5.6e+07	5.7e+07	-0.0157103665471202	0.242611513631522	-0.120677109143113
5.7e+07	5.8e+07	-0.00378769172349267	0.045429718591312	0.00237636193654361
5.8e+07	5.9e+07	-0.0132400168069201	0.0428938131484329	-0.0327335403689836
5.9e+07	6e+07	0.00792883331319053	0.0230949300994212	0.0342254701038735
6e+07	6.1e+07	-0.0039479202062868	0.0366491324230828	-0.00444800074066453
6.1e+07	6.2e+07	-0.00470964706439423	-0.0813715911864391	0.131795318869339
6.2e+07	6.3e+07	-0.00471541982125056	0.0401649797194147	-0.00277684975015984
6.3e+07	6.4e+07	-0.0800488229081506	-1.9449810501505	-0.499715612963397
6.4e+07	6.5e+07	0.0568922335924864	2.04215460627889	0.499782374977906
6.5e+07	6.6e+07	-0.0047154198375756	0.0401649796940006	-0.00277684974813565
6.6e+07	6.7e+07	-0.0514142306454817	0.0439405238499792	-0.0279375984485813
6.7e+07	6.8e+07	-0.000778280328995693	-0.0456574769722039	-0.0861317082676041
6.8e+07	6.9e+07	-0.0957819175887866	0.0946156728863603	-0.0651767528456298
6.9e+07	7e+07	0.0824313616675511	-0.0284615797481307	0.0753523177190441
7e+07	7.1e+07	-0.00471541981525067	0.0401649797106406	-0.00277684974047866
7.1e+07	7.2e+07	-0.00471608307406853	0.0401652346834498	-0.00277692882050614
7.2e+07	7.3e+07	-0.00471475628033339	0.0401647251109367	-0.00277677055676582
7.3e+07	7.4e+07	-0.00471541980926839	0.0401649796592457	-0.00277684976835805
7.4e+07	7.5e+07	-0.00471540761656142	0.0401649753191771	-0.00277685478023957
7.5e+07	7.6e+07	-0.00471543022833495	0.040164983006307	-0.00277684573106484
7.6e+07	7.7e+07	-0.00471541982804314	0.0401649796873544	-0.00277684990664243
7.7e+07	7.8e+07	-0.00471542005563861	0.0401649795016382	-0.00277685030094272
7.8e+07	7.9e+07	-0.00471541964544731	0.0401649802659295	-0.00277685005808965
7.9e+07	8e+07	-0.00471542009799888	0.0401649792869311	-0.00277685003980481
8e+07	8.1e+07	-0.00471541983539092	0.0401649800093976	-0.00277684977287434
8.1e+07	8.2e+07	-0.00471541970133533	0.0401649797173439	-0.00277684984406702
8.2e+07	8.3e+07	-0.00471541999413651	0.0401649797541784	-0.00277684932503875
8.3e+07	8.4e+07	-0.0047154198533342	0.0401649799526549	-0.00277684998594176
8.4e+07	8.5e+07	-0.00471541994231841	0.0401649794333245	-0.0027768499965384
8.5e+07	8.6e+07	-0.00471542004707497	0.0401649791736183	-0.00277685008654394
8.6e+07	8.7e+07	-0.00471541953778711	0.0401649799806114	-0.00277685004131024
8.7e+07	8.8e+07	-0.00471541984160317	0.0401649797828844	-0.00277684989540456
8.8e+07	8.9e+07	-0.00471542005638787	0.0401649795892426	-0.00277684994154149
8.9e+07	9e+07	-0.00471493440514155	0.0401646977975699	-0.00277774228172729
9e+07	9.1e+07	-0.00471590549275398	0.0401652610153984	-0.00277595742179696
9.1e+07	9.2e+07	-0.00471541997932707	0.0401649801123298	-0.00277684980968705
9.2e+07	9.3e+07	-0.00471541997397773	0.0401649793430037	-0.00277684997221773
9.3e+07	9.4e+07	-0.00471543044546019	0.0401649781743214	-0.00277684414507157
9.4e+07	9.5e+07	-0.00471540855703813	0.0401649810573964	-0.00277685620081516
9.5e+07	9.6e+07	-0.00471541976051883	0.0401649797491347	-0.00277684993758337
9.6e+07	9.7e+07	-0.00474101338067673	0.0400997710252345	-0.00278938432485115
9.7e+07	9.8e+07	-0.00468982644860427	0.0402301877821387	-0.00276431504004022
9.8e+07	9.9e+07	-0.00471541985770637	0.0401649793290016	-0.00277684966242282
9.9e+07	1e+08	-0.00471541983163333	0.0401649797914221	-0.0027768498156736
1e+08	1.01e+08	-0.00471542003323191	0.0401649798625922	-0.00277685013636246
1.01e+08	1.02e+08	-0.00471541989761639	0.040164979613147	-0.0027768499754009
1.02e+08	1.03e+08	-0.00471541978488966	0.0401649793173411	-0.00277684981733435
1.03e+08	1.04e+08	-0.00278850697604029	0.0425578340771047	0.000451441213233557
1.04e+08	1.05e+08	-0.269456161531229	0.00533721810564083	-0.244388746185711
1.05e+08	1.06e+08	0.260248170437167	0.074994883757861	0.238390284277958
1.06e+08	1.07e+08	-0.00448595379171928	0.0402164432485155	-0.00293872767074324
1.07e+08	1.08e+08	1.7551420881761	-3.9914664119097	-3.05864315344477
1.08e+08	1.09e+08	-1.76446169896545	4.07181328933268	3.05303245069896
1.09e+08	1.1e+08	-0.00482623386470381	0.0401493164842798	-0.00272041588801855
1.1e+08	1.11e+08	-0.00788892463511685	0.0993281814639352	0.00402108867389342
1.11e+08	1.12e+08	0.0149765186689982	0.0370504705460516	0.0349722795567529
1.12e+08	1.13e+08	-0.427205557838976	0.238545409424688	-0.587133982693776
1.13e+08	1.14e+08	-0.00470087507492146	0.0401870562520016	-0.00277886070695106
1.14e+08	1.15e+08	-0.00478865488817407	0.039989522678221	-0.00282814483318649
1.15e+08	1.16e+08	-0.00482957822112523	0.0400500656639038	-0.00270321437688995
1.16e+08	1.17e+08	-0.00527150285357408	0.0396713705392962	-0.00228535251908828
1.17e+08	1.18e+08	-0.00477359905083079	0.0400766715049454	-0.00276880620181467
1.18e+08	1.19e+08	0.0157631783723826	0.0544527721648122	0.010881460016943
1.19e+08	1.2e+08	-0.0253038323928273	0.0256567611250541	-0.0164456470036909
1.2e+08	1.21e+08	-0.0047735989987491	0.0400766715592395	-0.0027688062427541
1.21e+08	1.22e+08	-0.00476202767553073	0.0400886332273335	-0.00276604563209687
1.22e+08	1.23e+08	-0.00478682582861228	0.0400673306417162	-0.00276885779906927
1.23e+08	1.24e+08	-0.00482906109462304	0.0400250453572414	-0.00280849071825867
1.24e+08	1.25e+08	-0.00512793989719347	0.0397787954413786	-0.00282219755181411
1.25e+08	1.26e+08	-0.0313299626524259	0.0685428645540354	-0.00315582654810767
1.26e+08	1.27e+08	0.00202375123074421	0.0449451785046672	-0.000310287180287216
1.27e+08	1.28e+08	0.0377318288520745	0.0727416809221186	0.00396379007619544
1.28e+08	1.29e+08	-0.00556807599053898	0.0388517930500653	-0.00252098722340061
1.29e+08	1.3e+08	-0.00461196555149663	0.0397004338916645	-0.00363863577529093
1.3e+08	1.31e+08	-0.00484591992762841	0.0370162359130197	-0.00338529984929177
1.31e+08	1.32e+08	-0.00310127584639814	0.0420064241806271	-0.00433337169376314
1.32e+08	1.33e+08	0.00132131586404618	0.0464946561013696	-0.0075271683867948
1.33e+08	1.34e+08	0.0106463838921688	0.0307545844589977	0.00286514389094329
1.34e+08	1.35e+08	-0.0122933897403583	0.0575278638655788	-0.0155434714273067
1.35e+08	1.36e+08	-0.000754109961802698	0.0441078689218684	-0.00626067557271844
1.36e+08	1.37e+08	-0.000754109923665414	0.0441078687186692	-0.00626067500653091
1.37e+08	1.38e+08	-0.00075403471168072	0.044107087216311	-0.00626069985747883
1.38e+08	1.39e+08	-0.000754110337778526	0.0441078687747758	-0.00626067522597277
1.39e+08	1.4e+08	-0.000754109797869863	0.0441078686225875	-0.00626067496636511
1.4e+08	1.41e+08	-0.722080737336305	-1.47618649133318	0.276824319264509
1.41e+08	1.42e+08	0.720571498719574	1.56440648086405	-0.289344853920096
1.42e+08	1.43e+08	-0.000754109875105201	0.0441078686389262	-0.00626067501720186
1.43e+08	1.44e+08	0.00877410939233766	0.038241463918998	-0.0278334717314462
1.44e+08	1.45e+08	-0.00528060702057232	0.0130906120272251	-0.00788848310759311
1.45e+08	1.46e+08	-0.00144367968644803	0.0451999870676448	-0.00557493645219694
1.46e+08	1.47e+08	-0.00434012281134883	0.00803185417803702	0.0339252580981441
1.47e+08	1.48e+08	-0.0783492373926285	0.0500286945837991	-0.0168327919259503
1.48e+08	1.49e+08	0.0518472832596931	0.101107506420563	-0.024338954998951
1.49e+08	1.5e+08	0.458124877991565	-0.17937344333065	0.500663657663622
1.5e+08	1.51e+08	-0.00261938277651051	0.0503414108277646	-0.0127088099489628
1.51e+08	1.52e+08	-0.000758444898496061	0.0440969660248053	-0.00626388013547326
1.52e+08	1.53e+08	-0.00162797104679883	0.0471182902180835	-0.00824929435790611
1.53e+08	1.54e+08	0.000356662767485289	0.0412708419717748	-0.00408619708589526
1.54e+08	1.55e+08	-0.000418467118764206	0.0442249663559262	-0.00609795842510457
1.55e+08	1.56e+08	-0.0386595291319577	0.0797713183922274	0.0252805780448809
1.56e+08	1.57e+08	0.0197461249629568	-0.0542354757777603	0.00531277525274119
1.57e+08	1.58e+08	-0.0369506704380858	0.0112300040258347	-0.00895486233232871
