0	1e+06	4.79195818924038	-0.825280679777125	-0.0636592005383635
1e+06	2e+06	4.76561149907884	-0.772038797879466	-0.0694922204351843
2e+06	3e+06	4.7034409350558	-0.646555478164256	-0.0832339028202321
3e+06	4e+06	4.64213910071869	-0.523117114563327	-0.0966787934435537
4e+06	5e+06	4.57043119197645	-0.379763033190157	-0.112507843540519
5e+06	6e+06	4.49984414154828	-0.238983098438213	-0.128236717670225
6e+06	7e+06	4.40931025668642	-0.0587082189420097	-0.148638956225673
7e+06	8e+06	4.33063227365089	0.0979463781723814	-0.166599661024231
8e+06	9e+06	4.24001249292497	0.278256181500546	-0.187432550494306
9e+06	1e+07	4.17034983324829	0.419645707225265	-0.217442244507322
1e+07	1.1e+07	4.10393284335109	0.560200099962984	-0.274990922647957
1.1e+07	1.2e+07	4.05769091168827	0.667030948431644	-0.362515072545306
1.2e+07	1.3e+07	4.01399983668362	0.772211168638061	-0.465851791869593
1.3e+07	1.4e+07	3.97048659754664	0.876894374959479	-0.565992714285458
1.4e+07	1.5e+07	3.92787879046956	0.980576322807758	-0.663886991558923
1.5e+07	1.6e+07	3.88438066876443	1.08653146428899	-0.763417099610078
1.6e+07	1.7e+07	3.83282560196414	1.21121294191674	-0.879552760353012
1.7e+07	1.8e+07	3.75807141369399	1.3192360199337	-0.961117635207812
1.8e+07	1.9e+07	3.64898835037977	1.4109953162339	-1.00064719085095
1.9e+07	2e+07	3.52104144043661	1.47588959934558	-0.995248361976211
2e+07	2.1e+07	3.37927774477493	1.5449651689013	-0.986155533413621
2.1e+07	2.2e+07	3.24188206807723	1.6155128323645	-0.981895132799696
2.2e+07	2.3e+07	3.09730715161935	1.68873491124799	-0.976095695012456
2.3e+07	2.4e+07	2.95632007841139	1.76002152319051	-0.970303195076914
2.4e+07	2.5e+07	2.81639121594594	1.83051044061746	-0.964674297737771
2.5e+07	2.6e+07	2.67522856195956	1.90134246175544	-0.959027468076434
2.6e+07	2.7e+07	2.54449677223638	1.96677615020934	-0.953919344960689
2.7e+07	2.8e+07	2.40408410655457	2.03671764298911	-0.948642925795754
2.8e+07	2.9e+07	2.26008230316426	2.09257338362436	-0.934518244920662
2.9e+07	3e+07	2.09281688619681	2.14426112746384	-0.910466877339629
3e+07	3.1e+07	1.92313608831709	2.19006768615622	-0.882510942304649
3.1e+07	3.2e+07	1.75973426696923	2.24159302115132	-0.859790456537722
3.2e+07	3.3e+07	1.60529756150646	2.29618256881922	-0.841683882186277
3.3e+07	3.4e+07	1.44671904211823	2.35083885348031	-0.82221393619609
3.4e+07	3.5e+07	1.2732774280298	2.41034682506151	-0.801437644802949
3.5e+07	3.6e+07	1.09535117507178	2.47077707323935	-0.780879857032805
3.6e+07	3.7e+07	0.934632821018319	2.52462118400839	-0.762679379339728
3.7e+07	3.8e+07	0.777182679948746	2.57696273685696	-0.745100127579629
3.8e+07	3.9e+07	0.630961535449125	2.62552390711778	-0.728986989501528
3.9e+07	4e+07	0.469442799880488	2.67916822508109	-0.711300742284399
4e+07	4.1e+07	0.32033341512065	2.7286320380956	-0.695002511950211
4.1e+07	4.2e+07	0.173413141550069	2.79739831224923	-0.702086737434454
4.2e+07	4.3e+07	0.041419128161602	2.87262973793303	-0.724035885498567
4.3e+07	4.4e+07	-0.134092101407024	2.98646178358969	-0.76937710569089
4.4e+07	4.5e+07	-0.303941160912837	3.09014532506377	-0.805225095726651
4.5e+07	4.6e+07	-0.489421884808156	3.20603194837609	-0.845933955305906
4.6e+07	4.7e+07	-0.602428260957782	3.28707097283211	-0.819781366114521
4.7e+07	4.8e+07	-0.718059260286143	3.37627455025379	-0.755070922822576
4.8e+07	4.9e+07	-0.81255722268324	3.45737229266417	-0.652161904819392
4.9e+07	5e+07	-0.918212996760399	3.54762112833018	-0.533559469523502
5e+07	5.1e+07	-0.977349812245241	3.60316298674828	-0.389927366844574
5.1e+07	5.2e+07	-0.999912312128444	3.63277339128123	-0.212968877094696
5.2e+07	5.3e+07	-0.97407626890053	3.60925260403095	-0.0667957309099489
5.3e+07	5.4e+07	-0.904380600665207	3.57201927994897	0.0228327691412263
5.4e+07	5.5e+07	-0.780399849589475	3.50909860422673	0.0610186655712902
5.5e+07	5.6e+07	-0.631320402295357	3.45195905399711	0.074817130825329
5.6e+07	5.7e+07	-0.477337087492089	3.38818911202289	0.0998532160699016
5.7e+07	5.8e+07	-0.300601270927208	3.31513707653678	0.130563439894805
5.8e+07	5.9e+07	-0.25008114582855	3.25837415187673	0.222939674953045
5.9e+07	6e+07	-0.25974116229956	3.1756913190866	0.406679860974995
6e+07	6.1e+07	-0.37558494234625	3.11481578054644	0.615200856949223
6.1e+07	6.2e+07	-0.425612398372963	3.04608791676527	0.785329618630658
6.2e+07	6.3e+07	-0.527476957376162	2.98264763838315	0.979862875669505
6.3e+07	6.4e+07	-0.615132644050052	2.91545834189623	1.17408904613082
6.4e+07	6.5e+07	-0.629478577876828	2.81212531025403	1.39821286503168
6.5e+07	6.6e+07	-0.585504189507435	2.73484969618732	1.53215415907771
6.6e+07	6.7e+07	-0.559753651325138	2.66540510663866	1.66147115675122
6.7e+07	6.8e+07	-0.618434200207445	2.6068769240024	1.69476688656487
6.8e+07	6.9e+07	-0.672220671161696	2.54165934785365	1.6529903776211
6.9e+07	7e+07	-0.731955683137419	2.41100420652682	1.54099410562845
7e+07	7.1e+07	-0.794117566452892	2.2678515270245	1.430431972281
7.1e+07	7.2e+07	-0.876424041324858	2.1190259695627	1.34033977985341
7.2e+07	7.3e+07	-0.913242223236341	1.97713072672566	1.22735072470463
7.3e+07	7.4e+07	-0.926916723400771	1.83303555574518	1.10172847531158
7.4e+07	7.5e+07	-0.927738717554753	1.6796919166718	0.961369346570751
7.5e+07	7.6e+07	-0.936352032173172	1.52493770441969	0.824005969252608
7.6e+07	7.7e+07	-0.94377442893994	1.37785358037923	0.692756734819518
7.7e+07	7.8e+07	-0.951293381386641	1.22816065022492	0.559301803584769
7.8e+07	7.9e+07	-0.956943535922385	1.0959606746637	0.442292131599005
7.9e+07	8e+07	-0.993536128638314	0.97978448616689	0.371302704290553
8e+07	8.1e+07	-1.07572446848222	0.844940928678856	0.328934713139243
8.1e+07	8.2e+07	-1.18489329012215	0.72374985289407	0.325278629588987
8.2e+07	8.3e+07	-1.29369855964291	0.594935915264238	0.314891792326955
8.3e+07	8.4e+07	-1.39667294556335	0.479519591382693	0.311864670888086
8.4e+07	8.5e+07	-1.50639224369016	0.359098762054854	0.311146522057209
8.5e+07	8.6e+07	-1.62652456023491	0.226812079204472	0.309399798622249
8.6e+07	8.7e+07	-1.73570418752621	0.106946308528093	0.30754685656983
8.7e+07	8.8e+07	-1.84766884340518	-0.0159889732989266	0.305485872808627
8.8e+07	8.9e+07	-1.95375180153385	-0.132407666728078	0.303888007900527
8.9e+07	9e+07	-2.0650020129296	-0.254297154567728	0.30216371624571
9e+07	9.1e+07	-2.18869562718925	-0.389191136898762	0.299778561952929
9.1e+07	9.2e+07	-2.30876474672953	-0.519784112022075	0.297112825105779
9.2e+07	9.3e+07	-2.42844686621634	-0.649478297528648	0.294284768479303
9.3e+07	9.4e+07	-2.52809779496356	-0.757132918513224	0.291955859235487
9.4e+07	9.5e+07	-2.63177674799438	-0.868543700001082	0.289512020100891
9.5e+07	9.6e+07	-2.7460852098851	-0.991148078412226	0.287142119163396
9.6e+07	9.7e+07	-2.87481788577308	-1.12892540008265	0.284504964241221
9.7e+07	9.8e+07	-2.99949330952695	-1.26235528680516	0.282100363394628
9.8e+07	9.9e+07	-3.12003444383596	-1.39118150234866	0.279696166839646
9.9e+07	1e+08	-3.24136471005202	-1.52064374553333	0.277333545489628
1e+08	1.01e+08	-3.3753411773882	-1.66350853895307	0.274581150698775
1.01e+08	1.02e+08	-3.50074008270549	-1.79690165962962	0.272007849071057
1.02e+08	1.03e+08	-3.61629742588608	-1.91955261236378	0.269757019485862
1.03e+08	1.04e+08	-3.71719407427886	-2.02633197286236	0.267860765172842
1.04e+08	1.05e+08	-3.81976925031254	-2.1351071665162	0.2659479192819
1.05e+08	1.06e+08	-3.93701865672285	-2.25970184331774	0.263858160808562
1.06e+08	1.07e+08	-4.06547164176363	-2.39598637421742	0.26177776251416
1.07e+08	1.08e+08	-4.18163012965071	-2.53427322492145	0.239287214764963
1.08e+08	1.09e+08	-4.21482806274824	-2.64270465232763	0.20038331858245
1.09e+08	1.1e+08	-4.1790291635093	-2.74153378518355	0.140384312641824
1.1e+08	1.11e+08	-4.07492580647125	-2.8374399480332	0.0769011906446946
1.11e+08	1.12e+08	-3.96295564713861	-2.94837192205706	0.00526298746583885
1.12e+08	1.13e+08	-3.83419554162403	-3.00732875708136	-0.0321860027601296
1.13e+08	1.14e+08	-3.69653777435296	-3.03261390675591	-0.0455575208281677
1.14e+08	1.15e+08	-3.54005164069324	-3.0211919993942	-0.0332412308797835
1.15e+08	1.16e+08	-3.36301087579682	-3.02406262778625	-0.0300292156830044
1.16e+08	1.17e+08	-3.1762838921295	-3.02247975230365	-0.0235424319187313
1.17e+08	1.18e+08	-3.00781842832254	-3.01787640712836	-0.015702605962361
1.18e+08	1.19e+08	-2.84919775812219	-3.01428953936392	-0.00942607883205319
1.19e+08	1.2e+08	-2.69774542302998	-3.01079334899385	-0.00431313058634576
1.2e+08	1.21e+08	-2.51622069439511	-3.00681125124815	0.00112865887812897
1.21e+08	1.22e+08	-2.34129268813703	-3.00286382449976	0.00612594258063275
1.22e+08	1.23e+08	-2.16753994482238	-2.99886117600927	0.0111032454334914
1.23e+08	1.24e+08	-2.03122212372702	-2.99554226283329	0.0149576927488925
1.24e+08	1.25e+08	-1.86368943459491	-2.9928249795004	0.019073072646317
1.25e+08	1.26e+08	-1.65390864442774	-2.99029627570663	0.0238222471343204
1.26e+08	1.27e+08	-1.43151459778632	-2.98790971031712	0.0288559344795364
1.27e+08	1.28e+08	-1.24513212942441	-2.98571216315389	0.0333199379965526
1.28e+08	1.29e+08	-1.1008264539386	-2.98422239173684	0.0368845133249529
1.29e+08	1.3e+08	-0.947996871240973	-2.98279703024451	0.0406880640033359
1.3e+08	1.31e+08	-0.796247112584172	-2.98144578419624	0.0443534534516809
1.31e+08	1.32e+08	-0.634887115618917	-2.98004463980517	0.0476867131086197
1.32e+08	1.33e+08	-0.469050747091973	-2.97852803603153	0.0505925540573114
1.33e+08	1.34e+08	-0.278370312230687	-2.97654533333117	0.0537085796017882
1.34e+08	1.35e+08	-0.0997708442904577	-2.94406432162905	0.0568896159844415
1.35e+08	1.36e+08	0.0555597432196938	-2.8882569281109	0.0598806645614217
1.36e+08	1.37e+08	0.209446549992275	-2.78913788027899	0.0630825864040784
1.37e+08	1.38e+08	0.352710132825439	-2.69167256911553	0.0658612541223068
1.38e+08	1.39e+08	0.499029043667388	-2.59117070178857	0.0683070879441074
1.39e+08	1.4e+08	0.646775023220072	-2.48897880868176	0.0700468262261676
1.4e+08	1.41e+08	0.79254303111847	-2.38828150171801	0.0715706493155067
1.41e+08	1.42e+08	0.978869062057588	-2.25994569358651	0.0732227513078538
1.42e+08	1.43e+08	1.13906261552068	-2.14971137755395	0.0745357892835598
1.43e+08	1.44e+08	1.3017284647885	-2.03802203451053	0.0755898591985591
1.44e+08	1.45e+08	1.42201571733275	-2.0073598513254	0.0715586848245651
1.45e+08	1.46e+08	1.57481295877313	-2.03914632850109	0.0598718688897181
1.46e+08	1.47e+08	1.73581555187408	-2.12012832028323	0.043245426090243
1.47e+08	1.48e+08	1.91978302846139	-2.19909655742751	0.0254476500804744
1.48e+08	1.49e+08	2.08062812205754	-2.26543886912899	0.00993280763296964
1.49e+08	1.5e+08	2.23960898046371	-2.33396372056254	-0.00590418791378699
1.5e+08	1.51e+08	2.4004313956728	-2.40588623362182	-0.0225275681661392
1.51e+08	1.52e+08	2.51867854634391	-2.49971662200565	-0.0115403618797474
1.52e+08	1.53e+08	2.59491814304137	-2.61213698787056	0.025078475070142
1.53e+08	1.54e+08	2.61518538574099	-2.73624429699844	0.0885831061465985
1.54e+08	1.55e+08	2.58298025889466	-2.82879134642311	0.155158429954352
1.55e+08	1.56e+08	2.50374794300022	-2.88275441393784	0.218644944335899
1.56e+08	1.57e+08	2.38379568235354	-2.91379941821926	0.285291923000909
1.57e+08	1.58e+08	2.32678819522377	-2.92410233976358	0.314533786794112
