0	1e+06	0.129948592774772	-0.343229925787168	0.167125214238858
1e+06	2e+06	0.127431869521561	-0.321602820387573	0.242811431377376
2e+06	3e+06	0.137158770269755	-0.34116441150052	0.157491167568504
3e+06	4e+06	0.131472079153706	-0.343116076989202	0.164972316043729
4e+06	5e+06	0.0228482588014086	-0.37032381866939	0.147118270047703
5e+06	6e+06	0.104352296569951	-0.257370173255495	0.185808135764116
6e+06	7e+06	0.131497365835933	-0.343151850885644	0.164999782416114
7e+06	8e+06	-0.100552543419501	-0.450935783812603	0.229740733759313
8e+06	9e+06	0.00960599696370503	-0.406207467380138	0.19635346956857
9e+06	1e+07	-0.0682879312863566	-0.433624058993178	0.200117812300651
1e+07	1.1e+07	0.0810979728104017	-0.327208060212419	0.241630572013595
1.1e+07	1.2e+07	0.00212449499364601	-0.412686637180765	0.283429117855502
1.2e+07	1.3e+07	0.0373826477517789	-0.506962485517501	0.347113746051527
1.3e+07	1.4e+07	0.00248916725281748	-0.41299604240878	0.283291480477613
1.4e+07	1.5e+07	0.00266152295630617	-0.412057690980657	0.283542122340819
1.5e+07	1.6e+07	0.00847715023460885	-0.471132992507694	0.30721763328506
1.6e+07	1.7e+07	0.00242475661477729	-0.412380829019712	0.283477683380383
1.7e+07	1.8e+07	0.00240501761082048	-0.412394750999961	0.283481322461226
1.8e+07	1.9e+07	0.00242485547127714	-0.412380848068382	0.28347765143248
1.9e+07	2e+07	0.00242507671254345	-0.412383179343251	0.283478786299318
2e+07	2.1e+07	-0.00652512728814922	-0.406589279434518	0.286274744759359
2.1e+07	2.2e+07	0.00242465372520292	-0.412380810317282	0.283477715521845
2.2e+07	2.3e+07	-0.593745967508294	-1.8766382771891	-0.0852321852992549
2.3e+07	2.4e+07	0.589264483618564	1.04045511465625	0.640702237299753
2.4e+07	2.5e+07	0.00242467432593229	-0.412380814082644	0.283477709175929
2.5e+07	2.6e+07	-0.0487625722070814	-0.344729274994407	0.351426961311159
2.6e+07	2.7e+07	0.00209760610656703	-0.412566769365572	0.283513953002063
2.7e+07	2.8e+07	0.0039401743179871	-0.411495302027511	0.283297284856493
2.8e+07	2.9e+07	-0.0423175372933835	-0.428005671187811	0.295694666131744
2.9e+07	3e+07	0.00632951187851242	-0.409598718488325	0.282883169801241
3e+07	3.1e+07	-0.0290937684818141	-0.410498953983816	0.289892394092824
3.1e+07	3.2e+07	0.00373283473954697	-0.411536892525852	0.283358994899296
3.2e+07	3.3e+07	0.140561386820287	-0.33846122711536	0.171210821678629
3.3e+07	3.4e+07	0.100424492236834	-0.400324949806849	0.116726212809951
3.4e+07	3.5e+07	0.113194510899273	-0.353115696000126	0.193629899581483
3.5e+07	3.6e+07	0.0182005900561134	-0.435012724630691	0.143988349439575
3.6e+07	3.7e+07	0.113200449627411	-0.353019105687869	0.193656405668794
3.7e+07	3.8e+07	0.113200449716193	-0.353019124818539	0.193656430821052
3.8e+07	3.9e+07	0.113200447401594	-0.353019116422018	0.193656415038591
3.9e+07	4e+07	0.113200450247313	-0.353019117343986	0.193656420578238
4e+07	4.1e+07	0.113200451261124	-0.353019119010537	0.193656422850967
4.1e+07	4.2e+07	0.113200451244987	-0.353019118892429	0.193656422149753
4.2e+07	4.3e+07	0.113200449397818	-0.353019116040533	0.193656424251214
4.3e+07	4.4e+07	0.113200451044911	-0.353019118207601	0.19365642132263
4.4e+07	4.5e+07	0.113200449091041	-0.353019114899703	0.193656420793032
4.5e+07	4.6e+07	0.114054839514647	-0.404210733244571	0.132433698612721
4.6e+07	4.7e+07	-0.0762686181368535	-0.279972849174843	-0.0482338917422955
4.7e+07	4.8e+07	0.0162584472655738	-0.311804686294904	0.148972524926971
4.8e+07	4.9e+07	-0.00662592896792893	-0.294366906326433	0.00624015203118997
4.9e+07	5e+07	0.0905174317353641	-0.399384213861573	-0.0309624411047577
5e+07	5.1e+07	-0.563299427880406	-0.177171727231517	0.0114465704410137
5.1e+07	5.2e+07	-0.0100526305729479	-0.211257771168177	0.0149532797089939
5.2e+07	5.3e+07	-0.177898253064498	-0.244323836575847	0.0872021422679075
5.3e+07	5.4e+07	-0.0390583168005914	-0.253628808487281	0.0491223487325105
5.4e+07	5.5e+07	0.210397667932479	1.23824361423229	-0.477257031701741
5.5e+07	5.6e+07	-0.433268080494316	-1.83369110230198	0.554048957578116
5.6e+07	5.7e+07	-0.039058316892327	-0.25362880839165	0.0491223487943391
5.7e+07	5.8e+07	-0.141873965483218	-0.207461617223981	0.075132551869438
5.8e+07	5.9e+07	-0.0390583166678389	-0.253628808317734	0.0491223485989189
5.9e+07	6e+07	5.27773411637879	0.670935235529037	2.81134934350227
6e+07	6.1e+07	-5.36491320220635	-1.15739909162349	-2.66631220853455
6.1e+07	6.2e+07	-0.0390583171472605	-0.253628808391651	0.0491223490034931
6.2e+07	6.3e+07	0.0951460629494621	-0.0864308073364797	0.193056344873513
6.3e+07	6.4e+07	0.469612207781113	-0.233173861206618	-0.0977152134215509
6.4e+07	6.5e+07	-0.105889349031707	-0.206742087908902	0.00774633256352073
6.5e+07	6.6e+07	0.0248159366566802	-0.315400744649182	0.0830187873800225
6.6e+07	6.7e+07	-0.0195688800515735	-0.150746579781297	0.149971420996863
6.7e+07	6.8e+07	-0.0883327569342531	0.0198767798693992	-0.0979866763500969
6.8e+07	6.9e+07	0.0584256410249144	0.0164659398280064	0.0147688451763807
6.9e+07	7e+07	-0.0121705534871788	0.0118645391017541	-0.00547760494927049
7e+07	7.1e+07	-0.131113733755283	-0.229978427222928	0.0752497075821653
7.1e+07	7.2e+07	0.114732842729453	0.233016522925935	-0.0839569585391656
7.2e+07	7.3e+07	-0.0121705529130598	0.0118645390122188	-0.00547760496272605
7.3e+07	7.4e+07	-0.0121705554436143	0.0118645388890498	-0.00547760499544952
7.4e+07	7.5e+07	-0.0121705561978579	0.0118645391369293	-0.00547760464594339
7.5e+07	7.6e+07	-0.102677546129032	0.222793015583046	0.129254054005853
7.6e+07	7.7e+07	-0.0124011195544789	0.0144622233629196	-0.00482331282653578
7.7e+07	7.8e+07	-0.0121705568298313	0.0118645401394548	-0.00547760283459624
7.8e+07	7.9e+07	-0.0121705550792981	0.0118645383712543	-0.00547760681561339
7.9e+07	8e+07	-0.0170561300466905	0.0464736977492649	0.123275965446867
8e+07	8.1e+07	-0.0121705551423132	0.0118645384384823	-0.00547760668363611
8.1e+07	8.2e+07	-0.0121705527758752	0.0118645409308015	-0.0054776041833134
8.2e+07	8.3e+07	-0.0121705537435605	0.0118645375472535	-0.0054776078343942
8.3e+07	8.4e+07	-0.0121705554783772	0.011864537954482	-0.00547760701345077
8.4e+07	8.5e+07	-0.0121705536564187	0.011864540176637	-0.00547760568528265
8.5e+07	8.6e+07	-0.0121705561697986	0.0118645376038034	-0.00547760676927657
8.6e+07	8.7e+07	-0.0121705563071952	0.0118645392097391	-0.00547760300694406
8.7e+07	8.8e+07	-0.0116471753126365	0.010339252879639	-0.00614480014559931
8.8e+07	8.9e+07	-0.0126939611760536	0.0133898117000497	-0.00481042133404747
8.9e+07	9e+07	-0.0121705549257892	0.0118645388937224	-0.00547760560835004
9e+07	9.1e+07	-0.0106131940500881	0.00819188149034517	-0.00694471618763412
9.1e+07	9.2e+07	-0.0121705549149285	0.0118645394603061	-0.0054776048961187
9.2e+07	9.3e+07	-0.0121705535771185	0.0118645395076986	-0.00547760533685352
9.3e+07	9.4e+07	-0.0121705538566477	0.0118645390315603	-0.00547760579728324
9.4e+07	9.5e+07	-0.0121705570594202	0.0118645361888087	-0.00547760686928342
9.5e+07	9.6e+07	-0.0121705532823243	0.0118645412593358	-0.00547760415371188
9.6e+07	9.7e+07	-0.0121705562328474	0.0118645366500534	-0.00547760698910256
9.7e+07	9.8e+07	-0.0121705531181393	0.0118645390418928	-0.00547760527176729
9.8e+07	9.9e+07	-0.0121705572275447	0.0118645384657128	-0.0054776032824947
9.9e+07	1e+08	-0.0121705515865476	0.0118645397168912	-0.00547760620289655
1e+08	1.01e+08	-0.0121705540830356	0.0118645393333461	-0.00547760488035921
1.01e+08	1.02e+08	-0.0121705562817468	0.0118645364531956	-0.00547760628811598
1.02e+08	1.03e+08	-0.0121705564755425	0.0118645368555587	-0.00547760539417821
1.03e+08	1.04e+08	-0.012172728761653	0.0118668466440557	-0.00547148328071291
1.04e+08	1.05e+08	-0.0121705654429307	0.0118645089812771	-0.00547765299702991
1.05e+08	1.06e+08	-0.0121683962828352	0.0118622196379585	-0.0054837304958156
1.06e+08	1.07e+08	-0.0121705539540587	0.0118645400937688	-0.00547760403836917
1.07e+08	1.08e+08	-0.012170555875999	0.0118645368727371	-0.00547760669671006
1.08e+08	1.09e+08	-0.0121705468241182	0.011864563841203	-0.00547756408035984
1.09e+08	1.1e+08	-0.0121709347140136	0.0118643824359127	-0.00547761069074651
1.1e+08	1.11e+08	-0.0121705745403528	0.0118644397847059	-0.00547768466866775
1.11e+08	1.12e+08	-0.0121705565143553	0.0118645384528603	-0.00547760631157251
1.12e+08	1.13e+08	-0.0106684925178488	0.0143607673910084	-0.00865304965487253
1.13e+08	1.14e+08	-0.0121637749542688	0.0118629446835212	-0.00548766074067981
1.14e+08	1.15e+08	-0.0121770146045033	0.0118662236205998	-0.00546783101887645
1.15e+08	1.16e+08	-0.0121705496301626	0.0118645373199206	-0.00547761955122361
1.16e+08	1.17e+08	-0.0121705540769455	0.0118645390730726	-0.00547760412587573
1.17e+08	1.18e+08	-0.0121705885174851	0.0118645919721432	-0.00547748144208123
1.18e+08	1.19e+08	-0.0121705537236068	0.0118645368614105	-0.00547760563812185
1.19e+08	1.2e+08	-0.0121705200577317	0.0118644842472044	-0.00547773046441798
1.2e+08	1.21e+08	-0.0121705235533933	0.0118645503387739	-0.00547740416318118
1.21e+08	1.22e+08	-0.00840074250519156	0.00403972706729302	-0.0404599579487514
1.22e+08	1.23e+08	-0.0121705552985357	0.0118645380867416	-0.00547760523369727
1.23e+08	1.24e+08	3.422147720888	-3.48375742064853	-1.03992095878599
1.24e+08	1.25e+08	-3.45486896691836	3.50811499342651	1.0244757183616
1.25e+08	1.26e+08	-0.012170555003974	0.0118645380591331	-0.00547760543939326
1.26e+08	1.27e+08	-0.0180428241994403	0.0920818042096708	0.00258332210077343
1.27e+08	1.28e+08	0.0122847118713117	-0.021809472024246	0.0156382762873654
1.28e+08	1.29e+08	0.0184167019004194	-0.0110491962676805	0.00454073284806602
1.29e+08	1.3e+08	-0.0121705562786395	0.0118645375870087	-0.00547760377536681
1.3e+08	1.31e+08	0.200484986775023	-1.88902574838953	-0.361846966611581
1.31e+08	1.32e+08	-0.223470342370161	1.91222354024972	0.350786753225079
1.32e+08	1.33e+08	-0.0121705562033416	0.0118645377042731	-0.00547760396429889
1.33e+08	1.34e+08	-0.0315499630348254	-0.00715439622984258	0.0186324956571587
1.34e+08	1.35e+08	-0.0120664920624794	0.011609880313207	-0.00524743242446443
1.35e+08	1.36e+08	-0.0121704571281266	0.0118640479568864	-0.00547764756402547
1.36e+08	1.37e+08	-0.0114486839967879	0.0120295499466832	-0.00447277037591952
1.37e+08	1.38e+08	-0.0121684860926608	0.0118675599389558	-0.00547831093638788
1.38e+08	1.39e+08	-0.0121749020394635	0.0118488678533502	-0.00546249765319429
1.39e+08	1.4e+08	-0.0121708688179514	0.011864584326661	-0.0054773215981806
1.4e+08	1.41e+08	-0.0121710109515839	0.0118642451605618	-0.00547731826978651
1.41e+08	1.42e+08	-0.0121823948451368	0.0118578521060801	-0.0054785125819153
1.42e+08	1.43e+08	-0.0121542361361679	0.0119045754422443	-0.00547267291377239
1.43e+08	1.44e+08	-0.0121850026102014	0.0118247418640242	-0.00548383200790079
1.44e+08	1.45e+08	-0.0129244745563499	0.0122063161534509	-0.00889717174536161
