0	1e+06	0.948336047510927	0.0693036004040435	-4.36111359411209
1e+06	2e+06	0.994353790635013	0.103565711615228	-4.36080792863618
2e+06	3e+06	1.09946822469458	0.181969213399591	-4.36016825528597
3e+06	4e+06	1.20266131384261	0.258751978639555	-4.35932925897258
4e+06	5e+06	1.30418145465368	0.334221719578256	-4.35838698986744
5e+06	6e+06	1.39935127764148	0.404757560543118	-4.35724667722769
6e+06	7e+06	1.51009092943384	0.486776525283408	-4.35612579322873
7e+06	8e+06	1.62357013984721	0.570823402911304	-4.35497430208334
8e+06	9e+06	1.73517514569622	0.653325728578994	-4.35390429463416
9e+06	1e+07	1.85629240301072	0.742857661343207	-4.35290314313637
1e+07	1.1e+07	1.97662634496222	0.831797142693191	-4.35206551512121
1.1e+07	1.2e+07	2.0504326226248	0.915699214288871	-4.31561350012163
1.2e+07	1.3e+07	2.06967292978817	0.995457456597672	-4.23543680398261
1.3e+07	1.4e+07	2.05923088424241	1.07405248180922	-4.12996723977916
1.4e+07	1.5e+07	2.06050554491089	1.17024363379616	-4.0141095355087
1.5e+07	1.6e+07	2.0619475009846	1.26398563350884	-3.90160804466275
1.6e+07	1.7e+07	2.08735113611685	1.3336558883447	-3.77775220836355
1.7e+07	1.8e+07	2.1352543989573	1.36577352028453	-3.66245937978319
1.8e+07	1.9e+07	2.20588599336833	1.36419661988408	-3.55055700944944
1.9e+07	2e+07	2.27750372418824	1.36573867709428	-3.43297552950737
2e+07	2.1e+07	2.32432805169271	1.38270492430761	-3.31536915318093
2.1e+07	2.2e+07	2.34620642749111	1.41733579332472	-3.19318833800079
2.2e+07	2.3e+07	2.34131905757973	1.47150154769568	-3.06496787766691
2.3e+07	2.4e+07	2.33833314734122	1.52335142424733	-2.93947841746476
2.4e+07	2.5e+07	2.32394447512825	1.57318278836961	-2.81833688029128
2.5e+07	2.6e+07	2.26463372345635	1.61193092861209	-2.7284030277332
2.6e+07	2.7e+07	2.15975451875598	1.65193294488476	-2.64104127933608
2.7e+07	2.8e+07	2.03178693235541	1.68896936400769	-2.56339234739902
2.8e+07	2.9e+07	1.91407689607168	1.72909698848366	-2.47665823884978
2.9e+07	3e+07	1.81288885025056	1.76405634402159	-2.3998420977294
3e+07	3.1e+07	1.71716612593168	1.76062949999664	-2.33223533663072
3.1e+07	3.2e+07	1.63246554295722	1.70535496640147	-2.27862749351253
3.2e+07	3.3e+07	1.52359315369569	1.58591717877309	-2.21577511276773
3.3e+07	3.4e+07	1.41711592925728	1.46236552697117	-2.1547757333821
3.4e+07	3.5e+07	1.31011546727105	1.35204307663874	-2.09153900028777
3.5e+07	3.6e+07	1.22453852026202	1.26147918542534	-2.04138259040575
3.6e+07	3.7e+07	1.14230740452791	1.17368125347048	-1.99322727451783
3.7e+07	3.8e+07	1.06114248695953	1.08683827813688	-1.9456411109683
3.8e+07	3.9e+07	0.949448461228916	0.967672622567195	-1.88038245092924
3.9e+07	4e+07	0.380319659561128	0.356772728654245	-1.54228758544969
4e+07	4.1e+07	-0.0572143666826095	-0.318255835825328	-1.3096186939972
4.1e+07	4.2e+07	0.714485556907601	0.743998670611996	-1.75326087061436
4.2e+07	4.3e+07	0.751758153248736	0.856953346148562	-1.76582659346616
4.3e+07	4.4e+07	0.735951707358042	1.25490602344903	-2.07444539506068
4.4e+07	4.5e+07	-0.518758588901049	-0.0561169927343303	-1.37958339455599
4.5e+07	4.6e+07	-0.656894894618787	0.279329966397385	-1.26051146853141
4.6e+07	4.7e+07	-0.723152797270637	0.242731953228226	-0.989929395608385
4.7e+07	4.8e+07	-0.600913563673678	-0.263157157129308	-0.882904770905303
4.8e+07	4.9e+07	-0.505064964367916	-0.478864121219907	-0.963257051703126
4.9e+07	5e+07	-0.60756189932514	-0.504439988740839	-0.910976665887764
5e+07	5.1e+07	-0.728829478934444	-0.057546503094384	-0.927466483286332
5.1e+07	5.2e+07	-0.70478857017537	0.0345741868135851	-0.91028252786793
5.2e+07	5.3e+07	-0.663951943840541	-0.0802345941135336	-0.739338647911319
5.3e+07	5.4e+07	-0.717863267337215	-0.196302256793609	-0.690021748585146
5.4e+07	5.5e+07	-0.815578341109886	-0.480632388988498	-0.614471687417625
5.5e+07	5.6e+07	-0.875112990719601	-0.608360090360536	-0.578590714836569
5.6e+07	5.7e+07	-0.940201458092353	-0.749422101861936	-0.537912918427428
5.7e+07	5.8e+07	-0.993012910842863	-0.864703011814475	-0.504332165350771
5.8e+07	5.9e+07	-1.0505740383077	-0.990320792082721	-0.467942586210976
5.9e+07	6e+07	-1.12228829395619	-1.07419885904182	-0.425942915490553
6e+07	6.1e+07	-1.22106456308461	-1.15012128195306	-0.370000612278339
6.1e+07	6.2e+07	-1.3385753304414	-1.19807607456389	-0.305428324034938
6.2e+07	6.3e+07	-1.46404959086716	-1.2593068986486	-0.236162288691401
6.3e+07	6.4e+07	-1.60002494784049	-1.32466752959693	-0.161219126776994
6.4e+07	6.5e+07	-1.72762307860099	-1.38636522901182	-0.0906731821921039
6.5e+07	6.6e+07	-1.84750763625568	-1.43020864384386	-0.0105910609298095
6.6e+07	6.7e+07	-1.91924518453976	-1.43741358278564	0.0762619028628472
6.7e+07	6.8e+07	-1.92513892749934	-1.4058189367184	0.147386855292111
6.8e+07	6.9e+07	-1.86229939794189	-1.33066133519299	0.227746725147201
6.9e+07	7e+07	-1.76724570118352	-1.23095191324777	0.311167916696463
7e+07	7.1e+07	-1.68145341383982	-1.12847591457318	0.415655224077455
7.1e+07	7.2e+07	-1.59086929830343	-1.02695384482741	0.512751189878264
7.2e+07	7.3e+07	-1.50916658842762	-0.939962699235293	0.592168440303561
7.3e+07	7.4e+07	-1.43361728003944	-0.849653009684188	0.672441573530843
7.4e+07	7.5e+07	-1.36752803787488	-0.760108828454691	0.749106740892762
7.5e+07	7.6e+07	-1.3015030318354	-0.66296599878535	0.830697514834327
7.6e+07	7.7e+07	-1.23795636915475	-0.572516033912298	0.9072739873381
7.7e+07	7.8e+07	-1.17570962504796	-0.483526849428627	0.982423653495335
7.8e+07	7.9e+07	-1.11504626882637	-0.396636156621067	1.05591873667672
7.9e+07	8e+07	-1.04081399505903	-0.288529523167324	1.14345768586898
8e+07	8.1e+07	-0.973204967675857	-0.189244697272368	1.22222631012045
8.1e+07	8.2e+07	-0.905394488905744	-0.0907206664618065	1.29990304502119
8.2e+07	8.3e+07	-0.841740219476185	-0.00181481891871696	1.3731852512292
8.3e+07	8.4e+07	-0.772528760872347	0.0920937745500132	1.45250079067497
8.4e+07	8.5e+07	-0.700851104300551	0.188867625342207	1.5345761895436
8.5e+07	8.6e+07	-0.631718258846222	0.281821289309751	1.61345136965288
8.6e+07	8.7e+07	-0.5593160999679	0.379138919951059	1.69573664833907
8.7e+07	8.8e+07	-0.482434098040216	0.482158755687113	1.78287093131032
8.8e+07	8.9e+07	-0.413811670348253	0.56844397572209	1.88071908705685
8.9e+07	9e+07	-0.373029657359935	0.593574702956844	1.98374129739294
9e+07	9.1e+07	-0.354115988320903	0.569484891269083	2.09532196077033
9.1e+07	9.2e+07	-0.344540294852145	0.51602149719497	2.21430633089392
9.2e+07	9.3e+07	-0.329742393405707	0.469028473086055	2.3417444106288
9.3e+07	9.4e+07	-0.315469901649811	0.421909921337608	2.46711940929906
9.4e+07	9.5e+07	-0.301352642014418	0.373770952999283	2.59273549499185
9.5e+07	9.6e+07	-0.287147268367316	0.324197075148383	2.72119931073419
9.6e+07	9.7e+07	-0.272570104072528	0.273320708383622	2.85291488659564
9.7e+07	9.8e+07	-0.259625236687569	0.227913478810617	2.97033384081911
9.8e+07	9.9e+07	-0.245493889663581	0.17841169095745	3.09889708674907
9.9e+07	1e+08	-0.2301552805264	0.12521938863203	3.23723717065353
1e+08	1.01e+08	-0.213312564736433	0.0667173663124409	3.38947845136435
1.01e+08	1.02e+08	-0.198837381367006	0.0167024761173716	3.51983587765093
1.02e+08	1.03e+08	-0.184927884685771	-0.0317221667459337	3.64685931776503
1.03e+08	1.04e+08	-0.171857760950316	-0.0769419891898017	3.76635455408932
1.04e+08	1.05e+08	-0.189351495873495	-0.139666551621874	3.83778029353653
1.05e+08	1.06e+08	-0.247769685787756	-0.246783433154667	3.88368174626506
1.06e+08	1.07e+08	-0.336945564876901	-0.385676353844028	3.90804767847063
1.07e+08	1.08e+08	-0.420254342644506	-0.527559229190673	3.95366251336404
1.08e+08	1.09e+08	-0.48805723043407	-0.641900821194713	3.98882967114974
1.09e+08	1.1e+08	-0.548164452127564	-0.743322304881658	4.01930090513024
1.1e+08	1.11e+08	-0.611351318827956	-0.850143464052879	4.05113266088887
1.11e+08	1.12e+08	-0.672110389423169	-0.953149549980103	4.0821019257223
1.12e+08	1.13e+08	-0.736133110543284	-1.06172597580082	4.11481122049272
1.13e+08	1.14e+08	-0.802882939390111	-1.17502340581065	4.14900213594536
1.14e+08	1.15e+08	-0.869573469546089	-1.28848895800075	4.18321098896281
1.15e+08	1.16e+08	-0.935225613075756	-1.40056701327154	4.21696743164263
1.16e+08	1.17e+08	-0.996169486735167	-1.50487401224095	4.24838366502266
1.17e+08	1.18e+08	-1.05542067266347	-1.60668171699012	4.27914138810293
1.18e+08	1.19e+08	-1.11640252399968	-1.71161343989921	4.31095532151184
1.19e+08	1.2e+08	-1.17698311670398	-1.8162968131813	4.34263842757579
1.2e+08	1.21e+08	-1.2450686518243	-1.90329159569308	4.3525097127146
1.21e+08	1.22e+08	-1.32923220794495	-1.97561165828348	4.33493808031674
1.22e+08	1.23e+08	-1.42487412340922	-2.03317821525673	4.29450816908622
1.23e+08	1.24e+08	-1.5271561359814	-2.10065440140437	4.25636137316173
1.24e+08	1.25e+08	-1.57506697267443	-2.13293361560918	4.23907516128159
